=~=~=~=~=~=~=~=~=~=~=~= PuTTY log 2024.12.02 12:20:30 =~=~=~=~=~=~=~=~=~=~=~=
1323
0.00
29681
	
1323
0.00
29684
	
1322
0.00
29686
	
1317
0.00
29687
	
1315
0.00
29689
	
1322
0.00
29691
	
1327
0.21
29715
	
1345
0.21
29839
	
1344
28.22
29863
	
1344
28.22
29864
	
1344
28.50
29888
	
1344
28.50
29889
	
1342
28.55
29913
	
1348
28.55
29914
	
1346
18.16
29938
	
1344
18.16
29939
	
1330
3.27
29964
	
1325
3.27
29965
	
1324
0.26
30111
	
1318
0.26
30112
	
1323
0.12
30137
	
1327
0.12
30138
	
1323
0.14
30162
	
1327
0.14
30163
	
1323
0.15
30187
	
1323
0.15
30188
	
1315
0.20
30212
	
1323
0.20
30213
	
1317
0.34
30237
	
1315
0.34
30238
	
1323
0.00
30385
	
1315
0.00
30386
	
1322
0.00
30410
	
1323
0.00
30411
	
1322
0.00
30435
	
1321
0.00
30436
	
1322
0.00
30460
	
1323
0.00
30461
	
1325
0.00
30486
	
1318
0.00
30487
	
1312
0.00
30511
	
1321
0.00
30512
	
1322
0.00
30659
	
1326
0.00
30660
	
1324
0.00
30684
	
1322
0.00
30685
	
1319
0.00
30709
	
1322
0.00
30734
	
1328
0.00
30735
	
1340
9.23
30759
	
1339
9.23
30760
	
1347
23.22
30784
	
1347
23.22
30785
	
1343
27.83
30810
	
1344
27.83
30811
	
1343
35.09
30957
	
1344
35.09
30958
	
1345
34.70
30983
	
1341
34.70
30984
	
1338
30.04
31008
	
1342
30.04
31009
	
1343
12.05
31033
	
1329
12.05
31034
	
1330
2.82
31058
	
1319
2.82
31059
	
1325
26.52
31206
	
1325
26.52
31207
	
1322
24.89
31231
	
1312
24.89
31232
	
1320
22.71
31256
	
1327
22.71
31257
	
1322
21.35
31281
	
1318
21.35
31282
	
1321
20.92
31307
	
1324
20.92
31308
	
1323
25.45
31454
	
1317
25.45
31455
	
1321
26.69
31480
	
1318
26.69
31481
	
1321
25.69
31505
	
1322
25.69
31506
	
1326
23.09
31530
	
1314
23.09
31531
	
1317
22.24
31555
	
1317
22.24
31556
	
1325
26.03
31703
	
1326
26.03
31704
	
1325
26.36
31728
	
1323
26.36
31729
	
1323
26.45
31753
	
1325
27.39
31778
	
1328
27.39
31779
	
1335
44.03
31804
	
1335
44.03
31805
	
1333
57.37
31829
	
1339
57.37
31830
	
1337
52.14
31854
	
1333
23.56
31999
	
1318
23.56
32000
	
1322
23.57
32024
	
1318
23.57
32025
	
1320
23.68
32049
	
1319
23.68
32050
	
1324
23.54
32074
	
1322
23.54
32075
	
1321
23.16
32099
	
1323
23.16
32100
	
1324
22.73
32247
	
1325
22.73
32248
	
1316
22.33
32272
	
1324
22.33
32273
	
1322
21.96
32297
	
1323
21.96
32298
	
1312
22.37
32323
	
1319
22.37
32324
	
1319
22.98
32348
	
1325
22.98
32349
	
1318
23.09
32496
	
1325
23.09
32497
	
1322
22.94
32521
	
1323
22.94
32522
	
1321
23.82
32546
	
1322
23.82
32547
	
1322
23.99
32571
	
1321
23.99
32572
	
1318
24.34
32596
	
1318
24.34
32597
	
1313
26.54
32744
	
1321
26.54
32745
	
1321
27.06
32769
	
1319
27.06
32770
	
1318
26.96
32794
	
1323
26.98
32820
	
1322
26.98
32821
	
1323
29.21
32845
	
1334
29.21
32846
	
1337
51.01
32870
	
1345
51.01
32871
	
1338
60.63
32895
	
1346
24.67
33040
	
1314
24.67
33041
	
1314
23.76
33065
	
1323
23.76
33066
	
1319
22.76
33090
	
1311
22.76
33091
	
1321
22.18
33115
	
1321
22.18
33116
	
1315
22.04
33140
	
1317
22.04
33141
	
1321
19.28
33288
	
1321
19.28
33289
	
1319
19.32
33313
	
1321
19.32
33314
	
1319
19.16
33338
	
1323
19.16
33339
	
1315
19.02
33364
	
1321
19.02
33365
	
1314
18.71
33389
	
1318
18.71
33390
	
1322
16.56
33537
	
1321
16.56
33538
	
1323
16.89
33562
	
1323
16.89
33563
	
1319
16.63
33587
	
1327
16.63
33588
	
1318
16.53
33612
	
1323
16.53
33613
	
1326
16.31
33637
	
1322
16.31
33638
	
1313
17.00
33785
	
1319
17.00
33786
	
1319
16.97
33810
	
1318
16.97
33811
	
1319
16.33
33835
	
1315
15.90
33861
	
1325
15.90
33862
	
1315
18.68
33886
	
1329
18.68
33887
	
1329
40.10
33911
	
1338
40.10
33912
	
1339
48.53
33936
	
1341
13.26
34081
	
1321
13.26
34082
	
1323
12.82
34106
	
1318
12.82
34107
	
1319
12.91
34131
	
1318
12.91
34132
	
1322
12.36
34156
	
1315
12.36
34157
	
1327
10.35
34181
	
1321
10.35
34182
	
1318
0.00
34329
	
1321
0.00
34330
	
1319
0.00
34354
	
1319
0.00
34355
	
1317
0.00
34380
	
1321
0.00
34381
	
1311
0.00
34405
	
1315
0.00
34406
	
1321
0.00
34430
	
1319
0.00
34431
	
1316
0.00
34455
	
1315
0.00
34456
	
1320
0.00
34603
	
1319
0.00
34604
	
1319
0.00
34628
	
1319
0.00
34629
	
1322
0.00
34653
	
1319
0.00
34654
	
1322
0.00
34678
	
1318
0.00
34679
	
1324
0.00
34704
	
1318
0.00
34705
	
1324
0.00
34729
	
1313
0.00
34730
	
1321
0.00
34877
	
1321
0.00
34878
	
1322
0.00
34905
	
1327
0.00
34906
	
1333
4.11
34930
	
1342
4.11
34931
	
1339
23.20
34955
	
1345
23.20
34956
	
1335
28.79
34980
	
1343
28.79
34981
	
1341
29.89
35006
	
1339
29.89
35130
	
1345
30.32
35153
	
1346
30.32
35154
	
1341
29.43
35179
	
1343
29.43
35180
	
1346
15.69
35204
	
1334
15.69
35205
	
1332
1.36
35229
	
1323
1.36
35230
	
1323
0.00
35254
	
1323
0.00
35255
	
1311
0.00
35402
	
1318
0.00
35403
	
1325
0.00
35427
	
1322
0.00
35428
	
1322
0.00
35452
	
1313
0.00
35453
	
1318
0.00
35477
	
1319
0.00
35478
	
1315
0.00
35503
	
1321
0.00
35504
	
1319
0.00
35528
	
1319
0.00
35529
	
1317
0.53
35676
	
1315
0.53
35677
	
1318
1.91
35701
	
1319
1.91
35702
	
1322
4.04
35726
	
1328
4.04
35727
	
1320
6.27
35751
	
1322
6.27
35752
	
1323
9.22
35776
	
1318
9.22
35777
	
1319
11.16
35801
	
1322
11.16
35802
	
1318
14.05
35949
	
1321
14.05
35950
	
1315
13.59
35974
	
1333
13.59
35975
	
1338
27.16
36000
	
1328
27.16
36001
	
1335
45.48
36025
	
1342
45.48
36026
	
1339
48.75
36050
	
1341
48.75
36051
	
1318
8.90
36198
	
1323
8.90
36199
	
1318
8.93
36223
	
1315
8.93
36224
	
1322
8.40
36248
	
1319
8.40
36249
	
1318
7.54
36273
	
1319
7.54
36274
	
1319
7.46
36298
	
1310
7.46
36299
	
1313
7.63
36324
	
1318
7.63
36325
	
1319
6.73
36471
	
1319
6.73
36472
	
1319
6.48
36497
	
1318
6.48
36498
	
1321
6.35
36522
	
1315
6.35
36523
	
1315
6.00
36547
	
1321
6.00
36548
	
1313
5.80
36572
	
1313
5.80
36573
	
1323
5.10
36597
	
1315
5.10
36598
	
1323
5.80
36745
	
1325
5.80
36746
	
1319
5.71
36770
	
1321
5.71
36771
	
1315
6.18
36795
	
1321
6.18
36796
	
1321
6.18
36821
	
1322
6.18
36822
	
1323
7.38
36846
	
1322
7.38
36847
	
1321
8.22
36871
	
1326
8.22
36872
	
1319
7.00
37019
	
1320
7.00
37020
	
1318
7.48
37047
	
1331
7.48
37048
	
1330
15.51
37072
	
1330
15.51
37073
	
1338
37.04
37097
	
1341
37.04
37098
	
1338
42.56
37123
	
1337
42.56
37124
	
1328
39.02
37148
	
1336
39.02
37272
	
1315
6.63
37296
	
1318
6.63
37297
	
1318
6.33
37321
	
1322
6.33
37322
	
1321
6.55
37346
	
1323
6.55
37347
	
1322
6.70
37371
	
1318
6.70
37372
	
1319
6.54
37396
	
1317
6.54
37397
	
1317
5.85
37544
	
1315
5.85
37545
	
1318
5.86
37569
	
1313
5.86
37570
	
1324
5.94
37594
	
1318
5.94
37595
	
1317
5.78
37620
	
1318
5.78
37621
	
1325
6.64
37645
	
1318
6.64
37646
	
1318
7.56
37670
	
1318
7.56
37671
	
1317
7.41
37818
	
1319
7.41
37819
	
1317
7.59
37843
	
1315
7.59
37844
	
1309
7.42
37868
	
1318
7.42
37869
	
1318
7.63
37893
	
1322
7.63
37894
	
1322
7.90
37918
	
1322
7.90
37919
	
1322
8.05
37944
	
1322
8.05
37945
	
1319
8.56
38091
	
1319
8.56
38092
	
1318
9.10
38117
	
1328
9.10
38118
	
1323
24.13
38142
	
1337
24.13
38143
	
1333
39.35
38167
	
1341
39.35
38168
	
1340
42.86
38192
	
1338
42.86
38193
	
1344
33.58
38217
	
1333
7.40
38362
	
1322
7.40
38363
	
1324
7.25
38387
	
1327
7.25
38388
	
1317
7.46
38412
	
1321
7.46
38413
	
1315
7.14
38437
	
1319
7.14
38438
	
1318
7.20
38463
	
1317
7.20
38464
	
1319
7.32
38488
	
1317
7.32
38489
	
1322
7.35
38636
	
1321
7.35
38637
	
1319
7.25
38661
	
1321
7.25
38662
	
1319
7.06
38686
	
1318
7.06
38687
	
1319
7.09
38711
	
1318
7.09
38712
	
1316
7.19
38736
	
1322
7.19
38737
	
1318
7.35
38761
	
1317
7.35
38762
	
1303
7.86
38909
	
1309
7.86
38910
	
1313
7.58
38934
	
1323
7.58
38935
	
1314
7.18
38960
	
1318
7.18
38961
	
1314
7.09
38985
	
1319
7.09
38986
	
1319
7.70
39010
	
1319
7.70
39011
	
1321
8.02
39035
	
1321
8.02
39036
	
1318
8.59
39183
	
1324
8.59
39184
	
1319
8.57
39211
	
1328
8.57
39212
	
1329
18.82
39236
	
1331
18.82
39237
	
1331
37.75
39262
	
1336
37.75
39263
	
1337
42.86
39287
	
1336
42.86
39288
	
1337
37.37
39312
	
1343
37.37
39436
	
1327
7.63
39460
	
1317
7.63
39461
	
1312
7.37
39485
	
1323
7.37
39486
	
1321
7.30
39510
	
1311
7.30
39511
	
1321
6.94
39535
	
1322
6.94
39536
	
1322
6.23
39560
	
1318
6.23
39561
	
1318
7.13
39708
	
1325
7.13
39709
	
1319
7.24
39733
	
1319
7.24
39734
	
1316
7.22
39759
	
1315
7.22
39760
	
1316
6.88
39784
	
1319
6.88
39785
	
1319
7.06
39809
	
1313
7.06
39810
	
1321
7.51
39834
	
1319
7.51
39835
	
1318
7.64
39982
	
1323
7.64
39983
	
1322
7.60
40007
	
1324
7.60
40008
	
1319
7.38
40032
	
1326
7.38
40033
	
1318
7.31
40057
	
1322
7.31
40058
	
1314
7.38
40083
	
1314
7.38
40084
	
1313
7.31
40108
	
1323
7.31
40109
	
1317
7.44
40256
	
1317
7.44
40257
	
1318
7.22
40284
	
1322
7.22
40285
	
1323
12.17
40309
	
1334
12.17
40310
	
1333
33.80
40334
	
1340
33.80
40335
	
1341
41.58
40359
	
1331
41.58
40360
	
1337
39.86
40385
	
1343
39.86
40509
	
1321
6.01
40532
	
1321
6.01
40533
	
1312
6.68
40558
	
1322
6.68
40559
	
1316
6.85
40583
	
1316
6.85
40584
	
1319
6.62
40608
	
1318
6.62
40609
	
1313
6.35
40633
	
1316
6.35
40634
	
1315
6.49
40658
	
1311
6.49
40782
	
1316
4.38
40806
	
1314
4.38
40807
	
1315
4.41
40831
	
1323
4.41
40832
	
1317
4.34
40856
	
1321
4.34
40857
	
1319
4.39
40881
	
1318
4.39
40882
	
1319
4.56
40907
	
1321
4.56
40908
	
1310
5.10
41054
	
1322
5.10
41055
	
1315
5.32
41080
	
1323
5.32
41081
	
1319
5.40
41105
	
1318
5.40
41106
	
1317
5.79
41130
	
1318
5.79
41131
	
1319
6.05
41155
	
1315
6.05
41156
	
1316
6.42
41180
	
1317
6.42
41181
	
1311
6.72
41328
	
1317
6.72
41329
	
1321
7.19
41353
	
1330
7.19
41354
	
1328
19.35
41378
	
1329
19.35
41379
	
1335
37.62
41404
	
1344
37.62
41405
	
1346
41.93
41429
	
1343
41.93
41430
	
1344
34.55
41454
	
1346
34.55
41578
	
1318
5.95
41602
	
1321
5.95
41603
	
1311
6.17
41627
	
1321
6.17
41628
	
1318
6.11
41652
	
1312
6.11
41653
	
1310
6.19
41677
	
1315
6.19
41678
	
1319
6.82
41702
	
1307
6.82
41703
	
1321
6.75
41850
	
1318
6.75
41851
	
1317
6.97
41875
	
1319
6.97
41876
	
1319
6.91
41901
	
1318
6.91
41902
	
1316
6.65
41926
	
1319
6.65
41927
	
1318
6.79
41951
	
1314
6.79
41952
	
1317
7.28
41976
	
1319
7.28
41977
	
1316
8.37
42124
	
1317
8.37
42125
	
1323
8.50
42149
	
1323
8.50
42150
	
1321
8.34
42174
	
1316
8.34
42175
	
1321
8.33
42199
	
1315
8.33
42200
	
1318
8.34
42225
	
1317
8.34
42226
	
1315
8.76
42250
	
1314
8.76
42251
	
1319
8.81
42398
	
1323
8.81
42399
	
1318
8.26
42426
	
1323
8.26
42427
	
1326
13.15
42451
	
1328
13.15
42452
	
1329
33.58
42476
	
1341
33.58
42477
	
1328
40.63
42501
	
1338
40.63
42502
	
1337
39.00
42527
	
1344
39.00
42651
	
1321
5.81
42674
	
1319
5.81
42675
	
1319
6.03
42700
	
1316
6.03
42701
	
1315
5.98
42725
	
1323
5.98
42726
	
1312
6.46
42750
	
1318
6.46
42751
	
1317
6.45
42775
	
1313
6.45
42776
	
1316
6.40
42800
	
1318
6.40
42924
	
1319
7.43
42948
	
1315
7.43
42949
	
1313
7.12
42973
	
1319
7.12
42974
	
1319
7.44
42998
	
1319
7.44
42999
	
1315
7.58
43024
	
1319
7.58
43025
	
1318
7.74
43049
	
1322
7.74
43050
	
1319
8.22
43197
	
1311
8.22
43198
	
1318
8.10
43222
	
1316
8.10
43223
	
1321
7.84
43247
	
1311
7.84
43248
	
1315
7.70
43272
	
1314
7.70
43273
	
1317
7.91
43297
	
1317
7.91
43298
	
1318
7.69
43322
	
1317
7.69
43323
	
1321
7.33
43470
	
1318
7.33
43471
	
1318
7.68
43495
	
1339
7.68
43496
	
1320
22.16
43521
	
1333
22.16
43522
	
1334
39.38
43546
	
1330
39.38
43547
	
1342
43.10
43571
	
1343
43.10
43572
	
1344
34.38
43596
	
1338
34.38
43720
	
1318
7.01
43744
	
1322
7.01
43745
	
1321
7.23
43769
	
1326
7.23
43770
	
1318
7.03
43794
	
1322
7.03
43795
	
1309
7.10
43819
	
1311
7.10
43820
	
1319
6.77
43845
	
1313
6.77
43846
	
1313
7.63
43992
	
1318
7.63
43993
	
1320
7.62
44018
	
1319
7.62
44019
	
1314
7.50
44043
	
1318
7.50
44044
	
1320
7.03
44068
	
1319
7.03
44069
	
1319
7.15
44093
	
1316
7.15
44094
	
1315
7.22
44118
	
1318
7.22
44119
	
1322
7.77
44266
	
1316
7.77
44267
	
1317
8.00
44291
	
1314
8.00
44292
	
1318
8.11
44316
	
1319
8.11
44317
	
1324
8.14
44342
	
1319
8.14
44343
	
1323
8.54
44367
	
1322
8.54
44368
	
1317
8.77
44392
	
1321
8.77
44393
	
1311
8.41
44540
	
1308
8.41
44541
	
1312
8.11
44568
	
1326
8.11
44569
	
1335
15.94
44593
	
1339
15.94
44594
	
1335
37.15
44618
	
1344
37.15
44619
	
1341
42.71
44644
	
1338
42.71
44645
	
1329
38.54
44669
	
1340
38.54
44793
	
1319
4.14
44817
	
1318
4.14
44818
	
1322
4.26
44842
	
1321
4.26
44843
	
1323
4.75
44867
	
1318
4.75
44868
	
1317
4.82
44892
	
1323
4.82
44893
	
1319
4.71
44917
	
1323
4.71
44918
	
1319
4.91
44942
	
1320
4.91
45066
	
1326
5.64
45090
	
1309
5.64
45091
	
1321
4.98
45115
	
1322
4.98
45116
	
1312
4.95
45140
	
1323
4.95
45141
	
1318
5.17
45166
	
1325
5.17
45167
	
1319
5.40
45191
	
1321
5.40
45192
	
1314
4.32
45339
	
1321
4.32
45340
	
1312
4.22
45364
	
1318
4.22
45365
	
1319
4.53
45389
	
1317
4.53
45390
	
1314
4.60
45414
	
1315
4.60
45415
	
1319
4.55
45439
	
1306
4.55
45440
	
1315
4.51
45464
	
1315
4.51
45465
	
1325
2.12
45612
	
1318
2.12
45613
	
1322
1.57
45637
	
1324
1.57
45638
	
1318
2.04
45663
	
1328
2.04
45664
	
1329
19.16
45688
	
1328
19.16
45689
	
1328
27.65
45713
	
1341
27.65
45714
	
1339
28.47
45738
	
1333
28.47
45862
	
1347
30.14
45886
	
1342
30.14
45888
	
1339
30.11
45911
	
1345
30.11
45912
	
1347
21.15
45936
	
1347
21.15
45937
	
1329
4.68
45961
	
1325
4.68
45962
	
1328
0.04
45987
	
1317
0.04
45988
	
1319
0.00
46134
	
1319
0.00
46135
	
1322
0.00
46160
	
1321
0.00
46161
	
1319
0.00
46185
	
1319
0.00
46186
	
1321
0.00
46210
	
1318
0.00
46211
	
1318
0.00
46235
	
1319
0.00
46236
	
1318
0.00
46260
	
1317
0.00
46261
	
1314
0.05
46408
	
1317
0.05
46409
	
1311
0.29
46433
	
1312
0.29
46434
	
1320
0.19
46458
	
1315
0.19
46459
	
1323
0.10
46484
	
1310
0.10
46485
	
1323
0.24
46509
	
1321
0.24
46510
	
1325
0.26
46534
	
1319
0.26
46535
	
1309
0.24
46682
	
1313
0.24
46683
	
1317
0.05
46710
	
1326
0.05
46711
	
1327
8.67
46735
	
1340
8.67
46736
	
1331
25.15
46760
	
1345
25.15
46761
	
1338
28.45
46785
	
1344
28.45
46786
	
1347
29.38
46811
	
1341
29.38
46935
	
1335
30.32
46958
	
1331
30.32
46960
	
1344
30.40
46984
	
1334
30.40
46985
	
1339
26.41
47009
	
1342
26.41
47010
	
1337
8.25
47034
	
1328
8.25
47035
	
1321
0.33
47059
	
1318
0.33
47060
	
1318
0.00
47207
	
1321
0.00
47208
	
1312
0.00
47232
	
1327
0.00
47233
	
1306
0.00
47257
	
1302
0.00
47258
	
1313
0.00
47282
	
1318
0.00
47283
	
1319
0.00
47308
	
1319
0.00
47309
	
1318
0.03
47333
	
1318
0.03
47334
	
1312
0.26
47481
	
1318
0.26
47482
	
1321
0.27
47506
	
1318
0.27
47507
	
1318
0.00
47531
	
1318
0.00
47532
	
1311
0.53
47556
	
1313
0.53
47557
	
1314
0.65
47581
	
1315
0.65
47582
	
1322
0.14
47606
	
1318
0.14
47607
	
1321
0.47
47754
	
1317
0.47
47755
	
1318
0.42
47779
	
1321
0.42
47780
	
1316
2.30
47805
	
1331
2.30
47806
	
1335
19.95
47830
	
1335
19.95
47831
	
1331
27.79
47855
	
1347
27.79
47856
	
1344
29.10
47880
	
1338
29.10
48004
	
1344
30.56
48028
	
1343
30.56
48030
	
1343
30.37
48053
	
1344
30.37
48054
	
1347
19.94
48078
	
1333
19.94
48079
	
1330
3.76
48103
	
1323
3.76
48104
	
1322
0.00
48129
	
1319
0.00
48130
	
