=~=~=~=~=~=~=~=~=~=~=~= PuTTY log 2024.12.02 12:18:47 =~=~=~=~=~=~=~=~=~=~=~=
1322
0.00
22634
	
1314
0.00
22637
	
1325
0.00
22639
	
1327
0.00
22640
	
1322
0.00
22642
	
1322
0.00
22644
	
1328
0.15
22668
	
1346
0.15
22792
	
1347
28.62
22816
	
1348
28.62
22817
	
1350
28.85
22841
	
1347
28.85
22842
	
1348
28.90
22866
	
1351
28.90
22867
	
1358
19.12
22891
	
1345
19.12
22892
	
1341
4.37
22917
	
1325
4.37
22918
	
1328
0.69
23064
	
1327
0.69
23065
	
1324
0.62
23090
	
1315
0.62
23091
	
1321
0.42
23115
	
1323
0.42
23116
	
1323
0.46
23140
	
1325
0.46
23141
	
1325
0.46
23165
	
1326
0.46
23166
	
1321
0.37
23190
	
1322
0.37
23191
	
1322
0.19
23338
	
1327
0.19
23339
	
1321
0.19
23363
	
1325
0.19
23364
	
1327
0.28
23388
	
1326
0.28
23389
	
1321
0.41
23414
	
1321
0.41
23415
	
1323
0.37
23439
	
1327
0.37
23440
	
1325
0.37
23464
	
1325
0.37
23465
	
1323
0.29
23612
	
1327
0.29
23613
	
1326
0.38
23637
	
1324
0.38
23638
	
1317
0.40
23662
	
1318
0.58
23687
	
1345
0.58
23688
	
1327
11.97
23712
	
1344
11.97
23713
	
1335
25.32
23738
	
1350
25.32
23739
	
1345
28.24
23763
	
1345
28.24
23887
	
1355
29.67
23911
	
1344
29.67
23913
	
1349
29.71
23936
	
1344
29.71
23937
	
1345
26.29
23961
	
1344
26.29
23962
	
1332
8.98
23986
	
1332
8.98
23987
	
1330
1.26
24011
	
1326
1.26
24012
	
1323
0.00
24159
	
1326
0.00
24160
	
1326
0.00
24184
	
1319
0.00
24185
	
1325
0.00
24209
	
1319
0.00
24210
	
1328
0.00
24235
	
1327
0.00
24236
	
1327
0.00
24260
	
1327
0.00
24261
	
1324
0.00
24285
	
1315
0.00
24286
	
1323
0.00
24433
	
1326
0.00
24434
	
1326
0.00
24458
	
1325
0.00
24459
	
1327
0.00
24483
	
1322
0.00
24484
	
1323
0.00
24508
	
1321
0.00
24509
	
1323
0.00
24533
	
1325
0.00
24534
	
1325
0.00
24559
	
1328
0.00
24560
	
1322
0.00
24706
	
1323
0.00
24707
	
1324
0.00
24732
	
1327
0.00
24733
	
1326
0.00
24757
	
1343
0.00
24758
	
1334
17.49
24782
	
1347
17.49
24783
	
1346
26.32
24807
	
1344
26.32
24808
	
1343
27.76
24832
	
1342
27.76
24956
	
1346
28.28
24980
	
1345
28.28
24982
	
1352
28.69
25005
	
1346
28.69
25006
	
1351
19.55
25031
	
1339
19.55
25032
	
1342
2.98
25056
	
1331
2.98
25057
	
1327
0.00
25081
	
1328
0.00
25082
	
1327
8.81
25229
	
1324
8.81
25230
	
1325
8.97
25254
	
1322
8.97
25255
	
1317
9.22
25279
	
1323
9.22
25280
	
1318
7.83
25304
	
1322
7.83
25305
	
1328
10.15
25329
	
1322
10.15
25330
	
1319
14.78
25355
	
1327
14.78
25356
	
1323
23.70
25502
	
1325
23.70
25503
	
1322
24.97
25528
	
1325
24.97
25529
	
1323
24.94
25553
	
1327
24.94
25554
	
1328
23.78
25578
	
1325
23.78
25579
	
1311
22.13
25603
	
1324
22.13
25604
	
1327
13.60
25751
	
1327
13.60
25752
	
1321
12.48
25779
	
1328
12.48
25780
	
1328
18.22
25804
	
1335
18.22
25805
	
1343
39.00
25830
	
1351
39.00
25831
	
1344
46.56
25855
	
1344
46.56
25856
	
1344
48.42
25880
	
1342
48.42
26004
	
1346
51.06
26028
	
1349
51.06
26030
	
1346
51.74
26053
	
1345
51.74
26054
	
1347
48.82
26078
	
1351
48.82
26079
	
1346
28.58
26103
	
1330
28.58
26104
	
1329
14.10
26128
	
1323
14.10
26129
	
1314
13.61
26276
	
1323
13.61
26277
	
1322
13.82
26302
	
1326
13.82
26303
	
1325
13.67
26327
	
1327
13.67
26328
	
1325
14.02
26352
	
1321
14.02
26353
	
1323
14.40
26377
	
1323
14.40
26378
	
1321
14.39
26525
	
1323
14.39
26526
	
1318
14.95
26550
	
1312
14.95
26551
	
1321
15.35
26575
	
1324
15.35
26576
	
1319
15.65
26600
	
1318
15.65
26601
	
1324
15.83
26626
	
1322
15.83
26627
	
1321
17.25
26773
	
1323
17.25
26774
	
1322
17.53
26799
	
1326
17.99
26824
	
1332
17.99
26825
	
1328
28.90
26849
	
1335
28.90
26850
	
1340
50.51
26874
	
1344
50.51
26875
	
1336
57.08
26899
	
1346
57.08
26900
	
1344
58.33
26924
	
1344
57.58
27069
	
1347
57.58
27070
	
1345
57.12
27094
	
1347
57.12
27095
	
1342
52.85
27119
	
1354
52.85
27120
	
1346
30.71
27145
	
1329
30.71
27146
	
1330
17.15
27170
	
1324
17.15
27171
	
1327
13.79
27318
	
1323
13.79
27319
	
1325
13.62
27343
	
1315
13.62
27344
	
1327
12.99
27368
	
1328
12.99
27369
	
1323
13.33
27393
	
1323
13.33
27394
	
1323
12.66
27418
	
1319
12.66
27419
	
1319
12.18
27566
	
1322
12.18
27567
	
1328
12.41
27591
	
1322
12.41
27592
	
1318
12.44
27617
	
1319
12.44
27618
	
1317
12.25
27642
	
1314
12.25
27643
	
1323
12.07
27667
	
1328
12.07
27668
	
1321
13.18
27815
	
1327
13.18
27816
	
1322
13.14
27840
	
1322
13.52
27865
	
1334
13.52
27866
	
1328
24.03
27890
	
1338
24.03
27891
	
1331
44.54
27915
	
1342
44.54
27916
	
1344
50.94
27941
	
1347
50.94
27942
	
1351
52.21
27966
	
1343
50.88
28110
	
1344
50.88
28111
	
1346
50.63
28136
	
1342
50.63
28137
	
1344
46.56
28161
	
1345
46.56
28162
	
1343
25.19
28186
	
1328
25.19
28187
	
1327
12.81
28211
	
1328
12.81
28212
	
1325
9.48
28359
	
1318
9.48
28360
	
1313
9.69
28384
	
1324
9.69
28385
	
1321
9.49
28409
	
1321
9.49
28410
	
1326
9.42
28434
	
1322
9.42
28435
	
1319
9.55
28460
	
1325
9.55
28461
	
1324
9.58
28485
	
1323
9.58
28486
	
1322
9.48
28633
	
1323
9.48
28634
	
1325
9.64
28658
	
1319
9.64
28659
	
1322
9.64
28683
	
1315
9.64
28684
	
1317
9.63
28708
	
1315
9.63
28709
	
1322
9.75
28733
	
1326
9.75
28734
	
1322
10.09
28758
	
1327
10.09
28759
	
1323
11.55
28906
	
1322
11.55
28907
	
1322
11.55
28931
	
1319
11.55
28932
	
1325
13.19
28957
	
1333
13.19
28958
	
1340
34.47
28982
	
1337
34.47
28983
	
1337
47.16
29007
	
1349
47.16
29008
	
1352
50.21
29155
	
1350
50.21
29157
	
1346
49.91
29180
	
1346
49.91
29181
	
1347
42.09
29205
	
1348
42.09
29206
	
1348
20.44
29230
	
1328
20.44
29231
	
1328
10.89
29255
	
1328
10.89
29256
	
1321
8.35
29403
	
1320
8.35
29404
	
1321
8.21
29428
	
1319
8.21
29429
	
1319
8.28
29454
	
1322
8.28
29455
	
1319
7.76
29479
	
1323
7.76
29480
	
1328
6.55
29504
	
1326
6.55
29505
	
1318
6.38
29529
	
1326
6.38
29530
	
1324
3.08
29677
	
1315
3.08
29678
	
1321
2.70
29702
	
1323
2.70
29703
	
1319
3.34
29727
	
1319
3.34
29728
	
1323
2.95
29752
	
1323
2.95
29753
	
1328
1.79
29778
	
1321
1.79
29779
	
1323
1.11
29803
	
1322
1.11
29804
	
1323
1.10
29951
	
1328
1.10
29952
	
1321
1.31
29979
	
1328
1.31
29980
	
1328
5.47
30004
	
1342
5.47
30005
	
1341
22.45
30029
	
1350
22.45
30030
	
1347
27.53
30054
	
1344
27.53
30055
	
1344
28.19
30080
	
1354
28.19
30204
	
1356
33.30
30227
	
1344
33.30
30229
	
1351
35.74
30253
	
1346
35.74
30254
	
1340
35.97
30278
	
1343
35.97
30279
	
1346
20.46
30303
	
1331
20.46
30304
	
1337
10.98
30328
	
1327
10.98
30329
	
1323
18.38
30476
	
1323
18.38
30477
	
1324
19.76
30501
	
1323
19.76
30502
	
1319
20.38
30526
	
1319
20.38
30527
	
1321
20.03
30551
	
1315
20.03
30552
	
1318
18.94
30577
	
1313
18.94
30578
	
1323
13.54
30724
	
1325
13.54
30725
	
1323
13.07
30750
	
1325
13.07
30751
	
1323
14.11
30775
	
1322
14.11
30776
	
1319
15.69
30800
	
1324
15.69
30801
	
1327
16.22
30825
	
1323
16.22
30826
	
1316
13.90
30973
	
1327
13.90
30974
	
1325
14.12
30998
	
1321
14.22
31023
	
1329
14.22
31024
	
1329
23.85
31048
	
1337
23.85
31049
	
1343
44.81
31074
	
1344
44.81
31075
	
1347
51.54
31099
	
1345
51.54
31100
	
1345
52.74
31124
	
1351
53.55
31269
	
1346
53.55
31270
	
1347
53.68
31294
	
1344
53.68
31295
	
1339
49.90
31319
	
1345
49.90
31320
	
1343
29.09
31344
	
1326
29.09
31345
	
1331
16.35
31369
	
1328
16.35
31370
	
1327
11.83
31517
	
1325
11.83
31518
	
1322
10.64
31542
	
1322
10.64
31543
	
1327
11.52
31567
	
1319
11.52
31568
	
1323
12.72
31593
	
1317
12.72
31594
	
1323
13.28
31618
	
1328
13.28
31619
	
1323
15.61
31766
	
1327
15.61
31767
	
1323
15.80
31791
	
1322
15.80
31792
	
1326
16.04
31816
	
1323
16.04
31817
	
1323
16.55
31841
	
1323
16.55
31842
	
1323
17.17
31866
	
1325
17.17
31867
	
1324
13.71
32014
	
1317
13.71
32015
	
1325
13.75
32039
	
1325
13.78
32065
	
1334
13.78
32066
	
1338
24.51
32090
	
1343
24.51
32091
	
1344
44.56
32115
	
1342
44.56
32116
	
1354
49.28
32140
	
1344
49.28
32141
	
1344
49.74
32165
	
1350
45.92
32310
	
1345
45.92
32311
	
1343
43.97
32335
	
1346
43.97
32336
	
1343
37.98
32360
	
1344
37.98
32361
	
1339
14.64
32385
	
1328
14.64
32386
	
1333
2.05
32411
	
1327
2.05
32412
	
1327
0.00
32436
	
1325
0.00
32560
	
1328
0.00
32584
	
1322
0.00
32585
	
1326
0.00
32609
	
1321
0.00
32610
	
1323
0.00
32634
	
1322
0.00
32635
	
1319
0.00
32659
	
1322
0.00
32660
	
1321
0.00
32684
	
1327
0.00
32685
	
1325
0.13
32832
	
1323
0.13
32833
	
1319
0.14
32857
	
1322
0.14
32858
	
1321
0.15
32882
	
1326
0.15
32883
	
1323
0.06
32908
	
1325
0.06
32909
	
1328
0.13
32933
	
1324
0.13
32934
	
1323
0.25
32958
	
1327
0.25
32959
	
1321
0.61
33106
	
1325
0.61
33107
	
1326
0.47
33134
	
1326
0.47
33135
	
1334
3.06
33159
	
1342
3.06
33160
	
1337
23.08
33184
	
1341
23.08
33185
	
1339
31.20
33210
	
1344
31.20
33211
	
1344
32.78
33235
	
1344
32.78
33236
	
1351
32.36
33383
	
1349
32.36
33385
	
1350
32.38
33408
	
1350
32.38
33409
	
1349
19.44
33433
	
1334
19.44
33434
	
1338
3.34
33458
	
1328
3.34
33459
	
1328
0.00
33483
	
1328
0.00
33484
	
1329
0.00
33631
	
1323
0.00
33632
	
1323
0.00
33656
	
1323
0.00
33657
	
1325
0.00
33681
	
1325
0.00
33682
	
1325
0.00
33707
	
1322
0.00
33708
	
1330
0.10
33732
	
1326
0.10
33733
	
1322
0.00
33757
	
1328
0.00
33758
	
1315
0.43
33905
	
1325
0.43
33906
	
1319
0.45
33930
	
1322
0.45
33931
	
1326
0.46
33955
	
1321
0.46
33956
	
1325
0.49
33980
	
1324
0.49
33981
	
1325
0.42
34006
	
1324
0.42
34007
	
1328
0.48
34031
	
1324
0.48
34032
	
1325
0.88
34179
	
1327
0.88
34180
	
1325
0.93
34207
	
1344
0.93
34208
	
1339
13.05
34232
	
1342
13.05
34233
	
1341
29.61
34257
	
1341
29.61
34258
	
1343
33.90
34282
	
1347
33.90
34283
	
1346
34.44
34308
	
1347
34.44
34432
	
1338
34.52
34455
	
1347
34.52
34457
	
1347
34.82
34481
	
1346
34.82
34482
	
1347
27.58
34506
	
1342
27.58
34507
	
1343
6.77
34531
	
1328
6.77
34532
	
1328
0.00
34556
	
1325
0.00
34557
	
1322
0.00
34704
	
1322
0.00
34705
	
1326
0.00
34729
	
1324
0.00
34730
	
1322
0.00
34754
	
1318
0.00
34755
	
1322
0.00
34779
	
1317
0.00
34780
	
1326
0.00
34805
	
1321
0.00
34806
	
1323
0.05
34830
	
1324
0.05
34831
	
1324
16.45
34978
	
1326
16.45
34979
	
1321
16.56
35003
	
1323
16.56
35004
	
1326
16.17
35028
	
1325
16.17
35029
	
1327
14.81
35053
	
1326
14.81
35054
	
1317
14.39
35078
	
1322
14.39
35079
	
1322
13.97
35226
	
1324
13.97
35227
	
1321
13.91
35251
	
1325
14.09
35276
	
1326
14.09
35277
	
1327
18.61
35302
	
1332
18.61
35303
	
1341
41.56
35327
	
1342
41.56
35328
	
1344
51.01
35352
	
1344
51.01
35353
	
1343
53.09
35377
	
1351
50.41
35522
	
1345
50.41
35523
	
1342
49.64
35547
	
1358
49.64
35548
	
1347
36.46
35572
	
1335
36.46
35573
	
1343
17.67
35597
	
1326
17.67
35598
	
1328
11.71
35622
	
1327
11.71
35623
	
1327
10.27
35770
	
1322
10.27
35771
	
1323
10.76
35796
	
1322
10.76
35797
	
1317
10.82
35821
	
1322
10.82
35822
	
1316
10.58
35846
	
1315
10.58
35847
	
1316
10.28
35871
	
1319
10.28
35872
	
1327
10.36
36019
	
1319
10.36
36020
	
1325
10.73
36044
	
1326
10.73
36045
	
1318
10.75
36069
	
1323
10.75
36070
	
1326
10.91
36094
	
1323
10.91
36095
	
1319
10.83
36120
	
1322
10.83
36121
	
1322
11.63
36267
	
1318
11.63
36268
	
1318
11.37
36293
	
1322
11.69
36318
	
1329
11.69
36319
	
1329
17.31
36343
	
1337
17.31
36344
	
1334
39.88
36368
	
1342
39.88
36369
	
1343
46.74
36393
	
1339
46.74
36394
	
1341
47.78
36418
	
1346
45.33
36563
	
1346
45.33
36564
	
1344
45.05
36588
	
1350
45.05
36589
	
1341
30.66
36613
	
1339
30.66
36614
	
1341
11.53
36639
	
1325
11.53
36640
	
1328
6.53
36664
	
1326
6.53
36665
	
1325
7.30
36689
	
1325
7.30
36813
	
1324
7.71
36837
	
1323
7.71
36838
	
1323
7.07
36862
	
1320
7.07
36863
	
1318
7.61
36887
	
1319
7.61
36888
	
1319
8.20
36912
	
1315
8.20
36913
	
1317
8.74
36937
	
1317
8.74
36938
	
1318
8.71
37085
	
1321
8.71
37086
	
1324
8.30
37110
	
1321
8.30
37111
	
1322
8.14
37136
	
1318
8.14
37137
	
1321
8.55
37161
	
1326
8.55
37162
	
1316
8.78
37186
	
1322
8.78
37187
	
1323
8.71
37211
	
1317
8.71
37212
	
1323
9.23
37359
	
1321
9.23
37360
	
1322
9.99
37387
	
1329
9.99
37388
	
1335
23.52
37412
	
1344
23.52
37413
	
1335
41.85
37438
	
1341
41.85
37439
	
1344
47.03
37463
	
1335
47.03
37464
	
1341
48.32
37488
	
1343
48.32
37612
	
1345
47.71
37636
	
1351
47.71
37638
	
1346
47.00
37661
	
1346
47.00
37662
	
1353
38.23
37686
	
1344
38.23
37687
	
1343
16.38
37711
	
1328
16.38
37712
	
1328
6.54
37736
	
1323
6.54
37737
	
1323
3.41
37884
	
1321
3.41
37885
	
1323
3.71
37909
	
1323
3.71
37910
	
1327
3.55
37935
	
1322
3.55
37936
	
1325
3.52
37960
	
1323
3.52
37961
	
1325
3.91
37985
	
1327
3.91
37986
	
1322
3.93
38010
	
1326
3.93
38011
	
1323
6.80
38158
	
1318
6.80
38159
	
1325
7.04
38183
	
1317
7.04
38184
	
1322
7.02
38208
	
1322
7.02
38209
	
1324
6.86
38233
	
1323
6.86
38234
	
1322
7.74
38259
	
1322
7.74
38260
	
1324
8.25
38284
	
1322
8.25
38285
	
1319
7.96
38432
	
1321
7.96
38433
	
1325
7.94
38460
	
1330
7.94
38461
	
1341
15.52
38485
	
1331
15.52
38486
	
1331
36.67
38510
	
1342
36.67
38511
	
1342
43.11
38535
	
1344
43.11
38536
	
1349
43.88
38561
	
1344
43.88
38685
	
1342
43.16
38708
	
1337
43.16
38710
	
1345
43.09
38734
	
1340
43.09
38735
	
1341
39.67
38759
	
1353
39.67
38760
	
1353
20.70
38784
	
1329
20.70
38785
	
1330
8.78
38809
	
1325
8.78
38810
	
1325
9.34
38957
	
1321
9.34
38958
	
1322
8.56
38982
	
1321
8.56
38983
	
1318
7.70
39007
	
1321
7.70
39008
	
1319
7.42
39032
	
1319
7.42
39033
	
1321
7.24
39057
	
1319
7.24
39058
	
1323
7.58
39083
	
1323
7.58
39084
	
1325
8.35
39230
	
1323
8.35
39231
	
1322
8.60
39256
	
1323
8.60
39257
	
1324
8.78
39281
	
1319
8.78
39282
	
1319
9.12
39306
	
1322
9.12
39307
	
1320
9.47
39331
	
1317
9.47
39332
	
1322
9.68
39356
	
1318
9.68
39357
	
1317
11.65
39504
	
1323
11.65
39505
	
1322
11.90
39529
	
1335
11.90
39530
	
1338
27.87
39554
	
1340
27.87
39555
	
1343
44.57
39580
	
1344
44.57
39581
	
1344
48.06
39605
	
1346
48.06
39606
	
1344
49.11
39753
	
1347
49.11
39754
	
1348
48.07
39778
	
1344
48.07
39779
	
1349
41.59
39803
	
1344
41.59
39804
	
1344
19.70
39828
	
1328
19.70
39829
	
1327
8.71
39853
	
1322
8.71
39854
	
1322
7.10
39878
	
1324
7.10
40002
	
1323
7.01
40026
	
1318
7.01
40027
	
1318
5.93
40051
	
1326
5.93
40052
	
1321
5.50
40077
	
1325
5.50
40078
	
1322
5.74
40102
	
1322
5.74
40103
	
1318
5.69
40127
	
1322
5.69
40128
	
1324
5.66
40275
	
1323
5.66
40276
	
1318
5.94
40300
	
1325
5.94
40301
	
1318
6.03
40325
	
1315
6.03
40326
	
1317
6.13
40350
	
1319
6.13
40351
	
1318
6.40
40375
	
1316
6.40
40376
	
1323
6.67
40400
	
1326
6.67
40401
	
1319
7.85
40548
	
1323
7.85
40549
	
1323
7.67
40573
	
1322
7.67
40574
	
1325
11.13
40599
	
1333
11.13
40600
	
1328
33.60
40624
	
1338
33.60
40625
	
1346
44.09
40649
	
1335
44.09
40650
	
1342
45.51
40674
	
1343
45.51
40798
	
1343
45.44
40822
	
1353
45.44
40824
	
1341
45.14
40847
	
1349
45.14
40848
	
1347
32.03
40872
	
1341
32.03
40873
	
1336
12.91
40897
	
1325
12.91
40898
	
1327
6.87
40923
	
1325
6.87
40924
	
1322
7.16
41070
	
1317
7.16
41071
	
1322
7.28
41096
	
1319
7.28
41097
	
1322
7.43
41121
	
1322
7.43
41122
	
1325
7.72
41146
	
1317
7.72
41147
	
1323
7.69
41171
	
1326
7.69
41172
	
1325
6.51
41196
	
1325
6.51
41197
	
1322
7.90
41344
	
1311
7.90
41345
	
1322
8.07
41369
	
1315
8.07
41370
	
1322
8.50
41394
	
1322
8.50
41395
	
1323
8.72
41420
	
1321
8.72
41421
	
1319
8.89
41445
	
1319
8.89
41446
	
1322
9.33
41470
	
1325
9.33
41471
	
1319
9.34
41618
	
1322
9.34
41619
	
1312
9.32
41646
	
1334
9.32
41647
	
1340
21.17
41671
	
1340
21.17
41672
	
1339
39.89
41696
	
1343
39.89
41697
	
1347
44.99
41722
	
1342
44.99
41723
	
1343
45.48
41747
	
1345
45.48
41871
	
1347
41.52
41895
	
1348
41.52
41897
	
1343
40.26
41920
	
1343
40.26
41921
	
1345
32.60
41945
	
1344
32.60
41946
	
1344
11.24
41970
	
1327
11.24
41971
	
1327
2.13
41995
	
1324
2.13
41996
	
1319
0.00
42143
	
1327
0.00
42144
	
1323
0.05
42168
	
1323
0.05
42169
	
1312
0.15
42193
	
1323
0.15
42194
	
1323
0.16
42219
	
1323
0.16
42220
	
1317
0.36
42244
	
1323
0.36
42245
	
1325
0.20
42269
	
1323
0.20
42270
	
1322
0.07
42417
	
1322
0.07
42418
	
1324
0.00
42442
	
1324
0.00
42443
	
1321
0.16
42467
	
1319
0.16
42468
	
1319
0.27
42492
	
1325
0.27
42493
	
1316
0.43
42517
	
1319
0.43
42518
	
1323
0.43
42543
	
1314
0.43
42544
	
1322
0.47
42690
	
1321
0.47
42691
	
1325
0.29
42716
	
1321
0.29
42717
	
1326
3.72
42741
	
1332
3.72
42742
	
1333
22.53
42766
	
1345
22.53
42767
	
1349
28.51
42791
	
1345
28.51
42792
	
1343
29.60
42816
	
1346
29.60
42940
	
1344
29.87
42964
	
1351
29.87
42966
	
1346
29.58
42989
	
1358
29.58
42990
	
1347
17.21
43014
	
1344
17.21
43015
	
1339
3.09
43039
	
1328
3.09
43040
	
1330
0.00
43065
	
1324
0.00
43066
	
1323
0.00
43212
	
1322
0.00
43213
	
1311
0.00
43238
	
1323
0.00
43239
	
1319
0.00
43263
	
1322
0.00
43264
	
1321
0.00
43288
	
1325
0.00
43289
	
1323
0.00
43313
	
1326
0.00
43314
	
1324
0.00
43338
	
1325
0.00
43339
	
1325
0.00
43486
	
1326
0.00
43487
	
1316
0.00
43511
	
1315
0.00
43512
	
1322
0.00
43536
	
1321
0.00
43537
	
1317
0.00
43562
	
1323
0.00
43563
	
1322
0.00
43587
	
1324
0.00
43588
	
1317
0.00
43612
	
1323
0.00
43613
	
1324
0.00
43760
	
1322
0.00
43761
	
1315
0.00
43788
	
1333
0.00
43789
	
1343
12.10
43813
	
1335
12.10
43814
	
1342
26.11
43838
	
1349
26.11
43839
	
1346
28.95
43864
	
1344
28.95
43865
	
1344
29.39
43889
	
1345
29.39
44013
	
1350
29.94
44036
	
1344
29.94
44038
	
1342
30.07
44062
	
1344
30.07
44063
	
1349
22.86
44087
	
1344
22.86
44088
	
1337
5.08
44112
	
1323
5.08
44113
	
1330
0.00
44137
	
1323
0.00
44138
	
1325
0.00
44285
	
1322
0.00
44286
	
1325
0.00
44310
	
1324
0.00
44311
	
1319
0.00
44335
	
1325
0.00
44336
	
1323
0.00
44360
	
1324
0.00
44361
	
1319
0.00
44386
	
1318
0.00
44387
	
1321
0.00
44411
	
1326
0.00
44412
	
1323
0.00
44559
	
1323
0.00
44560
	
1319
0.00
44584
	
1322
0.00
44585
	
1323
0.00
44609
	
1323
0.00
44610
	
1323
0.00
44634
	
1322
0.00
44635
	
1322
0.00
44659
	
1322
0.00
44660
	
1322
0.00
44684
	
1323
0.00
44685
	
1323
0.00
44832
	
1315
0.00
44833
	
1322
0.14
44857
	
1325
0.14
44858
	
1329
4.59
44883
	
1345
4.59
44884
	
1337
22.69
44908
	
1344
22.69
44909
	
1343
28.06
44933
	
1346
28.06
44934
	
1344
29.13
44958
	
1344
29.13
45082
	
1344
29.82
45106
	
1347
29.82
45108
	
1351
29.08
45131
	
1343
29.08
45132
	
1355
15.44
45156
	
1335
15.44
45157
	
1334
2.37
45181
	
1328
2.37
45182
	
1326
0.00
45207
	
1327
0.00
45208
	
1324
0.33
45354
	
1324
0.33
45355
	
1321
0.38
45380
	
1317
0.38
45381
	
1319
0.37
45405
	
1323
0.37
45406
	
1321
0.34
45430
	
1315
0.34
45431
	
1323
0.43
45455
	
1319
0.43
45456
	
1322
0.57
45480
	
1325
0.57
45481
	
1319
0.65
45628
	
1319
0.65
45629
	
1323
0.63
45653
	
1322
0.63
45654
	
1323
0.64
45678
	
1322
0.64
45679
	
1317
0.64
45704
	
1317
0.64
45705
	
1315
0.68
45729
	
1327
0.68
45730
	
1321
0.75
45754
	
1321
0.75
45755
	
1323
0.77
45902
	
1321
0.77
45903
	
1324
1.10
45930
	
1330
1.10
45931
	
1331
14.99
45955
	
1344
14.99
45956
	
1339
26.80
45980
	
1346
26.80
45981
	
1355
29.15
46005
	
1344
29.15
46006
	
1343
29.34
46031
	
1346
29.34
46155
	
1346
29.82
46178
	
1347
29.82
46180
	
1343
29.96
46204
	
1350
29.96
46205
	
1348
21.47
46229
	
1339
21.47
46230
	
1334
4.98
46254
	
1322
4.98
46255
	
1331
0.00
46279
	
1321
0.00
46280
	
1325
0.87
46427
	
1323
0.87
46428
	
1323
0.72
46452
	
1326
0.72
46453
	
1322
0.41
46477
	
1327
0.41
46478
	
1323
0.47
46502
	
1325
0.47
46503
	
1325
0.48
46528
	
1321
0.48
46529
	
1322
0.58
46553
	
1319
0.58
46554
	
1327
1.09
46701
	
1324
1.09
46702
	
1322
1.11
46726
	
1326
1.11
46727
	
1323
1.02
46751
	
1325
1.02
46752
	
1322
0.91
46776
	
1325
0.91
46777
	
1328
1.04
46801
	
1322
1.04
46802
	
1321
1.22
46826
	
1325
1.22
46827
	
1325
1.35
46974
	
1317
1.35
46975
	
1321
1.22
46999
	
1319
1.22
47000
	
1335
6.99
47024
	
1335
6.99
47025
	
1338
24.05
47050
	
1342
24.05
47051
	
1344
28.41
47075
	
1344
28.41
47076
	
1344
29.31
47100
	
1347
29.31
47224
	
1339
29.91
47248
	
1356
29.91
47250
	
1345
29.75
47273
	
1342
29.75
47274
	
1339
27.11
47298
	
1346
27.11
47299
	
1344
10.34
47323
	
1328
10.34
47324
	
1329
1.06
47348
	
1327
1.06
47349
	
1322
0.00
47496
	
1324
0.00
47497
	
1322
0.00
47521
	
1323
0.00
47522
	
1323
0.00
47547
	
1323
0.00
47548
	
1313
0.00
47572
	
1321
0.00
47573
	
1317
0.00
47597
	
1318
0.00
47598
	
1316
0.00
47622
	
1309
0.00
47623
	
1323
0.00
47770
	
1318
0.00
47771
	
1322
0.12
47795
	
1323
0.12
47796
	
1328
0.29
47820
	
1318
0.29
47821
	
1323
0.29
47845
	
1319
0.29
47846
	
1321
0.27
47871
	
1324
0.27
47872
	
1322
0.32
47896
	
1319
0.32
47897
	
1322
0.38
48043
	
1324
0.38
48044
	
1326
0.73
48069
	
1338
0.73
48070
	
1330
13.41
48094
	
1338
13.41
48095
	
1338
26.46
48119
	
1344
26.46
48120
	
1345
29.05
48144
	
1344
29.05
48145
	
1355
29.49
48169
	
1347
29.90
48314
	
1342
29.90
48315
	
1348
29.91
48339
	
1339
29.91
48340
	
1339
24.26
48364
	
1342
24.26
48365
	
1344
6.29
48389
	
1327
6.29
48390
	
1327
0.00
48415
	
1328
0.00
48416
	
1319
0.00
48440
	
1327
0.00
48564
	
1324
0.00
48588
	
1319
0.00
48589
	
1324
0.00
48613
	
1322
0.00
48614
	
1312
0.00
48638
	
1316
0.00
48639
	
1319
0.00
48663
	
1322
0.00
48664
	
1317
0.00
48688
	
1312
0.00
48689
	
1324
0.00
48713
	
1318
0.00
48837
	
1322
0.07
48861
	
1326
0.07
48862
	
1322
0.09
48886
	
1322
0.09
48887
	
1328
0.15
48912
	
1323
0.15
48913
	
1321
0.14
48937
	
1323
0.14
48938
	
1322
0.12
48962
	
1315
0.12
48963
	
1321
0.14
48987
	
1319
0.14
49111
	
1323
0.07
49135
	
1325
0.07
49136
	
1323
0.32
49163
	
1332
0.32
49164
	
1338
8.58
49188
	
1344
8.58
49189
	
1335
25.06
49214
	
1344
25.06
49215
	
1341
28.73
49239
	
1343
28.73
49240
	
1345
29.65
49387
	
1347
29.65
49388
	
1346
29.70
49412
	
1343
29.70
49413
	
1343
27.38
49437
	
1346
27.38
49438
	
1347
10.50
49462
	
1328
10.50
49463
	
1329
0.70
49487
	
1325
0.70
49488
	
1324
0.00
49512
	
1323
0.00
49636
	
1321
0.00
49660
	
1323
0.00
49661
	
1322
0.00
49685
	
1323
0.00
49686
	
1323
0.00
49710
	
1323
0.00
49711
	
1323
0.00
49736
	
1322
0.00
49737
	
1323
0.00
49761
	
1317
0.00
49762
	
1323
0.00
49909
	
1322
0.00
49910
	
1323
0.00
49934
	
1316
0.00
49935
	
1325
0.00
49959
	
1323
0.00
49960
	
1320
0.09
49984
	
1326
0.09
49985
	
1323
0.05
50009
	
1323
0.05
50010
	
1319
0.00
50034
	
1319
0.00
50035
	
1324
0.03
50182
	
1319
0.03
50183
	
1316
0.30
50207
	
1337
0.30
50208
	
1339
12.15
50233
	
1341
12.15
50234
	
1338
26.03
50258
	
1343
26.03
50259
	
1344
28.82
50283
	
1342
28.82
50284
	
1344
28.90
50308
	
1344
28.90
50432
	
1344
29.84
50456
	
1344
29.84
50458
	
1349
29.70
50481
	
1347
29.70
50482
	
1344
22.93
50506
	
1349
22.93
50507
	
1339
5.81
50531
	
1326
5.81
50532
	
1325
0.00
50557
	
1318
0.00
50558
	
1323
0.00
50704
	
1324
0.00
50705
	
1318
0.00
50729
	
1323
0.00
50730
	
1325
0.00
50755
	
1322
0.00
50756
	
1323
0.00
50780
	
1326
0.00
50781
	
1325
0.00
50805
	
1323
0.00
50806
	
1317
0.00
50830
	
1321
0.00
50831
	
1316
0.05
50978
	
1323
0.05
50979
	
1322
0.10
51003
	
1323
0.10
51004
	
1319
0.02
51028
	
1324
0.02
51029
	
1322
0.03
51053
	
1323
0.03
51054
	
1321
0.09
51079
	
1318
0.09
51080
	
1327
0.11
51104
	
1322
0.11
51105
	
1323
0.12
51252
	
1318
0.12
51253
	
1323
0.19
51280
	
1327
0.19
51281
	
1328
6.44
51305
	
1343
6.44
51306
	
1334
24.45
51330
	
1339
24.45
51331
	
1341
28.59
51355
	
1345
28.59
51356
	
1346
29.16
51381
	
1342
29.16
51505
	
1351
29.93
51528
	
1343
29.93
51530
	
1344
29.69
51554
	
1342
29.69
51555
	
1342
26.94
51579
	
1345
26.94
51580
	
1346
9.93
51604
	
1330
9.93
51605
	
1327
0.88
51629
	
1323
0.88
51630
	
1326
0.14
51777
	
1317
0.14
51778
	
1317
0.28
51802
	
1319
0.28
51803
	
1323
0.20
51827
	
1315
0.20
51828
	
1321
0.00
51852
	
1323
0.00
51853
	
1323
0.04
51878
	
1324
0.04
51879
	
1324
0.05
51903
	
1326
0.05
51904
	
1324
0.20
52051
	
1323
0.20
52052
	
1322
0.26
52076
	
1319
0.26
52077
	
1325
0.11
52101
	
1322
0.11
52102
	
1327
0.00
52126
	
1318
0.00
52127
	
1327
0.00
52151
	
1322
0.00
52152
	
1327
0.00
52176
	
1319
0.00
52177
	
1319
0.22
52324
	
1319
0.22
52325
	
1322
0.71
52349
	
1344
0.71
52350
	
1331
14.26
52374
	
1339
14.26
52375
	
1334
26.68
52400
	
1344
26.68
52401
	
1339
29.08
52425
	
1347
29.08
52426
	
1351
29.50
52450
	
1339
29.93
52595
	
1345
29.93
52596
	
1344
30.01
52620
	
1342
30.01
52621
	
1344
23.97
52645
	
1344
23.97
52646
	
1342
6.13
52670
	
1328
6.13
52671
	
1322
0.00
52695
	
1323
0.00
52696
	
1313
0.00
52720
	
1323
0.00
52844
	
1316
0.00
52868
	
1323
0.00
52869
	
1323
0.00
52893
	
1322
0.00
52894
	
1318
0.08
52919
	
1323
0.08
52920
	
1319
0.27
52944
	
1325
0.27
52945
	
1324
0.08
52969
	
1327
0.08
52970
	
1322
0.06
52994
	
1325
0.06
53118
	
1313
0.00
53142
	
1325
0.00
53143
	
1325
0.00
53167
	
1317
0.00
53168
	
1323
0.00
53192
	
1306
0.00
53193
	
1321
0.00
53217
	
1321
0.00
53218
	
1322
0.00
53243
	
1323
0.00
53244
	
1323
0.00
53268
	
1323
0.00
53392
	
1319
1.05
53416
	
1326
1.05
53417
	
1322
0.70
53444
	
1331
0.70
53445
	
1343
10.07
53469
	
1333
10.07
53470
	
1332
25.98
53494
	
1342
25.98
53495
	
1339
29.65
53519
	
1342
29.65
53520
	
1346
30.57
53667
	
1342
30.57
53668
	
1339
30.50
53692
	
1338
30.50
53693
	
1333
28.15
53717
	
1347
28.15
53718
	
1351
11.12
53743
	
1333
11.12
53744
	
1327
1.41
53768
	
1325
1.41
53769
	
1326
0.00
53793
	
1322
0.00
53917
	
1323
0.28
53941
	
1322
0.28
53942
	
1323
0.29
53966
	
1324
0.29
53967
	
1323
0.15
53991
	
1319
0.15
53992
	
1315
0.13
54016
	
1315
0.13
54017
	
1323
0.00
54041
	
1322
0.00
54042
	
1321
0.39
54189
	
1319
0.39
54190
	
1322
0.36
54214
	
1322
0.36
54215
	
1322
0.57
54240
	
1322
0.57
54241
	
1315
0.55
54265
	
1319
0.55
54266
	
1328
0.41
54290
	
1323
0.41
54291
	
1318
0.42
54315
	
1323
0.42
54316
	
1326
0.34
54463
	
1317
0.34
54464
	
1322
1.07
54491
	
1331
1.07
54492
	
1335
15.70
54516
	
1338
15.70
54517
	
1343
27.46
54542
	
1344
27.46
54543
	
1337
29.80
54567
	
1344
29.80
54568
	
1344
30.29
54592
	
1338
30.29
54716
	
1344
30.57
54740
	
1345
30.57
54742
	
1347
30.37
54765
	
1349
30.37
54766
	
1346
20.82
54790
	
1341
20.82
54791
	
1335
4.55
54815
	
1325
4.55
54816
	
1327
0.65
54840
	
1318
0.65
54841
	
1322
0.00
54988
	
