=~=~=~=~=~=~=~=~=~=~=~= PuTTY log 2024.11.29 12:49:32 =~=~=~=~=~=~=~=~=~=~=~=
0.00
	
3179
0.00
	
2832
0.00
	
2502
0.00
	
2253
0.00
	
2032
0.00
	
1834
0.00
	
1650
14179.42
	
1220
14179.42
	
880
14155.10
	
592
14155.10
	
445
14210.80
	
354
14210.80
	
246
16002.25
	
398
16002.25
	
398
15901.76
	
271
15901.76
	
169
14438.69
	
272
14438.69
	
183
14213.08
	
276
14213.08
	
188
14183.54
	
295
14183.54
	
297
14182.05
	
243
14182.05
	
140
14183.25
	
230
14183.25
	
154
14183.07
	
299
14183.07
	
213
14182.81
	
307
14182.81
	
307
14182.79
	
256
14182.79
	
400
14182.32
	
314
14182.32
	
227
14182.32
	
320
14182.32
	
343
14182.34
	
251
14182.34
	
138
14182.33
	
240
14182.33
	
153
14181.83
	
256
14181.83
	
181
14181.69
	
303
14181.69
	
326
14182.16
	
266
14182.16
	
151
14181.78
	
247
14181.78
	
171
14181.42
	
286
14181.42
	
208
14181.26
	
305
14181.26
	
415
14180.87
	
306
14180.87
	
203
14180.50
	
282
14180.50
	
195
14181.58
	
258
14181.58
	
160
14164.13
	
291
14164.13
	
174
14155.04
	
251
14155.04
	
156
15424.04
	
283
15424.04
	
201
16058.09
	
286
16058.09
	
320
16050.98
	
271
16050.98
	
160
16041.29
	
252
16041.29
	
165
16018.54
	
349
16018.54
	
240
15970.19
	
257
15970.19
	
159
14550.49
	
260
14550.49
	
161
14211.87
	
272
14211.87
	
182
14176.86
	
283
14176.86
	
191
14182.37
	
274
14182.37
	
168
14183.18
	
246
14183.18
	
149
14183.47
	
251
14183.47
	
171
14183.49
	
283
14183.49
	
186
14182.90
	
255
14182.90
	
370
14180.64
	
286
14180.64
	
199
14179.93
	
285
14179.93
	
197
14180.05
	
287
14180.05
	
180
14179.71
	
246
14179.71
	
151
14179.76
	
258
14179.76
	
176
14179.35
	
277
14179.35
	
183
14179.46
	
283
14179.46
	
176
14179.45
	
254
14179.45
	
154
14179.30
	
251
14179.30
	
170
14179.28
	
289
14179.28
	
435
14178.19
	
321
14178.19
	
201
14178.39
	
234
14178.39
	
145
14174.36
	
276
14174.36
	
192
14136.07
	
396
14136.07
	
150
14857.29
	
257
14857.29
	
152
15927.82
	
257
15927.82
	
171
15998.78
	
281
15998.78
	
191
15988.17
	
279
15988.17
	
176
15981.03
	
240
15981.03
	
145
14176.82
	
326
14176.82
	
238
14175.99
	
302
14175.99
	
307
14175.71
	
241
14175.71
	
141
14175.82
	
242
14175.82
	
161
14175.63
	
261
14175.63
	
178
14175.23
	
403
14175.23
	
151
14174.98
	
251
14174.98
	
147
14174.36
	
237
14174.36
	
158
14174.73
	
282
14174.73
	
192
14174.28
	
415
14174.28
	
394
14173.07
	
289
14173.07
	
192
14173.12
	
278
14173.12
	
195
14172.99
	
283
14172.99
	
316
14172.64
	
240
14172.64
	
142
14172.66
	
247
14172.66
	
165
14172.96
	
262
14172.96
	
186
14172.64
	
296
14172.64
	
304
14172.68
	
244
14172.68
	
141
14172.44
	
230
14172.44
	
151
14172.17
	
347
14172.17
	
238
14174.03
	
238
14174.03
	
141
14152.97
	
262
14152.97
	
173
14319.76
	
257
14319.76
	
178
15735.12
	
281
15735.12
	
309
16054.46
	
264
16054.46
	
149
16038.27
	
235
16038.27
	
149
16030.12
	
256
16030.12
	
179
16006.16
	
272
16006.16
	
299
14692.35
	
243
14692.35
	
384
14172.92
	
304
14172.92
	
209
14172.51
	
294
14172.51
	
195
14172.22
	
269
14172.22
	
162
14171.89
	
230
14171.89
	
144
14171.53
	
261
14171.53
	
178
14171.36
	
278
14171.36
	
181
14171.54
	
271
14171.54
	
161
14171.01
	
236
14171.01
	
150
14170.33
	
274
14170.33
	
192
14170.70
	
289
14170.70
	
410
14169.91
	
301
14169.91
	
192
14169.61
	
257
14169.61
	
175
14169.63
	
273
14169.63
	
185
14169.38
	
262
14169.38
	
157
14169.17
	
231
14169.17
	
141
14169.15
	
251
14169.15
	
171
14169.00
	
301
14169.00
	
202
14168.84
	
256
14168.84
	
150
14168.66
	
235
14168.66
	
147
14168.36
	
351
14168.36
	
251
14169.29
	
368
14169.29
	
131
14152.61
	
245
14152.61
	
144
14211.34
	
229
14211.34
	
159
15612.52
	
281
15612.52
	
198
16066.04
	
288
16066.04
	
176
16050.74
	
230
16050.74
	
140
16041.55
	
240
16041.55
	
174
16029.71
	
270
16029.71
	
176
14845.80
	
300
14845.80
	
371
14165.59
	
293
14165.59
	
208
14165.16
	
311
14165.16
	
231
14165.22
	
320
14165.22
	
314
14164.56
	
235
14164.56
	
122
14164.74
	
240
14164.74
	
173
14164.42
	
284
14164.42
	
205
14164.29
	
409
14164.29
	
149
14163.79
	
234
14163.79
	
125
14163.83
	
221
14163.83
	
155
14163.06
	
379
14163.06
	
391
14162.70
	
271
14162.70
	
144
14162.73
	
211
14162.73
	
142
14162.69
	
290
14162.69
	
210
14162.31
	
318
14162.31
	
309
14161.80
	
240
14161.80
	
138
14162.12
	
247
14162.12
	
170
14161.58
	
272
14161.58
	
183
14161.31
	
282
14161.31
	
286
14161.23
	
240
14161.23
	
415
14160.99
	
351
14160.99
	
246
14162.23
	
284
14162.23
	
176
14148.04
	
254
14148.04
	
156
14139.70
	
253
14139.70
	
169
15462.27
	
290
15462.27
	
197
16100.46
	
293
16100.46
	
315
16088.05
	
240
16088.05
	
139
16078.61
	
237
16078.61
	
155
16071.28
	
270
16071.28
	
182
15045.23
	
279
15045.23
	
419
14159.02
	
326
14159.02
	
223
14158.53
	
272
14158.53
	
181
14158.38
	
271
14158.38
	
175
14158.11
	
268
14158.11
	
159
14158.05
	
239
14158.05
	
153
14157.91
	
253
14157.91
	
169
14157.18
	
276
14157.18
	
176
14157.28
	
262
14157.28
	
159
14156.99
	
249
14156.99
	
163
14155.88
	
368
14155.88
	
256
14155.91
	
274
14155.91
	
176
14155.72
	
247
14155.72
	
162
14155.29
	
245
14155.29
	
162
14155.43
	
279
14155.43
	
181
14155.37
	
272
14155.37
	
174
14155.24
	
249
14155.24
	
157
14154.75
	
267
14154.75
	
175
14154.66
	
262
14154.66
	
173
14155.22
	
266
14155.22
	
397
14154.71
	
326
14154.71
	
215
14155.13
	
274
14155.13
	
176
14036.42
	
385
14036.42
	
146
13954.20
	
258
13954.20
	
151
15515.16
	
275
15515.16
	
183
16254.91
	
281
16254.91
	
188
16236.82
	
256
16236.82
	
155
16220.65
	
240
16220.65
	
149
16211.71
	
251
16211.71
	
167
14145.79
	
342
14145.79
	
347
14145.81
	
275
14145.81
	
176
14145.34
	
245
14145.34
	
163
14145.21
	
260
14145.21
	
175
14145.06
	
383
14145.06
	
139
14144.50
	
258
14144.50
	
161
14144.53
	
243
14144.53
	
155
14144.35
	
261
14144.35
	
175
14144.42
	
397
14144.42
	
147
14144.16
	
247
14144.16
	
416
14143.39
	
316
14143.39
	
215
14142.69
	
292
14142.69
	
320
14143.17
	
253
14143.17
	
155
14142.79
	
249
14142.79
	
162
14143.10
	
256
14143.10
	
175
14142.95
	
257
14142.95
	
272
14142.86
	
259
14142.86
	
161
14142.62
	
260
14142.62
	
170
14142.28
	
283
14142.28
	
190
14142.26
	
400
14142.26
	
419
14142.07
	
326
14142.07
	
215
14142.26
	
272
14142.26
	
176
14073.46
	
272
14073.46
	
305
13960.42
	
270
13960.42
	
162
15302.28
	
251
15302.28
	
156
16204.43
	
270
16204.43
	
177
16207.65
	
276
16207.65
	
304
16190.65
	
257
16190.65
	
153
16182.45
	
235
16182.45
	
144
14152.72
	
363
14152.72
	
255
14152.84
	
282
14152.84
	
177
14152.21
	
266
14152.21
	
169
14151.66
	
251
14151.66
	
171
14150.82
	
264
14150.82
	
174
14151.09
	
252
14151.09
	
158
14150.66
	
246
14150.66
	
156
14150.20
	
271
14150.20
	
177
14149.83
	
265
14149.83
	
300
14149.48
	
261
14149.48
	
391
