=~=~=~=~=~=~=~=~=~=~=~= PuTTY log 2024.11.29 15:49:25 =~=~=~=~=~=~=~=~=~=~=~=
0.00
	
1201
0.00
	
1205
0.00
	
1204
0.00
	
1195
0.00
	
1205
0.00
	
1207
14303.06
	
1213
14303.06
	
1209
14311.60
	
1212
14311.60
	
1214
14325.98
	
1222
14325.98
	
1214
14293.76
	
1259
14293.76
	
1264
14229.39
	
1280
14229.39
	
1265
14227.16
	
1287
14227.16
	
1309
14185.16
	
1218
14185.16
	
1247
14169.49
	
1215
14169.49
	
1215
14197.39
	
1210
14197.39
	
1211
14209.47
	
1212
14209.47
	
1211
14212.81
	
1207
14212.81
	
1211
14214.15
	
1209
14214.15
	
1210
14215.44
	
1205
14215.44
	
1209
14215.47
	
1200
14215.47
	
1198
14215.44
	
1200
14215.44
	
1207
14215.78
	
1206
14215.78
	
1210
14215.50
	
1213
14215.50
	
1209
14216.38
	
1207
14216.38
	
1210
14216.91
	
1209
14216.91
	
1209
14215.92
	
1207
14215.92
	
1212
14217.27
	
1205
14217.27
	
1194
14216.02
	
1214
14216.02
	
1202
14217.67
	
1196
14217.67
	
1209
14216.53
	
1209
14216.53
	
1210
14216.57
	
1207
14216.57
	
1203
14216.12
	
1207
14217.03
	
1226
14217.03
	
1232
14238.87
	
1264
14238.87
	
1264
14250.14
	
1282
14250.14
	
1275
14234.32
	
1268
14234.32
	
1059
14213.59
	
1281
14213.59
	
1281
14207.98
	
1296
14207.98
	
1302
14160.28
	
1239
14160.28
	
1241
14150.94
	
1215
14150.94
	
1215
14179.08
	
1207
14179.08
	
1207
14191.68
	
1207
14191.68
	
1209
14194.21
	
1209
14194.21
	
1189
14194.50
	
1207
14194.50
	
1208
14194.54
	
1210
14194.54
	
1214
14194.65
	
1210
14194.65
	
1209
14195.80
	
1209
14195.80
	
1207
14195.43
	
1209
14195.43
	
1209
14195.46
	
1209
14195.46
	
1215
14196.12
	
1210
14196.12
	
1199
14195.17
	
1207
14195.17
	
1200
14195.20
	
1179
14195.20
	
1194
14194.67
	
1209
14194.67
	
1215
14195.49
	
1209
14195.49
	
1201
14195.69
	
1206
14195.69
	
1207
14195.76
	
1207
14195.76
	
1207
14195.40
	
1209
14195.40
	
1212
14195.95
	
1211
14195.95
	
1198
14195.36
	
1200
14198.60
	
1239
14198.60
	
1242
14227.04
	
1271
14227.04
	
1271
14235.16
	
1279
14235.16
	
960
14199.56
	
1280
14199.56
	
1280
14199.39
	
1280
14199.39
	
1277
14182.41
	
1291
14182.41
	
1270
14139.37
	
1232
14139.37
	
1227
14146.29
	
1200
14146.29
	
1197
14169.43
	
1203
14169.43
	
1211
14178.69
	
1198
14178.69
	
1211
14181.59
	
1214
14181.59
	
1210
14182.64
	
1201
14182.64
	
1209
14182.90
	
1207
14182.90
	
1203
14182.17
	
1202
14182.17
	
1198
14182.49
	
1197
14182.49
	
1196
14182.00
	
1209
14182.00
	
1216
14181.97
	
1197
14181.97
	
1206
14182.99
	
1207
14182.99
	
1204
14182.56
	
1207
14182.56
	
1207
14183.20
	
1207
14183.20
	
1209
14182.91
	
1206
14182.91
	
1195
14182.41
	
1203
14182.41
	
1202
14183.24
	
1195
14183.24
	
1200
14182.33
	
1203
14182.33
	
1202
14181.54
	
1205
14181.54
	
1210
14181.85
	
1206
14181.85
	
1211
14181.61
	
1210
14182.19
	
1222
14182.19
	
1232
14200.06
	
1257
14200.06
	
1049
14191.93
	
1271
14191.93
	
1264
14191.79
	
1280
14191.79
	
1290
14170.96
	
1282
14170.96
	
1280
14128.82
	
1229
14128.82
	
1220
14139.82
	
1212
14139.82
	
1216
14164.19
	
1210
14164.19
	
1203
14171.45
	
1209
14171.45
	
1207
14172.25
	
1207
14172.25
	
1209
14174.11
	
1206
14174.11
	
1205
14174.83
	
1199
14174.83
	
1203
14174.41
	
1214
14174.41
	
1203
14173.92
	
1207
14173.92
	
1210
14173.98
	
1207
14173.98
	
1209
14174.44
	
1215
14174.44
	
1207
14175.01
	
1214
14175.01
	
1205
14174.05
	
1208
14174.05
	
1209
14173.37
	
1203
14173.37
	
1209
14172.99
	
1210
14172.99
	
1206
14173.23
	
1213
14173.23
	
1211
14173.15
	
1207
14173.15
	
1207
14173.33
	
1209
14173.33
	
1210
14173.73
	
1213
14173.73
	
1201
14173.68
	
1211
14173.68
	
1209
14173.75
	
1203
14173.75
	
1200
14173.68
	
1207
14173.68
	
1209
14176.58
	
1252
14176.58
	
1242
14201.82
	
1261
14201.82
	
1267
14215.75
	
1277
14215.75
	
1279
14206.17
	
1287
14206.17
	
1280
14190.85
	
1281
14190.85
	
1286
14186.19
	
1281
14186.19
	
1277
14185.13
	
1279
14185.13
	
1264
14181.57
	
1287
14181.57
	
1312
14142.75
	
1253
14142.75
	
1253
14119.76
	
1226
14119.76
	
1216
14143.46
	
1211
14143.46
	
1210
14160.35
	
1213
14160.35
	
1209
14164.87
	
1207
14164.87
	
1207
14165.67
	
1210
14165.67
	
1210
14165.96
	
1215
14165.96
	
1180
14166.18
	
1200
14166.18
	
1210
14165.74
	
1205
14165.74
	
1209
14166.03
	
1207
14166.03
	
1211
14166.87
	
1209
14166.87
	
1205
14166.51
	
1215
14166.51
	
1207
14165.54
	
1209
14165.54
	
1208
14165.72
	
1204
14165.72
	
1205
14165.96
	
1207
14165.96
	
1196
14166.40
	
1210
14166.40
	
1211
14166.24
	
1212
14166.24
	
1207
14166.45
	
1209
14166.45
	
1207
14165.86
	
1206
14165.46
	
1215
14165.46
	
1223
14180.10
	
1262
14180.10
	
1252
14203.54
	
1267
14203.54
	
1254
14206.99
	
1270
14206.99
	
1280
14190.91
	
1275
14190.91
	
1280
14184.01
	
1278
14184.01
	
947
14178.93
	
1280
14178.93
	
1279
14178.84
	
1281
14178.84
	
1295
14162.07
	
1287
14162.07
	
1290
14115.47
	
1226
14115.47
	
1214
14124.96
	
1216
14124.96
	
1210
14149.78
	
1187
14149.78
	
1195
14158.26
	
1211
14158.26
	
1209
14159.16
	
1214
14159.16
	
1207
14160.93
	
1209
14160.93
	
1210
14160.30
	
1207
14160.30
	
1212
14160.01
	
1209
14160.01
	
1204
14160.28
	
1207
14160.28
	
1191
14160.35
	
1202
14160.35
	
1202
14160.11
	
1200
14160.11
	
1199
14160.72
	
1198
14160.72
	
1215
14159.96
	
1203
14159.96
	
1213
14159.90
	
1209
14159.90
	
1211
14160.02
	
1209
14160.02
	
1210
14161.03
	
1205
14161.03
	
1185
14160.79
	
1209
14160.79
	
1209
14160.82
	
1187
14161.19
	
1234
14161.19
	
1233
14183.86
	
1245
14183.86
	
1270
14200.88
	
1273
14200.88
	
1279
14197.02
	
1279
14197.02
	
1289
14183.05
	
1286
14183.05
	
1037
14172.62
	
1281
14172.62
	
1269
14173.33
	
1263
14173.33
	
1270
14152.10
	
1284
14152.10
	
1284
14110.12
	
1213
14110.12
	
1227
14122.77
	
1213
14122.77
	
1213
14145.83
	
1209
14145.83
	
1203
14153.57
	
1215
14153.57
	
1209
14154.35
	
1210
14154.35
	
1211
14155.69
	
1200
14155.69
	
1209
14155.93
	
1195
14155.93
	
1187
14154.62
	
1199
14154.62
	
1215
14155.09
	
1209
14155.09
	
1206
14154.12
	
1211
14154.12
	
1211
14153.56
	
1207
14153.56
	
1209
14154.86
	
1210
14154.86
	
1206
14154.14
	
1206
14154.14
	
1207
14154.91
	
1198
14154.91
	
1203
14155.51
	
1202
14155.51
	
1210
14155.27
	
1200
14155.27
	
1210
14154.97
	
1207
14154.97
	
1211
14154.46
	
1206
14154.46
	
1212
14154.82
	
1211
14154.82
	
1209
14157.15
	
1259
14157.15
	
1253
14186.42
	
1263
14186.42
	
1264
14167.40
	
1279
14167.40
	
1271
14164.76
	
1296
14164.76
	
1319
14122.00
	
1243
14122.00
	
1247
14104.36
	
1221
14104.36
	
1218
14130.92
	
1209
14130.92
	
1207
14145.55
	
1212
14145.55
	
1207
14150.04
	
1210
14150.04
	
1207
14151.49
	
1206
14151.49
	
1209
14149.93
	
1206
14149.93
	
1206
14151.10
	
1200
14151.10
	
1210
14150.76
	
1216
14150.76
	
1235
14150.76
	
1235
14150.76
	
1237
14150.76
	
1234
14150.76
	
1236
14150.76
	
1233
14145.57
	
1255
14145.57
	
1258
14168.69
	
1281
14168.69
	
1289
14161.90
	
1313
14161.90
	
1311
14161.23
	
1328
14161.23
	
1325
14136.40
	
1306
14136.40
	
1306
14099.59
	
1252
14099.59
	
1250
14114.86
	
1239
14114.86
	
1241
14136.91
	
1235
14136.91
	
1236
14142.76
	
1236
14142.76
	
1232
14144.65
	
1232
14144.65
	
1234
14144.87
	
1235
14144.87
	
1241
14144.82
	
1232
14144.82
	
1235
14144.88
	
1235
14144.88
	
1236
14144.95
	
1237
14144.95
	
1233
14144.43
	
1234
14144.43
	
1237
14144.78
	
1235
14144.78
	
1236
14145.18
	
1237
14145.18
	
1233
14145.01
	
1236
14145.01
	
1235
14145.49
	
1230
14145.49
	
1237
14145.40
	
1236
14145.40
	
1238
14145.85
	
1232
14145.85
	
1236
14145.48
	
1236
14145.48
	
1235
14145.96
	
1235
14145.96
	
1238
14145.73
	
1235
14145.73
	
1237
14145.63
	
1235
14145.63
	
1234
14145.83
	
1233
14146.16
	
1264
14146.16
	
1264
14168.74
	
1285
14168.74
	
1109
14159.32
	
1309
14159.32
	
1314
14158.87
	
1328
14158.87
	
1328
14130.26
	
1306
14130.26
	
1296
14094.24
	
1255
14094.24
	
1255
14113.20
	
1238
14113.20
	
1238
14133.18
	
1236
14133.18
	
1235
14139.66
	
1235
14139.66
	
1234
14141.67
	
1232
14141.67
	
1233
14142.63
	
1235
14142.63
	
1234
14142.41
	
1237
14142.41
	
1237
14142.15
	
1238
14142.15
	
1238
14142.42
	
1235
14142.42
	
1233
14141.89
	
1234
14141.89
	
1237
14141.80
	
1234
14141.80
	
1233
14142.29
	
1232
14142.29
	
1232
14141.33
	
1233
14141.33
	
1233
14143.08
	
1234
14143.08
	
1234
14143.08
	
1239
14143.08
	
1239
14143.08
	
1239
14143.08
	
1232
14143.08
	
1234
14139.90
	
1249
14139.90
	
1259
14162.29
	
1283
14162.29
	
1287
14152.62
	
1310
14152.62
	
1312
14152.25
	
1318
14152.25
	
1335
14126.71
	
1309
14126.71
	
1296
14090.57
	
1250
14090.57
	
1241
14107.68
	
1234
14107.68
	
1235
14128.85
	
1235
14128.85
	
1237
14134.73
	
1232
14134.73
	
1241
14135.59
	
1236
14135.59
	
1237
14136.80
	
1234
14136.80
	
1238
14136.85
	
1239
14136.85
	
1238
14136.61
	
1237
14136.61
	
1235
14137.08
	
1236
14137.08
	
1232
14137.21
	
1232
14137.21
	
1235
14136.78
	
1236
14136.78
	
1237
14136.78
	
1233
14136.78
	
1236
14137.45
	
1242
14137.45
	
1237
14137.58
	
1236
14137.58
	
1235
14137.20
	
1235
14137.20
	
1233
14137.58
	
1239
14137.58
	
1237
14137.49
	
1234
14137.49
	
1233
14137.61
	
1233
14137.61
	
1232
14137.29
	
1233
14137.29
	
1236
14137.27
	
1239
14137.27
	
1239
14137.33
	
1234
14137.58
	
1262
14137.58
	
1279
14161.49
	
1287
14161.49
	
1343
14149.71
	
1311
14149.71
	
1305
14149.27
	
1323
14149.27
	
1327
14122.09
	
1296
14122.09
	
1296
14086.87
	
1250
14086.87
	
1251
14106.72
	
1236
14106.72
	
1239
14125.69
	
1233
14125.69
	
1241
14132.19
	
1235
14132.19
	
1238
14132.73
	
1238
14132.73
	
1235
14133.68
	
1234
14133.68
	
1232
14134.02
	
1233
14134.02
	
1233
14133.63
	
1231
14133.63
	
1235
14134.33
	
1232
14134.33
	
1235
14133.58
	
1234
14133.58
	
1232
14134.13
	
1235
14134.13
	
1239
14134.12
	
1235
14134.12
	
1235
14133.67
	
1234
14133.67
	
1236
14134.57
	
1235
14134.57
	
1231
14134.35
	
1232
14134.35
	
1235
14134.68
	
1234
14134.68
	
1233
14134.33
	
1230
14134.33
	
1235
14134.14
	
1242
14134.14
	
1233
14134.68
	
1234
14134.68
	
1236
14134.13
	
1235
14134.13
	
1235
14134.22
	
1235
14134.22
	
1234
14134.55
	
1235
14134.19
	
1233
14134.19
	
1235
14146.86
	
1279
14146.86
	
1295
14169.32
	
1295
14169.32
	
1301
14176.22
	
1311
14176.22
	
1308
14160.33
	
1311
14160.33
	
1311
14150.97
	
1315
14150.97
	
1310
14149.07
	
1314
14149.07
	
1310
14145.56
	
1341
14145.56
	
1333
14131.29
	
1235
14131.29
	
1233
14130.81
	
1233
14130.81
	
1235
14130.51
	
1235
14130.51
	
1237
14130.81
	
1234
14130.81
	
1238
14130.42
	
1234
14130.42
	
1236
14130.66
	
1239
14130.66
	
1235
14130.88
	
1233
14130.88
	
1235
14131.12
	
1237
14131.12
	
1243
14130.85
	
1233
14130.85
	
1238
14131.28
	
1233
14131.28
	
1237
14131.04
	
1234
14131.04
	
1233
14130.95
	
1233
14130.95
	
1234
14131.44
	
1233
14131.44
	
1235
14131.38
	
1235
14131.38
	
1237
14130.98
	
1236
14130.98
	
1235
14131.48
	
1234
14131.48
	
1237
14131.82
	
1232
14131.82
	
1232
14131.83
	
1232
14131.83
	
1234
14131.68
	
1239
14131.18
	
1251
14131.18
	
1253
14151.17
	
1280
14151.17
	
1296
14169.99
	
1297
14169.99
	
1302
14170.20
	
1310
14170.20
	
1309
14154.20
	
1313
14154.20
	
1309
14146.82
	
1314
14146.82
	
1307
14144.77
	
1314
14144.77
	
1095
14143.28
	
1328
14143.28
	
1322
14118.77
	
1314
14118.77
	
1297
14082.67
	
1251
14082.67
	
1249
14098.32
	
1237
14098.32
	
1238
14120.28
	
1237
14120.28
	
1234
14127.05
	
1239
14127.05
	
1235
14128.88
	
1237
14128.88
	
1237
14128.48
	
1232
14128.48
	
1231
14129.50
	
1233
14129.50
	
1234
14129.17
	
1237
14129.17
	
1239
14129.20
	
1234
14129.20
	
1237
14129.84
	
1233
14129.84
	
1234
14129.78
	
1242
14129.78
	
1235
14129.72
	
1232
14129.72
	
1234
14130.13
	
1234
14130.13
	
1232
14130.07
	
1232
14130.07
	
1234
14130.11
	
1235
14130.11
	
1235
14130.11
	
1232
14130.11
	
1233
14130.11
	
1232
14130.11
	
1232
14130.11
	
1234
14130.11
	
1232
14090.22
	
1265
14090.22
	
1260
14106.20
	
1285
14106.20
	
1287
14082.51
	
1313
14082.51
	
1306
14082.45
	
1329
14082.45
	
1324
14060.69
	
1297
14060.69
	
1305
14027.53
	
1250
14027.53
	
1248
14052.45
	
1239
14052.45
	
1235
14073.43
	
1235
14073.43
	
1236
14079.23
	
1235
14079.23
	
1234
14080.59
	
1235
14080.59
	
1237
14081.37
	
1237
14081.37
	
1232
14081.30
	
1237
14081.30
	
1235
14085.12
	
1232
14085.12
	
1232
14085.69
	
1232
14085.69
	
1237
14083.98
	
1234
14083.98
	
1233
14084.72
	
1234
14084.72
	
1233
14084.02
	
1234
14084.02
	
1232
14083.23
	
1233
14083.23
	
1233
14082.72
	
1241
14082.72
	
1235
14083.40
	
1233
14083.40
	
1233
14083.72
	
1232
14083.72
	
1232
14083.62
	
1232
14083.62
	
1234
14083.44
	
1233
14083.44
	
1233
14082.79
	
1235
14082.79
	
1234
14083.10
	
1232
14083.10
	
1233
14082.69
	
1233
14083.04
	
1255
14083.04
	
1265
14102.19
	
1291
14102.19
	
1088
14081.85
	
1310
14081.85
	
1309
14081.22
	
1326
14081.22
	
1327
14054.66
	
1296
14054.66
	
1297
14027.06
	
1247
14027.06
	
1247
14055.96
	
1235
14055.96
	
1233
14074.33
	
1233
14074.33
	
1233
14078.28
	
1235
14078.28
	
1237
14080.23
	
1234
14080.23
	
1233
14081.04
	
1238
14081.04
	
1234
14080.69
	
1231
14080.69
	
1235
14080.91
	
1235
14080.91
	
1235
14081.40
	
1237
14081.40
	
1235
14081.37
	
1235
14081.37
	
1232
14080.85
	
1237
14080.85
	
1239
14080.65
	
1234
14080.65
	
1232
14080.62
	
1233
14080.62
	
1233
14081.21
	
1232
14081.21
	
1232
14081.39
	
1233
14081.39
	
1233
14081.11
	
1235
14081.11
	
1236
14081.80
	
1233
14081.80
	
1232
14081.42
	
1235
14081.42
	
1232
14081.69
	
1235
14081.69
	
1236
14081.38
	
1235
14081.38
	
1235
14081.35
	
1234
14081.35
	
1232
14080.42
	
1232
14081.23
	
1239
14081.23
	
1234
14093.25
	
1274
14093.25
	
1275
14102.25
	
1296
14102.25
	
1295
14104.44
	
1307
14104.44
	
1311
14091.65
	
1307
14091.65
	
1311
14084.62
	
1311
14084.62
	
1307
14082.65
	
1314
14082.65
	
1302
14079.22
	
1332
14079.22
	
1328
14077.37
	
1233
14077.37
	
1241
14077.95
	
1236
14077.95
	
1237
14078.38
	
1233
14078.38
	
1233
14078.30
	
1234
14078.30
	
1233
14078.39
	
1233
14078.39
	
1235
14078.18
	
1233
14078.18
	
1232
14078.66
	
1235
14078.66
	
1235
14078.69
	
1232
14078.69
	
1230
14078.33
	
1232
14078.33
	
1233
14078.61
	
1237
14078.61
	
1235
14078.66
	
1232
14078.66
	
1234
14078.89
	
1234
14078.89
	
1234
14079.33
	
1233
14079.33
	
1238
14079.17
	
1235
14079.17
	
1234
14079.28
	
1232
14079.28
	
1234
14079.55
	
1231
14079.55
	
1235
14079.68
	
1234
14079.68
	
1233
14079.50
	
1235
14079.50
	
1235
14079.67
	
1238
14079.81
	
1258
14079.81
	
1269
14098.21
	
1287
14098.21
	
1284
14104.23
	
1299
14104.23
	
1298
14099.65
	
1297
14099.65
	
1306
14087.33
	
1311
14087.33
	
1308
14082.54
	
1302
14082.54
	
1308
14080.89
	
1310
14080.89
	
1004
14080.04
	
1322
14080.04
	
1328
14057.35
	
1311
14057.35
	
1291
14025.75
	
1247
14025.75
	
1245
14049.24
	
1234
14049.24
	
1232
14069.58
	
1232
14069.58
	
1237
14075.19
	
1233
14075.19
	
1232
14076.48
	
1232
14076.48
	
1235
14077.62
	
1233
14077.62
	
1234
14078.67
	
1233
14078.67
	
1234
14078.37
	
1234
14078.37
	
1233
14078.65
	
1234
14078.65
	
1234
14078.38
	
1233
14078.38
	
1231
14078.53
	
1232
14078.53
	
1233
14079.09
	
1235
14079.09
	
1235
14078.26
	
1232
14078.26
	
1234
14078.62
	
1233
14078.62
	
1232
14079.34
	
1233
14079.34
	
1236
14079.32
	
1234
14079.32
	
1233
14079.07
	
1234
14079.07
	
1229
14079.20
	
1232
14080.41
	
1269
14080.41
	
1264
14102.54
	
1294
14102.54
	
1293
14105.50
	
1306
14105.50
	
1303
14095.49
	
1309
14095.49
	
1311
14085.42
	
1309
14085.42
	
1315
14080.93
	
1311
14080.93
	
1109
14079.22
	
1313
14079.22
	
1301
14077.97
	
1331
14077.97
	
1327
14041.22
	
1276
14041.22
	
1268
14027.92
	
1238
14027.92
	
1250
14057.83
	
1238
14057.83
	
1235
14071.93
	
1234
14071.93
	
1232
14071.93
	
1233
14071.93
	
1238
14071.93
	
1233
14071.93
	
1239
14071.93
	
1238
14076.74
	
1258
14076.74
	
1258
14094.78
	
1280
14094.78
	
1283
14077.82
	
1309
14077.82
	
1311
14077.67
	
1325
14077.67
	
1323
14054.58
	
1299
14054.58
	
1296
14023.11
	
1249
14023.11
	
1249
14047.70
	
1237
14047.70
	
1237
14067.83
	
1234
14067.83
	
1232
14073.10
	
1236
14073.10
	
1237
14074.45
	
1233
14074.45
	
1237
14076.36
	
1236
14076.36
	
1235
14076.79
	
1234
14076.79
	
1234
14076.92
	
1238
14076.92
	
1235
14076.16
	
1234
14076.16
	
1234
14076.52
	
1234
14076.52
	
1233
14076.69
	
1237
14076.69
	
1232
14076.61
	
1232
14076.61
	
1239
14076.41
	
1232
14076.41
	
1233
14077.31
	
1237
14077.31
	
1234
14077.27
	
1237
14077.27
	
1239
14077.45
	
1234
14077.45
	
1232
14077.66
	
1234
14077.66
	
1234
14077.55
	
1234
14077.55
	
1235
14077.16
	
1234
14077.16
	
1232
14077.37
	
1232
14077.37
	
1229
14077.79
	
1235
14077.60
	
1253
14077.60
	
1258
14096.06
	
1291
14096.06
	
1360
14077.88
	
1310
14077.88
	
1311
14077.07
	
1331
14077.07
	
1328
14050.14
	
1301
14050.14
	
1290
14021.90
	
1247
14021.90
	
1243
14048.72
	
1232
14048.72
	
1234
14067.28
	
1233
14067.28
	
1237
14071.99
	
1232
14071.99
	
1235
14073.38
	
1234
14073.38
	
1237
14073.93
	
1235
14073.93
	
1236
14074.19
	
1234
14074.19
	
1234
14074.42
	
1233
14074.42
	
1234
14074.49
	
1234
14074.49
	
1237
14074.61
	
1232
14074.61
	
1232
14074.49
	
1232
14074.49
	
1234
14075.22
	
1232
14075.22
	
1234
14075.04
	
1233
14075.04
	
1235
14075.04
	
1234
14075.04
	
1239
14075.04
	
1231
14075.04
	
1234
14075.04
	
1232
14075.04
	
1235
14071.28
	
1251
14071.28
	
1261
14091.95
	
1279
14091.95
	
1287
14077.01
	
1306
14077.01
	
1306
14076.76
	
1322
14076.76
	
1328
14053.89
	
1294
14053.89
	
1299
14022.44
	
1251
14022.44
	
1247
14044.13
	
1238
14044.13
	
1237
14064.61
	
1232
14064.61
	
1234
14071.30
	
1233
14071.30
	
1238
14073.12
	
1234
14073.12
	
1235
14074.22
	
1233
14074.22
	
1232
14074.25
	
1229
14074.25
	
1233
14074.12
	
1235
14074.12
	
1234
14073.98
	
1236
14073.98
	
1235
14073.72
	
1233
14073.72
	
1237
14074.01
	
1237
14074.01
	
1232
14073.93
	
1233
14073.93
	
1236
14074.52
	
1234
14074.52
	
1234
14075.19
	
1233
14075.19
	
1234
14075.14
	
1230
14075.14
	
1239
14075.88
	
1232
14075.88
	
1232
14075.44
	
1239
14075.44
	
1232
14074.90
	
1232
14074.90
	
1234
14074.07
	
1234
14074.07
	
1234
14074.21
	
1233
14074.21
	
1237
14073.53
	
1237
14073.39
	
1257
14073.39
	
1258
14094.07
	
1278
14094.07
	
1059
14076.73
	
1311
14076.73
	
1310
14076.15
	
1323
14076.15
	
1327
14049.80
	
1299
14049.80
	
1296
14021.72
	
1249
14021.72
	
1245
14046.83
	
1235
14046.83
	
1235
14065.41
	
1238
14065.41
	
1238
14070.92
	
1236
14070.92
	
1232
14072.25
	
1232
14072.25
	
1234
14073.00
	
1238
14073.00
	
1232
14073.45
	
1235
14073.45
	
1234
14073.49
	
1235
14073.49
	
1235
14073.63
	
1234
14073.63
	
1235
14073.83
	
1235
14073.83
	
1235
14074.25
	
1234
14074.25
	
1231
14073.76
	
1235
14073.76
	
1233
14073.15
	
1232
14073.15
	
1232
14073.36
	
1234
14073.36
	
1234
14074.09
	
1233
14074.09
	
1234
14074.14
	
1232
14074.14
	
1232
14074.22
	
1232
14074.22
	
1235
14074.29
	
1235
14074.29
	
1234
14073.84
	
1232
14073.84
	
1232
14073.99
	
1233
14073.99
	
1232
14074.77
	
1230
14074.77
	
1232
14074.14
	
1237
14074.21
	
1234
14074.21
	
1238
14085.17
	
1283
14085.17
	
1283
14099.62
	
1303
14099.62
	
1303
14100.50
	
1307
14100.50
	
1308
14085.35
	
1315
14085.35
	
1305
14078.21
	
1306
14078.21
	
1302
14075.61
	
1312
14075.61
	
1309
14072.67
	
1334
14072.67
	
1330
14071.18
	
1233
14071.18
	
1235
14072.26
	
1232
14072.26
	
1237
14072.29
	
1234
14072.29
	
1233
14072.85
	
1241
14072.85
	
1234
14073.24
	
1238
14073.24
	
1232
14073.35
	
1232
14073.35
	
1233
14072.92
	
1235
14072.92
	
1234
14072.94
	
1232
14072.94
	
1239
14073.88
	
1233
14073.88
	
1232
14074.01
	
1235
14074.01
	
1239
14073.64
	
1234
14073.64
	
1236
14074.09
	
1233
14074.09
	
1232
14074.78
	
1235
14074.78
	
1232
14074.67
	
1234
14074.67
	
1232
14074.26
	
1232
14074.26
	
1234
14074.79
	
1232
14074.79
	
1233
14075.17
	
1234
14075.17
	
1236
14074.83
	
1239
14074.83
	
1235
14074.52
	
1233
14075.15
	
1251
14075.15
	
1253
14092.42
	
1280
14092.42
	
1280
14102.32
	
1296
14102.32
	
1299
14094.76
	
1305
14094.76
	
1310
14082.71
	
1313
14082.71
	
1314
14076.86
	
1313
14076.86
	
1311
14075.29
	
1310
14075.29
	
1355
14073.82
	
1319
14073.82
	
1327
14050.62
	
1299
14050.62
	
1296
14020.19
	
1246
14020.19
	
1249
14043.76
	
1235
14043.76
	
1233
14064.31
	
1233
14064.31
	
1234
14069.71
	
1235
14069.71
	
1238
14071.82
	
1239
14071.82
	
1238
14072.29
	
1238
14072.29
	
1241
14072.44
	
1233
14072.44
	
1232
14072.58
	
1234
14072.58
	
1235
14072.68
	
1232
14072.68
	
1234
14072.41
	
1241
14072.41
	
1238
14072.24
	
1233
14072.24
	
1237
14072.73
	
1233
14072.73
	
1233
14072.29
	
1234
14072.29
	
1234
14072.51
	
1233
14072.51
	
1232
14072.96
	
1235
14072.96
	
1232
14073.28
	
1233
14073.28
	
1233
14073.34
	
1230
14073.34
	
1232
14073.48
	
1232
14074.42
	
1275
14074.42
	
1277
14096.66
	
1287
14096.66
	
1302
14101.73
	
1306
14101.73
	
1303
14090.87
	
1309
14090.87
	
1310
14079.62
	
1315
14079.62
	
1312
14075.57
	
1309
14075.57
	
1099
14073.31
	
1306
14073.31
	
1311
14071.75
	
1322
14071.75
	
1326
14037.51
	
1278
14037.51
	
1270
14021.89
	
1238
14021.89
	
1242
14050.51
	
1235
14050.51
	
1237
14065.66
	
1235
14065.66
	
1238
14069.15
	
1232
14069.15
	
1238
14070.90
	
1234
14070.90
	
1238
14071.54
	
1235
14071.54
	
1237
14071.08
	
1233
14071.08
	
1235
14071.08
	
1234
14071.08
	
1233
14071.08
	
1234
14071.08
	
1232
14071.08
	
1232
14071.08
	
1235
14069.27
	
1265
14069.27
	
1262
14088.84
	
1278
14088.84
	
1282
14073.43
	
1309
14073.43
	
1309
14073.18
	
1319
14073.18
	
1328
14050.30
	
1303
14050.30
	
1296
14018.63
	
1250
14018.63
	
1251
14040.53
	
1233
14040.53
	
1238
14061.07
	
1236
14061.07
	
1236
14066.20
	
1237
14066.20
	
1234
14067.66
	
1237
14067.66
	
1235
14068.69
	
1235
14068.69
	
1234
14070.07
	
1235
14070.07
	
1232
14069.53
	
1234
14069.53
	
1237
14070.46
	
1237
14070.46
	
1234
14070.78
	
1232
14070.78
	
1241
14070.29
	
1234
14070.29
	
1234
14071.01
	
1233
14071.01
	
1234
14070.44
	
1234
14070.44
	
1235
14070.91
	
1232
14070.91
	
1232
14070.79
	
1239
14070.79
	
1235
14071.03
	
1232
14071.03
	
1232
14071.23
	
1237
14071.23
	
1232
14070.59
	
1232
14070.59
	
1234
14070.89
	
1233
14070.89
	
1233
14070.66
	
1236
14070.66
	
1235
14071.02
	
1232
14071.35
	
1259
14071.35
	
1281
14091.43
	
1283
14091.43
	
1117
14073.93
	
1303
14073.93
	
1306
14073.48
	
1326
14073.48
	
1327
14046.85
	
1298
14046.85
	
1297
14014.39
	
1249
14014.39
	
1248
14040.21
	
1235
14040.21
	
1235
14060.67
	
1237
14060.67
	
1237
14066.73
	
1235
14066.73
	
1233
14069.92
	
1232
14069.92
	
1235
14070.70
	
1221
14070.70
	
1218
14071.53
	
1200
14071.53
	
1207
14071.20
	
1206
14071.20
	
1203
14070.24
	
1213
14070.24
	
1213
14071.00
	
1195
14071.00
	
1190
14070.48
	
1199
14070.48
	
1191
14070.03
	
1200
14070.03
	
1199
14068.94
	
1199
14068.94
	
1200
14068.38
	
1200
14068.38
	
1209
14067.92
	
1211
14067.92
	
1209
14067.67
	
1209
14067.67
	
1207
14067.56
	
1201
14067.56
	
1206
14067.40
	
1200
14067.40
	
1204
14066.74
	
1199
14066.74
	
1200
14069.37
	
1199
14069.37
	
1199
14068.22
	
1200
14068.22
	
1186
14066.94
	
1199
14066.04
	
1203
14066.04
	
1206
14078.29
	
1239
14078.29
	
1251
14095.96
	
1264
14095.96
	
1267
14096.50
	
1266
14096.50
	
1269
14082.51
	
1270
14082.51
	
1269
14074.86
	
1267
14074.86
	
1250
14071.80
	
1264
14071.80
	
1248
14067.75
	
1269
14067.75
	
1275
14062.11
	
1200
14062.11
	
1195
14063.86
	
1203
14063.86
	
1203
1406