=~=~=~=~=~=~=~=~=~=~=~= PuTTY log 2024.11.29 12:35:55 =~=~=~=~=~=~=~=~=~=~=~=

345
14111.29
	
241
14012.46
	
379
14012.46
	
409
14001.24
	
279
14001.24
	
177
13927.18
	
240
13927.18
	
144
13999.12
	
257
13999.12
	
185
14036.20
	
298
14036.20
	
320
14045.08
	
273
14045.08
	
175
14048.79
	
230
14048.79
	
139
14051.50
	
246
14051.50
	
175
14052.73
	
290
14052.73
	
310
14054.02
	
272
14054.02
	
420
14056.59
	
320
14056.59
	
225
14056.56
	
297
14056.56
	
340
14057.40
	
270
14057.40
	
173
14057.48
	
239
14057.48
	
144
14057.46
	
237
14057.46
	
164
14057.69
	
293
14057.69
	
339
14057.95
	
267
14057.95
	
166
14058.10
	
241
14058.10
	
149
14057.52
	
234
14057.52
	
163
14057.80
	
271
14057.80
	
384
14057.80
	
269
14057.80
	
158
14057.70
	
212
14057.70
	
144
14058.10
	
241
14058.10
	
176
14083.62
	
283
14083.62
	
172
14105.12
	
240
14105.12
	
131
14088.60
	
240
14088.60
	
171
14043.38
	
275
14043.38
	
331
14021.94
	
282
14021.94
	
174
14015.62
	
224
14015.62
	
129
14004.82
	
337
14004.82
	
259
13999.70
	
295
13999.70
	
191
13924.18
	
259
13924.18
	
147
13988.97
	
216
13988.97
	
141
14029.73
	
256
14029.73
	
191
14040.98
	
307
14040.98
	
194
14046.20
	
237
14046.20
	
125
14048.84
	
209
14048.84
	
144
14051.56
	
288
14051.56
	
209
14053.61
	
283
14053.61
	
443
14064.08
	
288
14064.08
	
190
14084.75
	
262
14084.75
	
192
14130.13
	
404
14130.13
	
169
14183.76
	
256
14183.76
	
141
14225.96
	
213
14225.96
	
138
14257.05
	
256
14257.05
	
191
14293.21
	
291
14293.21
	
192
14338.97
	
269
14338.97
	
153
14370.61
	
214
14370.61
	
141
14522.46
	
368
14522.46
	
253
14545.23
	
271
14545.23
	
167
14849.06
	
217
14849.06
	
138
15025.63
	
246
15025.63
	
178
14998.40
	
409
14998.40
	
180
14936.66
	
260
14936.66
	
154
14904.90
	
229
14904.90
	
143
14897.46
	
245
14897.46
	
181
14876.73
	
287
14876.73
	
193
14656.70
	
262
14656.70
	
370
14620.35
	
291
14620.35
	
218
14623.14
	
295
14623.14
	
325
14633.23
	
270
14633.23
	
164
14647.76
	
218
14647.76
	
129
14666.85
	
235
14666.85
	
170
14681.25
	
284
14681.25
	
315
14677.44
	
279
14677.44
	
172
14685.39
	
211
14685.39
	
128
14701.57
	
240
14701.57
	
171
14717.68
	
400
14717.68
	
441
14753.18
	
303
14753.18
	
183
14758.15
	
235
14758.15
	
165
14762.02
	
289
14762.02
	
345
14766.45
	
277
14766.45
	
171
14773.74
	
230
14773.74
	
125
14780.21
	
239
14780.21
	
172
14779.79
	
289
14779.79
	
322
14784.83
	
275
14784.83
	
170
14795.45
	
220
14795.45
	
126
14804.60
	
359
14804.60
	
272
14820.11
	
291
14820.11
	
185
15184.53
	
247
15184.53
	
134
15431.59
	
212
15431.59
	
144
15394.89
	
274
15394.89
	
335
15343.13
	
274
15343.13
	
173
15303.88
	
244
15303.88
	
138
15282.51
	
239
15282.51
	
166
15261.92
	
264
15261.92
	
327
14994.76
	
284
14994.76
	
406
14784.94
	
281
14784.94
	
187
14791.50
	
262
14791.50
	
192
14797.03
	
297
14797.03
	
192
14806.41
	
254
14806.41
	
142
14818.95
	
231
14818.95
	
152
14828.24
	
275
14828.24
	
208
14838.16
	
284
14838.16
	
185
14844.30
	
249
14844.30
	
135
14853.21
	
209
14853.21
	
137
14876.04
	
482
14876.04
	
237
14884.85
	
299
14884.85
	
182
14883.81
	
210
14883.81
	
133
14880.30
	
250
14880.30
	
181
14880.57
	
301
14880.57
	
204
14884.63
	
283
14884.63
	
164
14882.94
	
212
14882.94
	
131
14882.65
	
243
14882.65
	
175
14883.78
	
314
14883.78
	
208
14886.38
	
258
14886.38
	
384
14888.52
	
302
14888.52
	
217
14895.81
	
404
14895.81
	
176
15185.87
	
269
15185.87
	
171
15444.44
	
214
15444.44
	
128
15451.06
	
232
15451.06
	
163
15381.37
	
401
15381.37
	
178
15334.23
	
285
15334.23
	
166
15319.00
	
212
15319.00
	
134
15309.62
	
234
15309.62
	
165
15097.84
	
293
15097.84
	
445
14830.62
	
310
14830.62
	
186
14840.92
	
229
14840.92
	
160
14852.78
	
272
14852.78
	
315
14864.71
	
295
14864.71
	
182
14876.82
	
229
14876.82
	
139
14880.94
	
243
14880.94
	
177
14885.14
	
417
14885.14
	
186
14892.51
	
295
14892.51
	
185
14902.83
	
234
14902.83
	
141
15005.08
	
375
15005.08
	
427
15020.34
	
314
15020.34
	
212
15026.80
	
271
15026.80
	
151
15028.93
	
262
15028.93
	
183
15038.12
	
301
15038.12
	
338
15049.36
	
306
15049.36
	
196
15057.41
	
249
15057.41
	
142
15080.16
	
253
15080.16
	
180
15103.83
	
294
15103.83
	
336
15117.81
	
300
15117.81
	
446
15184.96
	
336
15184.96
	
231
15198.12
	
304
15198.12
	
220
15513.04
	
320
15513.04
	
211
15947.26
	
223
15947.26
	
121
16001.60
	
215
16001.60
	
147
15927.62
	
278
15927.62
	
333
15865.68
	
268
15865.68
	
174
15831.78
	
257
15831.78
	
160
15803.57
	
241
15803.57
	
146
15584.43
	
263
15584.43
	
444
15149.07
	
338
15149.07
	
230
15162.37
	
261
15162.37
	
173
15168.99
	
265
15168.99
	
181
15175.89
	
269
15175.89
	
176
15181.38
	
261
15181.38
	
163
15184.76
	
240
15184.76
	
155
15188.35
	
270
15188.35
	
318
15190.21
	
276
15190.21
	
181
15196.89
	
257
15196.89
	
161
15204.42
	
326
15204.42
	
233
15202.46
	
279
15202.46
	
189
15196.49
	
279
15196.49
	
179
15189.87
	
231
15189.87
	
149
15184.18
	
246
15184.18
	
164
15181.32
	
267
15181.32
	
177
15178.34
	
272
15178.34
	
174
15176.65
	
238
15176.65
	
153
15176.76
	
256
15176.76
	
174
15180.12
	
256
15180.12
	
427
15169.44
	
336
15169.44
	
221
15176.31
	
250
15176.31
	
165
15472.72
	
375
15472.72
	
155
16009.02
	
259
16009.02
	
169
16112.03
	
259
16112.03
	
162
16032.96
	
259
16032.96
	
176
15968.44
	
262
15968.44
	
176
15939.41
	
274
15939.41
	
176
15924.74
	
240
15924.74
	
151
15010.27
	
329
15010.27
	
353
15019.29
	
273
15019.29
	
180
15026.30
	
272
15026.30
	
171
15033.40
	
262
15033.40
	
175
15040.47
	
372
15040.47
	
143
15040.51
	
227
