=~=~=~=~=~=~=~=~=~=~=~= PuTTY log 2024.12.02 12:17:55 =~=~=~=~=~=~=~=~=~=~=~=
1314
0.00
37857
	
1321
0.00
37860
	
1324
0.00
37862
	
1323
0.00
37863
	
1321
0.00
37865
	
1322
0.00
37867
	
1319
0.31
37891
	
1343
0.31
38015
	
1351
27.53
38039
	
1346
27.53
38040
	
1345
27.79
38064
	
1348
27.79
38065
	
1346
21.09
38089
	
1349
21.09
38090
	
1342
5.09
38114
	
1328
5.09
38115
	
1327
0.00
38139
	
1325
0.00
38140
	
1325
0.00
38287
	
1319
0.00
38288
	
1319
0.00
38312
	
1314
0.00
38313
	
1326
0.00
38338
	
1323
0.00
38339
	
1328
0.00
38363
	
1322
0.00
38364
	
1323
0.00
38388
	
1321
0.00
38389
	
1322
0.00
38413
	
1327
0.00
38414
	
1323
0.00
38561
	
1321
0.00
38562
	
1319
0.00
38586
	
1319
0.00
38587
	
1321
0.00
38611
	
1317
0.00
38612
	
1324
0.00
38636
	
1322
0.00
38637
	
1326
0.00
38662
	
1323
0.00
38663
	
1323
0.00
38687
	
1322
0.00
38688
	
1325
0.00
38835
	
1319
0.00
38836
	
1318
0.00
38860
	
1326
0.00
38861
	
1322
0.35
38885
	
1325
3.27
38910
	
1329
3.27
38911
	
1342
14.48
38935
	
1326
14.48
38936
	
1339
30.09
38960
	
1344
30.09
38961
	
1345
37.17
38986
	
1347
37.17
39110
	
1328
7.19
39133
	
1325
7.19
39134
	
1326
7.07
39158
	
1319
7.07
39159
	
1323
6.57
39184
	
1322
6.57
39185
	
1322
7.75
39209
	
1312
7.75
39210
	
1319
11.32
39234
	
1324
11.32
39235
	
1325
28.85
39382
	
1321
28.85
39383
	
1325
33.33
39407
	
1327
33.33
39408
	
1321
34.75
39432
	
1319
34.75
39433
	
1319
35.26
39457
	
1322
35.26
39458
	
1322
35.98
39482
	
1316
35.98
39483
	
1319
31.97
39630
	
1319
31.97
39631
	
1321
31.43
39655
	
1322
31.43
39656
	
1318
31.39
39681
	
1322
31.39
39682
	
1318
30.80
39706
	
1325
30.80
39707
	
1319
30.34
39731
	
1322
30.34
39732
	
1317
26.23
39879
	
1312
26.23
39880
	
1323
22.74
39904
	
1317
22.74
39905
	
1313
17.19
39929
	
1322
14.54
39954
	
1339
14.54
39955
	
1335
30.88
39979
	
1349
30.88
39980
	
1341
45.05
40004
	
1339
45.05
40005
	
1346
2.75
40152
	
1325
2.75
40153
	
1323
5.62
40177
	
1322
5.62
40178
	
1315
13.90
40203
	
1321
13.90
40204
	
1316
22.37
40228
	
1318
22.37
40229
	
1324
28.76
40253
	
1319
28.76
40254
	
1319
30.43
40278
	
1321
30.43
40402
	
1319
34.44
40426
	
1323
34.44
40427
	
1317
36.08
40451
	
1319
36.08
40452
	
1323
37.74
40476
	
1321
37.74
40477
	
1322
37.88
40501
	
1319
37.88
40502
	
1319
37.08
40527
	
1323
37.08
40528
	
1319
41.93
40674
	
1322
41.93
40675
	
1321
42.01
40700
	
1319
42.01
40701
	
1321
41.85
40725
	
1322
41.85
40726
	
1319
41.82
40750
	
1326
41.82
40751
	
1322
41.30
40775
	
1323
41.30
40776
	
1324
41.31
40923
	
1319
41.31
40924
	
1321
41.58
40948
	
1319
41.58
40949
	
1318
41.21
40973
	
1325
40.77
40998
	
1327
40.77
40999
	
1326
44.64
41023
	
1325
44.64
41024
	
1325
59.31
41049
	
1326
59.31
41050
	
1326
47.61
41074
	
1325
38.37
41218
	
1326
38.37
41219
	
1320
38.09
41244
	
1317
38.09
41245
	
1323
37.69
41269
	
1314
37.69
41270
	
1321
37.14
41294
	
1327
37.14
41295
	
1323
36.72
41319
	
1317
36.72
41320
	
1325
36.86
41467
	
1319
36.86
41468
	
1318
37.01
41492
	
1321
37.01
41493
	
1322
36.61
41517
	
1325
36.61
41518
	
1311
36.10
41542
	
1323
36.10
41543
	
1323
35.77
41568
	
1315
35.77
41569
	
1314
36.44
41715
	
1323
36.44
41716
	
1321
36.54
41740
	
1321
36.54
41741
	
1318
36.43
41766
	
1323
36.43
41767
	
1326
36.00
41791
	
1319
36.00
41792
	
1323
35.59
41816
	
1322
35.59
41817
	
1323
35.77
41964
	
1322
35.77
41965
	
1320
35.35
41989
	
1315
35.35
41990
	
1323
35.11
42014
	
1321
35.02
42039
	
1326
35.02
42040
	
1327
39.81
42064
	
1328
39.81
42065
	
1327
53.46
42090
	
1327
53.46
42091
	
1327
42.00
42115
	
1323
33.63
42259
	
1324
33.63
42260
	
1323
33.82
42285
	
1325
33.82
42286
	
1317
33.45
42310
	
1323
33.45
42311
	
1322
33.16
42335
	
1313
33.16
42336
	
1314
33.52
42360
	
1318
33.52
42361
	
1322
34.13
42508
	
1325
34.13
42509
	
1323
34.13
42533
	
1323
34.13
42534
	
1323
34.17
42558
	
1324
34.17
42559
	
1319
33.86
42583
	
1323
33.86
42584
	
1318
33.44
42609
	
1322
33.44
42610
	
1325
32.36
42756
	
1317
32.36
42757
	
1323
32.20
42781
	
1327
32.20
42782
	
1321
32.16
42807
	
1327
32.16
42808
	
1323
32.18
42832
	
1321
32.18
42833
	
1326
32.21
42857
	
1321
32.21
42858
	
1323
31.68
43005
	
1316
31.68
43006
	
1317
32.00
43030
	
1323
32.00
43031
	
1322
32.25
43055
	
1325
32.11
43080
	
1323
32.11
43081
	
1328
37.32
43105
	
1326
37.32
43106
	
1328
50.09
43131
	
1327
50.09
43132
	
1327
38.19
43156
	
1324
31.12
43300
	
1323
31.12
43301
	
1319
31.36
43326
	
1325
31.36
43327
	
1319
31.00
43351
	
1322
31.00
43352
	
1314
30.57
43376
	
1316
30.57
43377
	
1321
30.56
43401
	
1314
30.56
43402
	
1318
26.27
43549
	
1325
26.27
43550
	
1322
23.04
43574
	
1323
23.04
43575
	
1325
19.31
43599
	
1319
19.31
43600
	
1322
15.21
43624
	
1326
15.21
43625
	
1324
12.36
43650
	
1323
12.36
43651
	
1325
2.11
43797
	
1315
2.11
43798
	
1323
0.00
43823
	
1322
0.00
43824
	
1322
0.03
43848
	
1321
0.03
43849
	
1322
2.29
43873
	
1322
2.29
43874
	
1322
3.33
43898
	
1323
3.33
43899
	
1322
1.80
43923
	
1322
1.80
43924
	
1317
1.47
44071
	
1321
1.47
44072
	
1318
2.66
44096
	
1318
2.95
44121
	
1328
2.95
44122
	
1333
7.85
44147
	
1334
7.85
44148
	
1344
26.04
44172
	
1347
26.04
44173
	
1345
32.71
44197
	
1342
32.71
44198
	
1341
30.87
44222
	
1344
30.87
44346
	
1319
0.78
44370
	
1322
0.78
44371
	
1323
1.31
44395
	
1317
1.31
44396
	
1318
1.68
44420
	
1324
1.68
44421
	
1325
2.11
44445
	
1321
2.11
44446
	
1322
1.89
44471
	
1323
1.89
44472
	
1322
2.44
44496
	
1319
2.44
44620
	
1320
3.39
44644
	
1320
3.39
44645
	
1317
3.06
44669
	
1323
3.06
44670
	
1322
2.91
44694
	
1318
2.91
44695
	
1318
2.95
44719
	
1322
2.95
44720
	
1323
2.02
44744
	
1323
2.02
44745
	
1316
1.30
44769
	
1322
1.30
44893
	
1327
1.99
44917
	
1320
1.99
44918
	
1324
1.97
44942
	
1321
1.97
44943
	
1322
1.54
44967
	
1323
1.54
44968
	
1325
1.71
44993
	
1319
1.71
44994
	
1321
2.41
45018
	
1319
2.41
45019
	
1312
2.85
45043
	
1319
2.85
45167
	
1319
3.15
45191
	
1318
3.15
45192
	
1322
2.91
45219
	
1326
2.91
45220
	
1328
7.50
45244
	
1335
7.50
45245
	
1346
27.68
45269
	
1343
27.68
45270
	
1342
34.55
45295
	
1338
34.55
45296
	
1343
2.85
45442
	
1328
2.85
45443
	
1323
3.20
45468
	
1323
3.20
45469
	
1323
3.81
45493
	
1322
3.81
45494
	
1327
3.75
45518
	
1325
3.75
45519
	
1322
3.49
45543
	
1322
3.49
45544
	
1316
3.55
45568
	
1321
3.55
45569
	
1319
4.09
45716
	
1321
4.09
45717
	
1327
4.89
45741
	
1321
4.89
45742
	
1321
5.32
45766
	
1328
5.32
45767
	
1319
5.14
45791
	
1318
5.14
45792
	
1319
4.74
45817
	
1322
4.74
45818
	
1322
4.61
45842
	
1326
4.61
45843
	
1321
4.93
45990
	
1315
4.93
45991
	
1319
4.71
46015
	
1319
4.71
46016
	
1322
4.40
46040
	
1323
4.40
46041
	
1317
4.08
46065
	
1323
4.08
46066
	
1322
3.33
46090
	
1325
3.33
46091
	
1322
3.16
46115
	
1321
3.16
46116
	
1315
3.01
46263
	
1315
3.01
46264
	
1317
3.49
46288
	
1329
3.49
46289
	
1333
14.77
46314
	
1334
14.77
46315
	
1338
31.39
46339
	
1344
31.39
46340
	
1351
35.71
46364
	
1347
35.71
46365
	
1343
0.88
46512
	
1322
0.88
46513
	
1327
1.17
46537
	
1319
1.17
46538
	
1310
1.60
46562
	
1318
1.60
46563
	
1318
1.94
46587
	
1319
1.94
46588
	
1318
1.99
46612
	
1318
1.99
46613
	
1319
1.80
46637
	
1322
1.80
46638
	
1322
0.00
46785
	
1319
0.00
46786
	
1321
0.00
46810
	
1323
0.00
46811
	
1328
0.00
46836
	
1319
0.00
46837
	
1318
0.00
46861
	
1323
0.00
46862
	
1316
0.00
46886
	
1315
0.00
46887
	
1315
0.00
46911
	
1327
0.00
46912
	
1322
0.00
47059
	
1321
0.00
47060
	
1323
0.00
47084
	
1319
0.00
47085
	
1321
0.00
47109
	
1321
0.00
47110
	
1325
0.00
47134
	
1324
0.00
47135
	
1322
0.00
47160
	
1319
0.00
47161
	
1315
0.00
47185
	
1322
0.00
47186
	
1325
0.00
47333
	
1323
0.00
47334
	
1321
0.00
47361
	
1325
0.00
47362
	
1328
3.19
47386
	
1344
3.19
47387
	
1342
21.87
47411
	
1345
21.87
47412
	
1337
29.03
47436
	
1343
29.03
47437
	
1341
28.03
47461
	
1349
28.03
47585
	
1324
1.15
47609
	
1322
1.15
47610
	
1322
2.09
47634
	
1321
2.09
47635
	
1322
3.36
47660
	
1323
3.36
47661
	
1320
3.96
47685
	
1323
3.96
47686
	
1323
4.10
47710
	
1323
4.10
47711
	
1321
4.35
47735
	
1324
4.35
47859
	
1321
5.22
47883
	
1321
5.22
47884
	
1321
5.21
47908
	
1321
5.21
47909
	
1321
4.77
47933
	
1314
4.77
47934
	
1323
4.06
47958
	
1321
4.06
47959
	
1319
3.83
47984
	
1328
3.83
47985
	
1318
3.43
48131
	
1324
3.43
48132
	
1325
2.81
48156
	
1317
2.81
48157
	
1315
2.51
48182
	
1317
2.51
48183
	
1324
2.24
48207
	
1319
2.24
48208
	
1324
1.97
48232
	
1323
1.97
48233
	
1319
1.41
48257
	
1322
1.41
48258
	
1319
1.37
48405
	
1323
1.37
48406
	
1317
2.03
48433
	
1327
2.03
48434
	
1331
16.73
48458
	
1342
16.73
48459
	
1339
30.56
48484
	
1345
30.56
48485
	
1348
34.35
48509
	
1351
34.35
48510
	
1357
23.41
48534
	
1338
23.41
48658
	
1321
0.00
48682
	
1326
0.00
48683
	
1328
0.00
48707
	
1315
0.00
48708
	
1318
0.00
48732
	
1323
0.00
48733
	
1328
0.00
48757
	
1320
0.00
48758
	
1325
0.00
48782
	
1327
0.00
48783
	
1322
0.00
48808
	
1325
0.00
48932
	
1321
0.00
48955
	
1323
0.00
48956
	
1326
0.00
48981
	
1327
0.00
48982
	
1315
0.00
49006
	
1318
0.00
49007
	
1317
0.00
49031
	
1324
0.00
49032
	
1322
0.00
49056
	
1321
0.00
49057
	
1320
0.00
49081
	
1322
0.00
49205
	
1324
0.00
49229
	
1322
0.00
49230
	
1325
0.00
49254
	
1327
0.00
49255
	
1323
0.00
49279
	
1319
0.00
49280
	
1318
0.00
49304
	
1323
0.00
49305
	
1319
0.00
49330
	
1317
0.00
49331
	
1318
0.00
49477
	
1319
0.00
49478
	
1325
0.00
49503
	
1323
0.00
49528
	
1337
0.00
49529
	
1337
8.51
49553
	
1341
8.51
49554
	
1344
25.61
49578
	
1343
25.61
49579
	
1345
30.51
49603
	
1344
30.51
49604
	
1349
24.44
49628
	
1349
24.44
49629
	
1328
0.00
49776
	
1323
0.00
49777
	
1325
0.00
49801
	
1327
0.00
49802
	
1322
0.00
49827
	
1323
0.00
49828
	
1326
0.00
49852
	
1319
0.00
49853
	
1323
0.00
49877
	
1319
0.00
49878
	
1318
0.00
49902
	
1325
0.00
50026
	
1311
0.00
50050
	
1319
0.00
50051
	
1323
0.00
50075
	
1323
0.00
50076
	
1323
0.00
50100
	
1323
0.00
50101
	
1318
0.00
50125
	
1326
0.00
50126
	
1322
0.00
50150
	
1319
0.00
50151
	
1325
0.00
50176
	
1323
0.00
50300
	
1318
0.00
50323
	
1319
0.00
50324
	
1323
0.00
50349
	
1321
0.00
50350
	
1321
0.00
50374
	
1323
0.00
50375
	
1318
0.00
50399
	
1319
0.00
50400
	
1328
0.00
50424
	
1322
0.00
50425
	
1319
0.00
50449
	
1319
0.00
50573
	
1322
0.00
50597
	
1323
0.00
50598
	
1325
0.00
50622
	
1333
0.00
50623
	
1328
3.68
50647
	
1328
3.68
50648
	
1340
20.62
50673
	
1341
20.62
50674
	
1345
25.54
50698
	
1344
25.54
50699
	
1343
0.00
50846
	
1329
0.00
50847
	
1323
0.00
50871
	
1326
0.00
50872
	
1325
0.00
50896
	
1325
0.00
50897
	
1327
0.00
50921
	
1323
0.00
50922
	
1319
0.00
50946
	
1319
0.00
50947
	
1325
0.00
50971
	
1316
0.00
50972
	
1326
0.00
51119
	
1321
0.00
51120
	
1327
0.00
51144
	
1328
0.00
51145
	
1323
0.00
51169
	
1323
0.00
51170
	
1324
0.00
51195
	
1323
0.00
51196
	
1323
0.00
51220
	
1324
0.00
51221
	
1319
0.00
51245
	
1325
0.00
51246
	
1321
0.00
51393
	
1322
0.00
51394
	
1323
0.00
51418
	
1325
0.00
51419
	
1326
0.00
51443
	
1322
0.00
51444
	
1321
0.00
51468
	
1325
0.00
51469
	
1326
0.00
51493
	
1322
0.00
51494
	
1324
0.00
51519
	
1325
0.00
51520
	
1320
0.00
51666
	
1322
0.00
51667
	
1321
0.00
51692
	
1338
0.00
51693
	
1332
10.77
51717
	
1341
10.77
51718
	
1339
24.59
51742
	
1350
24.59
51743
	
1346
27.97
51767
	
1348
27.97
51768
	
1354
0.00
51915
	
1325
0.00
51916
	
1318
0.00
51940
	
1318
0.00
51941
	
1325
0.00
51965
	
1319
0.00
51966
	
1319
0.00
51990
	
1324
0.00
51991
	
1325
0.00
52016
	
1327
0.00
52017
	
1325
0.00
52041
	
1327
0.00
52042
	
1323
0.00
52188
	
1322
0.00
52189
	
1327
0.00
52214
	
1322
0.00
52215
	
1326
0.00
52239
	
1322
0.00
52240
	
1325
0.00
52264
	
1321
0.00
52265
	
1315
0.00
52289
	
1325
0.00
52290
	
1323
0.00
52314
	
1318
0.00
52315
	
1322
0.55
52462
	
1327
0.55
52463
	
1323
3.91
52487
	
1327
3.91
52488
	
1326
7.27
52512
	
1326
7.27
52513
	
1323
9.26
52538
	
1323
9.26
52539
	
1315
9.52
52563
	
1319
9.52
52564
	
1323
9.42
52588
	
1311
9.42
52589
	
1325
10.36
52736
	
1326
10.36
52737
	
1322
10.49
52764
	
1329
10.49
52765
	
1333
17.51
52789
	
1342
17.51
52790
	
1328
38.13
52814
	
1344
38.13
52815
	
1350
44.73
52840
	
1343
44.73
52841
	
1344
8.52
52987
	
1318
8.52
52988
	
1319
8.62
53013
	
1321
8.62
53014
	
1322
9.02
53038
	
1318
9.02
53039
	
1323
9.96
53063
	
1323
9.96
53064
	
1318
9.81
53088
	
1328
9.81
53089
	
1322
8.87
53113
	
1323
8.87
53114
	
1321
7.84
53261
	
1321
7.84
53262
	
1322
7.69
53286
	
1323
7.69
53287
	
1327
7.72
53311
	
1323
7.72
53312
	
1321
7.38
53336
	
1323
7.38
53337
	
1322
7.33
53362
	
1319
7.33
53363
	
1318
7.52
53387
	
1324
7.52
53388
	
1317
8.17
53535
	
1322
8.17
53536
	
1319
8.42
53560
	
1319
8.42
53561
	
1323
8.34
53585
	
1323
8.34
53586
	
1323
8.45
53610
	
1317
8.45
53611
	
1322
9.03
53635
	
1325
9.03
53636
	
1323
8.94
53660
	
1325
8.94
53661
	
1319
8.47
53808
	
1326
8.47
53809
	
1319
8.76
53833
	
1313
8.76
53834
	
1318
10.30
53859
	
1326
10.30
53860
	
1333
29.39
53884
	
1339
29.39
53885
	
1346
40.43
53909
	
1345
40.43
53910
	
1346
6.13
54057
	
1321
6.13
54058
	
1326
6.19
54082
	
1323
6.19
54083
	
1317
6.42
54107
	
1328
6.42
54108
	
1323
6.09
54132
	
1325
6.09
54133
	
1326
5.72
54157
	
1322
5.72
54158
	
1322
5.73
54183
	
1326
5.73
54184
	
1323
6.02
54330
	
1324
6.02
54331
	
1325
5.75
54356
	
1322
5.75
54357
	
1321
5.41
54381
	
1324
5.41
54382
	
1323
5.51
54406
	
1328
5.51
54407
	
1322
5.92
54431
	
1325
5.92
54432
	
1323
6.07
54456
	
1318
6.07
54457
	
1323
7.17
54604
	
1324
7.17
54605
	
1321
7.25
54629
	
1322
7.25
54630
	
1328
7.36
54654
	
1325
7.36
54655
	
1325
7.88
54679
	
1323
7.88
54680
	
1323
8.57
54705
	
1325
8.57
54706
	
1321
8.91
54730
	
1326
8.91
54731
	
1327
8.85
54878
	
1323
8.85
54879
	
1327
9.43
54906
	
1328
9.43
54907
	
1335
18.03
54931
	
1343
18.03
54932
	
1339
37.04
54956
	
1344
37.04
54957
	
1344
43.20
54981
	
1342
43.20
54982
	
1341
38.75
55007
	
1347
38.75
55131
	
1322
8.52
55154
	
1323
8.52
55155
	
1321
8.63
55180
	
1324
8.63
55181
	
1323
8.83
55205
	
1323
8.83
55206
	
1321
9.08
55230
	
1326
9.08
55231
	
1323
9.56
55255
	
1322
9.56
55256
	
1323
9.55
55403
	
1325
9.55
55404
	
1320
9.14
55428
	
1323
9.14
55429
	
1327
9.05
55453
	
1322
9.05
55454
	
1321
9.24
55478
	
1322
9.24
55479
	
1321
9.06
55503
	
1326
9.06
55504
	
1321
8.90
55529
	
1323
8.90
55530
	
1322
10.10
55676
	
1326
10.10
55677
	
1322
10.07
55702
	
1322
10.07
55703
	
1322
9.62
55727
	
1317
9.62
55728
	
1323
9.49
55752
	
1325
9.49
55753
	
1323
9.96
55777
	
1328
9.96
55778
	
1323
10.26
55802
	
1317
10.26
55926
	
1327
9.45
55950
	
1325
9.45
55951
	
1317
10.43
55975
	
1323
10.43
55976
	
1318
12.35
56000
	
1333
12.35
56001
	
1342
32.49
56026
	
1346
32.49
56027
	
1341
42.82
56051
	
1343
42.82
56052
	
1327
8.69
56199
	
1325
8.69
56200
	
1323
8.57
56224
	
1323
8.57
56225
	
1322
8.99
56249
	
1323
8.99
56250
	
1326
9.38
56274
	
1323
9.38
56275
	
1313
9.25
56299
	
1321
9.25
56300
	
1317
9.43
56324
	
1322
9.43
56325
	
1323
9.94
56472
	
1323
9.94
56473
	
1323
9.87
56497
	
1327
9.87
56498
	
1325
9.61
56523
	
1322
9.61
56524
	
1323
9.37
56548
	
1324
9.37
56549
	
1321
9.44
56573
	
1321
9.44
56574
	
1323
9.65
56598
	
1326
9.65
56599
	
1324
9.31
56746
	
1321
9.31
56747
	
1318
9.53
56771
	
1323
9.53
56772
	
1326
9.62
56796
	
1324
9.62
56797
	
1321
9.75
56821
	
1321
9.75
56822
	
1323
9.62
56846
	
1327
9.62
56847
	
1323
9.24
56872
	
1319
9.24
56873
	
1324
9.61
57019
	
1315
9.61
57020
	
1325
9.54
57045
	
1327
9.54
57046
	
1330
17.51
57070
	
1351
17.51
57071
	
1345
37.15
57095
	
1349
37.15
57096
	
1349
43.66
57120
	
1343
43.66
57121
	
1345
8.48
57268
	
1322
8.48
57269
	
1327
9.08
57293
	
1326
9.08
57294
	
1319
9.70
57318
	
1318
9.70
57319
	
1325
9.96
57343
	
1319
9.96
57344
	
1319
9.92
57369
	
1327
9.92
57370
	
1325
10.10
57394
	
1323
10.10
57395
	
1323
11.45
57542
	
1313
11.45
57543
	
1322
11.93
57567
	
1323
11.93
57568
	
1326
11.97
57592
	
1319
11.97
57593
	
1317
11.69
57617
	
1325
11.69
57618
	
1321
11.43
57642
	
1318
11.43
57643
	
1318
12.31
57790
	
1324
12.31
57791
	
1327
12.26
57815
	
1325
12.26
57816
	
1325
11.67
57840
	
1325
11.67
57841
	
1324
11.86
57866
	
1319
11.86
57867
	
1319
12.18
57891
	
1319
12.18
57892
	
1318
12.31
58039
	
1314
12.31
58040
	
1326
12.42
58064
	
1324
12.56
58089
	
1338
12.56
58090
	
1335
23.98
58114
	
1339
23.98
58115
	
1343
42.27
58139
	
1340
42.27
58140
	
1341
41.94
58164
	
1349
41.94
58165
	
1347
9.63
58312
	
1321
9.63
58313
	
1318
10.11
58337
	
1318
10.11
58338
	
1317
10.63
58362
	
1314
10.63
58363
	
1319
10.64
58388
	
1325
10.64
58389
	
1323
11.27
58413
	
1323
11.27
58414
	
1322
11.39
58438
	
1321
11.39
58562
	
1322
10.45
58586
	
1327
10.45
58587
	
1322
10.29
58611
	
1323
10.29
58612
	
1319
9.95
58636
	
1319
9.95
58637
	
1324
9.69
58661
	
1318
9.69
58662
	
1322
9.39
58686
	
1315
9.39
58687
	
1321
10.89
58834
	
1322
10.89
58835
	
1321
10.94
58859
	
1321
10.94
58860
	
1318
11.45
58885
	
1325
11.45
58886
	
1323
11.74
58910
	
1321
11.74
58911
	
1318
11.18
58935
	
1319
11.18
58936
	
1317
11.71
59083
	
1322
11.71
59084
	
1319
12.07
59108
	
1322
12.28
59133
	
1330
12.28
59134
	
1338
27.42
59158
	
1340
27.42
59159
	
1341
42.35
59183
	
1341
42.35
59184
	
1339
38.62
59209
	
1345
38.62
59210
	
1342
19.17
59234
	
1327
10.43
59378
	
1318
10.43
59379
	
1327
10.17
59404
	
1319
10.17
59405
	
1322
10.18
59429
	
1327
10.18
59430
	
1325
10.41
59454
	
1322
10.41
59455
	
1328
10.42
59479
	
1323
10.42
59480
	
1323
10.63
59627
	
1326
10.63
59628
	
1323
10.50
59652
	
1325
10.50
59653
	
1319
10.40
59677
	
1322
10.40
59678
	
1323
10.46
59702
	
1319
10.46
59703
	
1320
10.69
59728
	
1322
10.69
59729
	
1321
10.74
59875
	
1327
10.74
59876
	
1325
10.99
59901
	
1323
10.99
59902
	
1322
10.82
59926
	
1323
10.82
59927
	
1323
10.67
59951
	
1323
10.67
59952
	
1323
11.16
59976
	
1323
11.16
59977
	
1326
11.83
60124
	
1325
11.83
60125
	
1325
11.65
60149
	
1324
11.92
60174
	
1328
11.92
60175
	
1328
28.40
60199
	
1339
28.40
60200
	
1341
43.55
60224
	
1344
43.55
60225
	
1342
39.11
60250
	
1339
39.11
60251
	
1343
19.70
60275
	
1328
11.21
60419
	
1323
11.21
60420
	
1325
11.80
60445
	
1326
11.80
60446
	
1319
12.08
60470
	
1323
12.08
60471
	
1320
12.43
60495
	
1322
12.43
60496
	
1327
12.50
60520
	
1324
12.50
60521
	
1319
12.62
60668
	
1325
12.62
60669
	
1321
13.04
60693
	
1319
13.04
60694
	
1323
13.01
60718
	
1325
13.01
60719
	
1319
12.64
60743
	
1321
12.64
60744
	
1324
12.60
60769
	
1317
12.60
60770
	
1322
13.17
60916
	
1319
13.17
60917
	
1326
13.01
60942
	
1325
13.01
60943
	
1323
12.93
60967
	
1320
12.93
60968
	
1323
13.07
60992
	
1323
13.07
60993
	
1326
13.06
61017
	
1323
13.06
61018
	
1317
12.67
61165
	
1321
12.67
61166
	
1324
12.96
61190
	
1326
12.99
61215
	
1325
12.99
61216
	
1325
15.37
61240
	
1331
15.37
61241
	
1342
35.86
61266
	
1344
35.86
61267
	
1341
45.87
61291
	
1345
45.87
61292
	
1345
35.59
61316
	
1346
10.89
61461
	
1324
10.89
61462
	
1322
10.55
61486
	
1322
10.55
61487
	
1314
11.14
61511
	
1326
11.14
61512
	
1324
11.24
61536
	
1321
11.24
61537
	
1323
11.23
61561
	
1321
11.23
61562
	
1322
11.15
61709
	
1325
11.15
61710
	
1326
10.83
61734
	
1321
10.83
61735
	
1323
10.54
61759
	
1322
10.54
61760
	
1323
10.50
61785
	
1317
10.50
61786
	
1324
10.81
61810
	
1319
10.81
61811
	
1321
11.03
61958
	
1324
11.03
61959
	
1326
11.31
61983
	
1327
11.31
61984
	
1322
11.31
62008
	
1323
11.31
62009
	
1322
11.17
62033
	
1323
11.17
62034
	
1322
10.90
62058
	
1323
10.90
62059
	
1322
10.81
62206
	
1323
10.81
62207
	
1325
10.61
62231
	
1322
10.60
62256
	
1319
10.60
62257
	
1321
11.99
62282
	
1329
11.99
62283
	
1338
30.94
62307
	
1335
30.94
62308
	
1340
40.81
62332
	
1345
40.81
62333
	
1353
29.44
62357
	
1342
5.14
62502
	
1323
5.14
62503
	
1315
4.53
62527
	
1323
4.53
62528
	
1315
2.72
62552
	
1317
2.72
62553
	
1318
0.00
62577
	
1322
0.00
62578
	
1324
0.00
62602
	
1319
0.00
62603
	
1325
0.00
62628
	
1324
0.00
62629
	
1322
0.00
62775
	
1322
0.00
62776
	
1325
0.00
62800
	
1318
0.00
62801
	
1328
0.00
62826
	
1322
0.00
62827
	
1321
0.00
62851
	
1324
0.00
62852
	
1326
0.00
62876
	
1319
0.00
62877
	
1319
0.00
62901
	
1319
0.00
62902
	
1323
0.00
63049
	
1323
0.00
63050
	
1323
0.00
63074
	
1325
0.00
63075
	
1319
0.00
63099
	
1323
0.00
63100
	
1318
0.00
63124
	
1321
0.00
63125
	
1319
0.00
63150
	
1321
0.00
63151
	
1315
0.00
63175
	
1313
0.00
63176
	
1324
0.00
63323
	
1322
0.00
63324
	
1324
0.00
63351
	
1332
0.00
63352
	
1333
11.50
63376
	
1342
11.50
63377
	
1337
24.23
63401
	
1345
24.23
63402
	
1340
27.29
63426
	
1349
27.29
63427
	
1357
19.26
63452
	
1343
19.26
63576
	
