=~=~=~=~=~=~=~=~=~=~=~= PuTTY log 2024.11.29 12:48:00 =~=~=~=~=~=~=~=~=~=~=~=
14058.98
	
432
14058.98
	
317
14058.98
	
231
14058.98
	
161
14058.98
	
103
14058.98
	
54
14058.98
	
27
14058.98
	
7
14062.98
	
305
14062.98
	
390
16457.24
	
320
16457.24
	
236
16445.56
	
303
16445.56
	
206
16421.60
	
259
16421.60
	
145
14851.00
	
242
14851.00
	
154
14136.36
	
288
14136.36
	
203
14175.61
	
304
14175.61
	
201
14183.51
	
268
14183.51
	
287
14184.11
	
225
14184.11
	
147
14182.27
	
256
14182.27
	
184
14178.17
	
334
14178.17
	
217
14177.87
	
227
14177.87
	
140
14177.42
	
238
14177.42
	
158
14177.14
	
267
14177.14
	
178
14176.61
	
259
14176.61
	
155
14176.47
	
207
14176.47
	
122
14175.88
	
257
14175.88
	
175
14175.93
	
277
14175.93
	
181
14175.69
	
255
14175.69
	
145
14175.65
	
224
14175.65
	
393
14174.15
	
327
14174.15
	
238
14174.31
	
294
14174.31
	
183
14173.91
	
235
14173.91
	
144
14173.55
	
242
14173.55
	
168
14173.83
	
281
14173.83
	
193
14175.00
	
271
14175.00
	
163
14141.97
	
246
14141.97
	
145
14202.76
	
246
14202.76
	
175
15849.69
	
301
15849.69
	
207
16414.29
	
432
16414.29
	
153
16408.99
	
218
16408.99
	
138
15950.78
	
279
15950.78
	
206
14146.72
	
289
14146.72
	
159
14180.49
	
373
14180.49
	
112
14193.65
	
222
14193.65
	
149
14197.51
	
269
14197.51
	
190
14195.83
	
298
14195.83
	
181
14194.60
	
227
14194.60
	
130
14193.56
	
230
14193.56
	
432
14193.60
	
348
14193.60
	
236
14193.95
	
382
14193.95
	
112
14192.75
	
233
14192.75
	
154
14192.28
	
288
14192.28
	
210
14191.74
	
297
14191.74
	
191
14191.68
	
356
14191.68
	
90
14190.85
	
216
14190.85
	
155
14190.16
	
277
14190.16
	
202
14189.80
	
272
14189.80
	
162
14189.66
	
342
14189.66
	
406
14237.82
	
336
14237.82
	
250
14231.64
	
314
14231.64
	
208
14231.21
	
240
14231.21
	
243
14188.52
	
221
14188.52
	
142
14331.68
	
259
14331.68
	
192
16060.16
	
303
16060.16
	
197
16614.82
	
367
16614.82
	
98
16616.59
	
196
16616.59
	
123
16628.88
	
249
16628.88
	
183
16618.28
	
289
16618.28
	
377
16402.30
	
207
16402.30
	
113
14509.30
	
253
14509.30
	
181
14168.17
	
295
14168.17
	
197
14194.09
	
256
14194.09
	
271
14226.65
	
203
14226.65
	
114
14237.25
	
244
14237.25
	
174
14230.47
	
298
14230.47
	
199
14242.45
	
262
14242.45
	
272
14288.83
	
188
14288.83
	
111
14349.04
	
240
14349.04
	
409
14548.65
	
320
14548.65
	
203
14670.18
	
203
14670.18
	
110
14743.90
	
234
14743.90
	
169
14835.64
	
280
14835.64
	
195
14895.45
	
274
14895.45
	
161
14927.42
	
205
14927.42
	
114
14960.84
	
240
14960.84
	
176
14970.12
	
310
14970.12
	
209
14969.82
	
273
14969.82
	
288
14962.50
	
215
14962.50
	
370
15047.62
	
338
15047.62
	
254
15057.57
	
272
15057.57
	
147
15515.09
	
243
15515.09
	
128
16088.20
	
215
16088.20
	
145
16442.55
	
311
16442.55
	
224
16886.15
	
287
16886.15
	
175
16864.91
	
210
16864.91
	
112
16872.39
	
240
16872.39
	
170
16873.81
	
267
16873.81
	
183
15028.25
	
445
15028.25
	
177
15035.57
	
230
15035.57
	
147
15051.15
	
277
15051.15
	
213
15064.81
	
301
15064.81
	
187
15079.28
	
240
15079.28
	
121
15093.37
	
208
15093.37
	
142
15101.22
	
272
15101.22
	
199
15114.24
	
308
15114.24
	
193
15141.07
	
236
15141.07
	
122
15161.82
	
242
15161.82
	
453
15211.84
	
368
15211.84
	
256
15208.75
	
396
15208.75
	
125
15213.70
	
226
15213.70
	
144
15219.09
	
274
15219.09
	
206
15218.62
	
302
15218.62
	
195
15213.69
	
374
15213.69
	
118
15222.33
	
206
15222.33
	
129
15229.93
	
254
15229.93
	
190
15229.18
	
314
15229.18
	
202
15235.35
	
240
15235.35
	
353
15298.40
	
311
15298.40
	
230
15312.08
	
283
15312.08
	
176
15750.20
	
411
15750.20
	
148
16540.56
	
228
16540.56
	
137
16752.12
	
250
16752.12
	
182
17043.54
	
302
17043.54
	
202
17034.31
	
374
17034.31
	
123
17021.20
	
197
17021.20
	
123
17011.75
	
234
17011.75
	
160
15221.27
	
351
15221.27
	
346
15228.68
	
219
15228.68
	
121
15237.65
	
230
15237.65
	
166
15246.18
	
295
15246.18
	
207
15246.21
	
283
15246.21
	
303
15251.88
	
204
15251.88
	
118
15256.29
	
257
15256.29
	
181
15254.44
	
301
15254.44
	
203
15253.13
	
387
15253.13
	
120
15258.67
	
212
15258.67
	
373
15296.91
	
336
15296.91
	
251
15298.22
	
302
15298.22
	
191
15298.67
	
231
15298.67
	
118
15302.11
	
231
15302.11
	
167
15308.47
	
305
15308.47
	
217
15317.20
	
283
15317.20
	
303
15317.60
	
213
15317.60
	
118
15322.11
	
225
15322.11
	
157
15333.95
	
290
15333.95
	
206
15384.86
	
326
15384.86
	
185
15390.86
	
207
15390.86
	
130
15590.64
	
256
15590.64
	
193
16508.84
	
313
16508.84
	
199
16871.81
	
240
16871.81
	
124
17048.33
	
206
17048.33
	
144
17063.77
	
272
17063.77
	
202
17044.16
	
315
17044.16
	
198
17025.95
	
230
17025.95
	
115
16764.16
	
211
16764.16
	
463
15221.81
	
366
15221.81
	
256
15235.76
	
268
15235.76
	
143
15249.58
	
208
15249.58
	
131
15262.45
	
257
15262.45
	
192
15267.39
	
298
15267.39
	
192
15271.06
	
254
15271.06
	
133
15274.20
	
205
15274.20
	
135
15276.95
	
287
15276.95
	
212
15277.64
	
301
15277.64
	
185
15280.89
	
235
15280.89
	
352
15278.52
	
304
15278.52
	
225
15279.68
	
307
15279.68
	
209
15282.91
	
414
15282.91
	
153
15283.83
	
208
15283.83
	
125
15283.90
	
244
15283.90
	
179
15287.56
	
301
15287.56
	
203
15292.64
	
269
15292.64
	
143
15292.88
	
205
15292.88
	
129
15294.49
	
256
15294.49
	
192
15316.14
	
461
15316.14
	
187
15320.00
	
206
15320.00
	
112
15450.90
	
205
15450.90
	
155
16368.10
	
307
16368.10
	
214
16822.69
	
400
16822.69
	
140
16939.21
	
215
16939.21
	
131
16994.96
	
242
16994.96
	
178
16975.66
	
315
16975.66
	
211
16926.70
	
353
16926.70
	
103
15966.50
	
231
15966.50
	
386
15175.45
	
349
15175.45
	
262
15189.37
	
322
15189.37
	
334
15195.56
	
231
15195.56
	
121
15201.48
	
214
15201.48
	
146
15204.30
	
298
15204.30
	
207
15207.88
	
395
15207.88
	
131
15211.27
	
206
15211.27
	
113
15216.66
	
226
15216.66
	
162
15221.23
	
286
15221.23
	
207
15218.79
	
314
15218.79
	
176
15217.19
	
220
15217.19
	
144
15215.35
	
260
15215.35
	
194
15215.90
	
317
15215.90
	
322
15215.46
	
228
15215.46
	
115
15216.64
	
211
15216.64
	
149
15217.94
	
278
15217.94
	
203
15218.80
	
289
15218.80
	
304
15214.68
	
221
15214.68
	
112
15205.62
	
241
15205.62
	
455
15197.27
	
363
15197.27
	
243
15224.12
	
227
15224.12
	
113
15872.51
	
219
15872.51
	
149
16494.71
	
263
16494.71
	
198
16794.62
	
298
16794.62
	
189
16999.10
	
256
16999.10
	
131
16981.43
	
208
16981.43
	
135
16966.63
	
280
16966.63
	
208
16949.79
	
293
16949.79
	
300
16839.79
	
219
16839.79
	
361
15106.79
	
308
15106.79
	
235
15118.73
	
305
15118.73
	
203
15128.38
	
274
15128.38
	
147
15132.29
	
207
15132.29
	
122
15139.46
	
259
15139.46
	
189
15138.85
	
320
15138.85
	
210
15138.52
	
246
15138.52
	
128
15135.29
	
217
15135.29
	
141
15142.07
	
253
15142.07
	
190
15246.15
	
474
15246.15
	
214
15250.79
	
226
15250.79
	
138
15241.74
	
249
15241.74
	
182
15226.90
	
307
15226.90
	
214
15220.06
	
400
15220.06
	
152
15234.67
	
211
15234.67
	
125
15231.53
	
256
15231.53
	
186
15226.70
	
310
15226.70
	
208
15238.74
	
272
15238.74
	
150
15257.57
	
217
15257.57
	
448
15317.89
	
416
15317.89
	
314
15307.61
	
411
15307.61
	
147
15730.62
	
247
15730.62
	
137
16185.01
	
242
16185.01
	
182
16543.24
	
336
16543.24
	
237
16943.92
	
397
16943.92
	
151
16985.69
	
214
16985.69
	
127
16998.11
	
239
16998.11
	
176
16965.82
	
288
16965.82
	
187
15070.32
	
286
15070.32
	
149
15103.35
	
207
15103.35
	
153
15123.13
	
304
15123.13
	
231
15133.97
	
311
15133.97
	
321
15130.27
	
208
15130.27
	
111
15133.84
	
219
15133.84
	
161
15130.35
	
302
15130.35
	
217
15122.09
	
443
15122.09
	
168
15128.37
	
208
15128.37
	
102
15142.67
	
231
15142.67
	
448
15172.39
	
384
15172.39
	
267
15188.60
	
261
15188.60
	
128
15196.96
	
223
15196.96
	
165
15202.27
	
288
15202.27
	
223
15218.65
	
314
15218.65
	
321
15227.25
	
226
15227.25
	
110
15240.76
	
216
15240.76
	
155
15264.56
	
286
15264.56
	
215
15283.07
	
307
15283.07
	
321
15243.40
	
256
15243.40
	
164
15244.22
	
236
15244.22
	
163
15609.02
	
327
15609.02
	
222
16648.91
	
271
16648.91
	
132
16921.19
	
195
16921.19
	
126
16933.38
	
261
16933.38
	
202
16899.12
	
307
16899.12
	
203
16872.65
	
252
16872.65
	
121
16865.37
	
190
16865.37
	
125
16578.69
	
284
16578.69
	
466
15134.14
	
481
15134.14
	
210
15162.23
	
197
15162.23
	
121
15176.54
	
246
15176.54
	
189
15179.03
	
323
15179.03
	
217
15181.39
	
275
15181.39
	
147
15196.41
	
202
15196.41
	
126
15211.26
	
269
15211.26
	
203
15220.97
	
320
15220.97
	
209
15220.85
	
262
15220.85
	
128
15222.84
	
193
15222.84
	
389
15257.68
	
385
15257.68
	
279
15261.47
	
423
15261.47
	
165
15263.88
	
195
15263.88
	
109
15257.55
	
228
15257.55
	
173
15252.69
	
311
15252.69
	
218
15255.69
	
272
15255.69
	
145
15257.43
	
203
15257.43
	
126
15253.12
	
249
15253.12
	
190
15246.76
	
334
15246.76
	
226
15238.10
	
302
15238.10
	
171
15231.24
	
208
15231.24
	
144
15479.88
	
311
15479.88
	
241
16408.15
	
446
16408.15
	
176
16621.53
	
218
16621.53
	
112
16711.44
	
257
16711.44
	
191
16735.50
	
319
16735.50
	
222
16705.95
	
405
16705.95
	
151
16685.14
	
193
16685.14
	
98
16398.77
	
221
16398.77
	
477
14743.40
	
379
14743.40
	
370
14679.63
	
249
14679.63
	
126
14573.80
	
214
14573.80
	
154
14421.75
	
309
14421.75
	
227
14288.89
	
416
14288.89
	
145
14242.00
	
227
14242.00
	
112
14260.37
	
208
14260.37
	
151
14253.60
	
300
14253.60
	
215
14233.29
	
402
14233.29
	
140
14233.17
	
223
14233.17
	
385
14231.48
	
330
14231.48
	
242
14231.97
	
334
14231.97
	
222
14231.02
	
255
14231.02
	
144
14231.15
	
235
14231.15
	
160
14230.53
	
275
14230.53
	
198
14230.25
	
305
14230.25
	
330
14230.07
	
256
14230.07
	
145
14230.05
	
240
14230.05
	
159
14229.62
	
284
14229.62
	
201
14229.82
	
417
14229.82
	
390
14228.50
	
274
14228.50
	
182
14228.53
	
239
14228.53
	
171
14214.77
	
304
14214.77
	
199
14126.01
	
256
14126.01
	
147
15058.03
	
231
15058.03
	
143
15968.82
	
271
15968.82
	
191
15993.33
	
286
15993.33
	
304
15983.14
	
245
15983.14
	
132
15976.47
	
207
15976.47
	
135
14203.45
	
347
14203.45
	
240
14202.93
	
272
14202.93
	
163
14202.80
	
214
14202.80
	
133
14202.19
	
256
14202.19
	
176
14201.71
	
273
14201.71
	
181
14201.67
	
256
14201.67
	
155
14200.96
	
228
14200.96
	
141
14201.00
	
257
14201.00
	
178
14200.39
	
271
14200.39
	
175
14200.30
	
237
14200.30
	
400
14198.75
	
319
14198.75
	
230
14198.28
	
300
14198.28
	
205
14198.24
	
406
14198.24
	
164
14198.07
	
231
14198.07
	
133
14197.92
	
241
14197.92
	
167
14197.64
	
274
14197.64
	
186
14197.20
	
257
14197.20
	
152
14196.94
	
217
14196.94
	
131
14197.00
	
242
14197.00
	
169
14196.14
	
474
14196.14
	
205
14196.07
	
241
14196.07
	
129
14191.93
	
218
14191.93
	
149
14150.86
	
283
14150.86
	
201
14571.53
	
363
14571.53
	
137
15836.47
	
230
15836.47
	
139
15996.12
	
245
15996.12
	
162
15983.62
	
271
15983.62
	
181
15928.74
	
351
15928.74
	
133
14501.11
	
251
14501.11
	
400
14199.58
	
318
14199.58
	
226
14199.55
	
284
14199.55
	
319
14199.44
	
266
14199.44
	
160
14199.08
	
242
14199.08
	
164
14198.59
	
272
14198.59
	
191
14198.31
	
413
14198.31
	
160
14198.08
	
238
