=~=~=~=~=~=~=~=~=~=~=~= PuTTY log 2024.12.02 12:11:33 =~=~=~=~=~=~=~=~=~=~=~=
1315
0.00
21615
	
1318
0.00
21618
	
1319
0.00
21620
	
1319
0.00
21621
	
1319
0.00
21623
	
1317
0.00
21625
	
1319
0.12
21649
	
1314
0.12
21773
	
1325
11.39
21797
	
1325
11.39
21798
	
1323
11.59
21822
	
1323
11.59
21823
	
1325
11.78
21847
	
1327
11.78
21848
	
1325
8.34
21872
	
1315
8.34
21873
	
1318
2.05
21898
	
1321
2.05
21899
	
1323
0.13
22045
	
1317
0.13
22046
	
1319
0.09
22070
	
1325
0.09
22071
	
1321
0.10
22096
	
1322
0.10
22097
	
1319
0.10
22121
	
1323
0.10
22122
	
1322
0.17
22146
	
1321
0.17
22147
	
1321
0.07
22171
	
1325
0.07
22172
	
1324
0.00
22319
	
1318
0.00
22320
	
1315
0.00
22344
	
1317
0.00
22345
	
1319
0.00
22369
	
1319
0.00
22370
	
1326
0.00
22394
	
1318
0.00
22395
	
1322
0.00
22420
	
1318
0.00
22421
	
1321
0.70
22445
	
1319
0.70
22446
	
1321
8.36
22593
	
1323
8.36
22594
	
1321
9.42
22618
	
1312
9.42
22619
	
1313
10.52
22643
	
1316
10.86
22668
	
1323
10.86
22669
	
1325
13.70
22693
	
1323
13.70
22694
	
1319
20.27
22718
	
1323
20.27
22719
	
1323
20.43
22744
	
1325
20.43
22868
	
1323
11.61
22891
	
1324
11.61
22893
	
1323
11.69
22917
	
1319
11.69
22918
	
1315
10.68
22942
	
1319
10.68
22943
	
1325
3.84
22967
	
1318
3.84
22968
	
1323
0.76
22992
	
1321
0.76
22993
	
1322
0.08
23140
	
1322
0.08
23141
	
1319
0.04
23165
	
1324
0.04
23166
	
1319
0.10
23190
	
1323
0.10
23191
	
1321
0.04
23215
	
1322
0.04
23216
	
1315
0.01
23241
	
1316
0.01
23242
	
1317
0.08
23266
	
1319
0.08
23267
	
1317
0.00
23414
	
1321
0.00
23415
	
1322
0.00
23439
	
1322
0.00
23440
	
1318
0.00
23464
	
1321
0.00
23465
	
1319
0.00
23489
	
1323
0.00
23490
	
1318
0.00
23514
	
1321
0.00
23515
	
1314
0.00
23539
	
1318
0.00
23540
	
1319
0.00
23687
	
1318
0.00
23688
	
1318
0.00
23712
	
1319
0.00
23713
	
1319
0.42
23738
	
1327
0.42
23739
	
1325
6.57
23763
	
1322
6.57
23764
	
1323
10.64
23788
	
1322
10.64
23789
	
1322
11.14
23813
	
1322
11.14
23937
	
1317
11.76
23961
	
1317
11.76
23963
	
1319
11.83
23986
	
1317
11.83
23987
	
1325
8.74
24011
	
1315
8.74
24012
	
1326
1.92
24036
	
1318
1.92
24037
	
1321
0.86
24062
	
1322
0.86
24063
	
1322
0.00
24209
	
1323
0.00
24210
	
1315
0.00
24235
	
1319
0.00
24236
	
1319
0.00
24260
	
1323
0.00
24261
	
1319
0.00
24285
	
1315
0.00
24286
	
1317
0.00
24310
	
1318
0.00
24311
	
1318
0.00
24335
	
1323
0.00
24336
	
1318
12.99
24483
	
1314
12.99
24484
	
1319
13.44
24508
	
1315
13.44
24509
	
1322
15.44
24533
	
1319
15.44
24534
	
1314
18.89
24559
	
1316
18.89
24560
	
1317
20.30
24584
	
1319
20.30
24585
	
1316
12.79
24732
	
1326
12.79
24733
	
1322
16.06
24757
	
1322
21.00
24782
	
1318
21.00
24783
	
1321
25.95
24807
	
1326
25.95
24808
	
1323
36.05
24832
	
1323
36.05
24833
	
1319
38.84
24857
	
1325
38.84
24858
	
1313
52.60
25005
	
1325
52.60
25006
	
1326
52.46
25030
	
1322
52.46
25031
	
1325
47.60
25056
	
1322
47.60
25057
	
1323
41.32
25081
	
1321
41.32
25082
	
1323
40.29
25106
	
1326
40.29
25107
	
1326
35.14
25254
	
1313
35.14
25255
	
1315
34.82
25279
	
1318
34.82
25280
	
1325
33.70
25304
	
1323
33.70
25305
	
1319
33.06
25329
	
1325
33.06
25330
	
1319
32.58
25354
	
1319
32.58
25355
	
1321
32.58
25502
	
1321
32.58
25503
	
1317
31.97
25527
	
1324
31.97
25528
	
1315
31.81
25553
	
1318
31.81
25554
	
1306
32.26
25578
	
1318
32.26
25579
	
1321
32.57
25603
	
1315
32.57
25604
	
1319
31.06
25751
	
1313
31.06
25752
	
1319
30.90
25776
	
1327
30.90
25777
	
1328
31.11
25801
	
1325
30.95
25826
	
1322
30.95
25827
	
1329
33.67
25851
	
1322
33.67
25852
	
1319
41.84
25877
	
1316
41.84
25878
	
1312
42.66
25902
	
1315
43.89
26046
	
1318
43.89
26047
	
1323
43.73
26072
	
1324
43.73
26073
	
1319
43.43
26097
	
1325
43.43
26098
	
1319
36.28
26122
	
1322
36.28
26123
	
1319
31.97
26147
	
1319
31.97
26148
	
1323
31.40
26295
	
1321
31.40
26296
	
1319
31.29
26320
	
1314
31.29
26321
	
1312
30.80
26345
	
1319
30.80
26346
	
1316
31.04
26370
	
1314
31.04
26371
	
1319
31.66
26395
	
1319
31.66
26396
	
1322
31.07
26543
	
1319
31.07
26544
	
1321
30.79
26568
	
1323
30.79
26569
	
1317
30.40
26594
	
1323
30.40
26595
	
1315
30.02
26619
	
1313
30.02
26620
	
1312
30.08
26644
	
1312
30.08
26645
	
1313
29.05
26792
	
1319
29.05
26793
	
1324
28.98
26817
	
1319
28.98
26818
	
1317
28.54
26842
	
1318
28.16
26867
	
1321
28.16
26868
	
1323
31.18
26892
	
1325
31.18
26893
	
1319
37.97
26918
	
1322
37.97
26919
	
1328
36.83
26943
	
1321
32.23
27087
	
1327
32.23
27088
	
1321
31.06
27113
	
1318
31.06
27114
	
1313
28.41
27138
	
1326
28.41
27139
	
1324
18.54
27163
	
1322
18.54
27164
	
1325
9.85
27188
	
1327
9.85
27189
	
1315
3.96
27213
	
1321
3.96
27337
	
1318
1.75
27361
	
1318
1.75
27362
	
1317
1.73
27386
	
1313
1.73
27387
	
1310
1.72
27411
	
1318
1.72
27412
	
1317
1.56
27436
	
1315
1.56
27437
	
1319
1.53
27462
	
1320
1.53
27463
	
1318
1.53
27487
	
1321
1.53
27611
	
1321
16.54
27635
	
1317
16.54
27636
	
1317
20.07
27660
	
1319
20.07
27661
	
1314
22.85
27685
	
1314
22.85
27686
	
1318
25.93
27710
	
1314
25.93
27711
	
1314
28.56
27735
	
1313
28.56
27736
	
1317
45.79
27883
	
1321
45.79
27884
	
1319
48.02
27908
	
1322
48.02
27909
	
1318
52.75
27933
	
1321
52.75
27934
	
1323
60.50
27959
	
1322
60.50
27960
	
1311
61.28
27984
	
1318
61.28
27985
	
1322
68.02
28131
	
1323
68.02
28132
	
1323
68.77
28157
	
1319
68.77
28158
	
1321
68.19
28182
	
1323
68.19
28183
	
1321
60.04
28207
	
1319
60.04
28208
	
1319
58.23
28232
	
1318
58.23
28233
	
1320
55.20
28380
	
1313
55.20
28381
	
1314
54.93
28405
	
1318
54.93
28406
	
1312
55.13
28430
	
1313
55.13
28431
	
1318
54.90
28455
	
1320
54.90
28456
	
1321
53.71
28481
	
1318
53.71
28482
	
1322
51.83
28628
	
1321
51.83
28629
	
1319
51.29
28654
	
1321
51.29
28655
	
1312
50.94
28679
	
1318
50.94
28680
	
1318
50.28
28704
	
1314
50.28
28705
	
1319
50.38
28729
	
1313
50.38
28730
	
1319
51.78
28877
	
1314
51.78
28878
	
1319
51.64
28902
	
1318
51.64
28903
	
1319
51.06
28927
	
1318
51.50
28952
	
1326
51.50
28953
	
1328
58.03
28977
	
1327
58.03
28978
	
1317
64.30
29003
	
1314
64.30
29004
	
1315
64.38
29028
	
1323
64.38
29172
	
1323
64.38
29173
	
1326
64.71
29198
	
1322
64.71
29199
	
1323
62.84
29223
	
1327
62.84
29224
	
1319
53.61
29248
	
1323
53.61
29249
	
1320
51.44
29273
	
1321
51.44
29274
	
1317
50.34
29421
	
1315
50.34
29422
	
1314
49.58
29446
	
1314
49.58
29447
	
1319
49.53
29471
	
1318
49.53
29472
	
1315
49.40
29496
	
1314
49.40
29497
	
1316
48.84
29522
	
1321
48.84
29523
	
1319
48.32
29669
	
1318
48.32
29670
	
1323
47.80
29695
	
1319
47.80
29696
	
1323
47.93
29720
	
1318
47.93
29721
	
1313
47.77
29745
	
1321
47.77
29746
	
1317
47.41
29770
	
1318
47.41
29771
	
1314
44.92
29918
	
1318
44.92
29919
	
1323
45.03
29943
	
1321
45.03
29944
	
1322
44.81
29968
	
1317
44.39
29993
	
1319
44.39
29994
	
1319
45.26
30019
	
1322
45.26
30020
	
1322
53.57
30044
	
1328
53.57
30045
	
1322
57.55
30069
	
1322
58.46
30214
	
1325
58.46
30215
	
1326
58.78
30239
	
1313
58.78
30240
	
1319
57.09
30264
	
1326
57.09
30265
	
1323
48.69
30289
	
1325
48.69
30290
	
1322
46.42
30314
	
1321
46.42
30315
	
1319
45.77
30462
	
1322
45.77
30463
	
1321
45.36
30487
	
1321
45.36
30488
	
1318
44.92
30512
	
1319
44.92
30513
	
1321
44.42
30537
	
1316
44.42
30538
	
1316
43.68
30563
	
1313
43.68
30564
	
1318
43.34
30710
	
1319
43.34
30711
	
1319
43.25
30736
	
1322
43.25
30737
	
1319
44.95
30761
	
1318
44.95
30762
	
1318
45.41
30786
	
1317
45.41
30787
	
1318
45.13
30811
	
1318
45.13
30812
	
1317
45.16
30959
	
1314
45.16
30960
	
1328
45.12
30984
	
1319
45.12
30985
	
1322
45.05
31009
	
1319
45.39
31034
	
1315
45.39
31035
	
1321
46.10
31060
	
1324
46.10
31061
	
1326
54.77
31085
	
1328
54.77
31086
	
1328
58.68
31110
	
1319
59.80
31254
	
1327
59.80
31255
	
1317
60.33
31280
	
1314
60.33
31281
	
1315
58.57
31305
	
1315
58.57
31306
	
1328
49.91
31330
	
1325
49.91
31331
	
1319
47.50
31355
	
1325
47.50
31356
	
1317
49.20
31503
	
1322
49.20
31504
	
1318
49.14
31528
	
1319
49.14
31529
	
1318
49.19
31553
	
1314
49.19
31554
	
1313
49.08
31578
	
1318
49.08
31579
	
1318
49.29
31604
	
1322
49.29
31605
	
1317
49.52
31751
	
1319
49.52
31752
	
1321
49.29
31777
	
1315
49.29
31778
	
1321
49.21
31802
	
1319
49.21
31803
	
1322
49.24
31827
	
1319
49.24
31828
	
1318
49.35
31852
	
1319
49.35
31853
	
1324
49.44
32000
	
1313
49.44
32001
	
1322
49.27
32025
	
1318
49.27
32026
	
1322
49.30
32050
	
1321
48.89
32075
	
1319
48.89
32076
	
1322
49.47
32100
	
1328
49.47
32101
	
1319
58.82
32126
	
1322
58.82
32127
	
1328
61.97
32151
	
1324
62.92
32295
	
1323
62.92
32296
	
1322
62.95
32321
	
1322
62.95
32322
	
1321
60.72
32346
	
1318
60.72
32347
	
1307
51.76
32371
	
1319
51.76
32372
	
1323
49.81
32396
	
1315
49.81
32397
	
1319
48.22
32544
	
1316
48.22
32545
	
1326
48.90
32569
	
1321
48.90
32570
	
1318
48.87
32594
	
1322
48.87
32595
	
1323
48.50
32619
	
1324
48.50
32620
	
1319
48.49
32645
	
1321
48.49
32646
	
1313
45.70
32792
	
1325
45.70
32793
	
1322
45.14
32818
	
1322
45.14
32819
	
1321
44.28
32843
	
1319
44.28
32844
	
1318
44.12
32868
	
1318
44.12
32869
	
1318
43.94
32893
	
1317
43.94
32894
	
1321
43.35
33041
	
1315
43.35
33042
	
1317
43.59
33066
	
1317
43.59
33067
	
1321
43.89
33091
	
1319
44.30
33116
	
1321
44.30
33117
	
1321
46.75
33141
	
1325
46.75
33142
	
1322
55.50
33167
	
1328
55.50
33168
	
1326
59.14
33192
	
1326
61.43
33336
	
1322
61.43
33337
	
1327
61.21
33362
	
1321
61.21
33363
	
1318
59.15
33387
	
1319
59.15
33388
	
1317
50.15
33412
	
1310
50.15
33413
	
1318
48.18
33437
	
1316
48.18
33438
	
1323
46.92
33585
	
1323
46.92
33586
	
1325
46.60
33610
	
1318
46.60
33611
	
1321
47.05
33635
	
1321
47.05
33636
	
1326
47.34
33660
	
1323
47.34
33661
	
1317
47.08
33686
	
1317
47.08
33687
	
1310
47.94
33833
	
1309
47.94
33834
	
1319
47.60
33858
	
1318
47.60
33859
	
1319
47.45
33884
	
1321
47.45
33885
	
1318
47.56
33909
	
1319
47.56
33910
	
1318
47.47
33934
	
1319
47.47
33935
	
1319
43.31
34082
	
1321
43.31
34083
	
1324
42.34
34107
	
1310
42.34
34108
	
1313
40.77
34132
	
1312
38.68
34157
	
1317
38.68
34158
	
1322
37.81
34182
	
1323
37.81
34183
	
1321
43.45
34208
	
1327
43.45
34209
	
1328
40.87
34233
	
1324
13.90
34377
	
1325
13.90
34378
	
1322
14.33
34403
	
1324
14.33
34404
	
1322
12.12
34428
	
1321
12.12
34429
	
1324
5.08
34453
	
1322
5.08
34454
	
1315
3.74
34478
	
1315
3.74
34479
	
1316
3.65
34503
	
1319
3.65
34627
	
1318
3.52
34651
	
1319
3.52
34652
	
1317
3.48
34676
	
1319
3.48
34677
	
1320
3.22
34701
	
1317
3.22
34702
	
1319
3.13
34726
	
1321
3.13
34727
	
1322
2.94
34752
	
1319
2.94
34753
	
1318
2.72
34777
	
1319
2.72
34901
	
1319
2.77
34925
	
1319
2.77
34926
	
1317
3.01
34950
	
1318
3.01
34951
	
1318
2.96
34975
	
1318
2.96
34976
	
1325
2.63
35000
	
1318
2.63
35001
	
1323
2.35
35025
	
1320
2.35
35026
	
1317
2.21
35050
	
1322
2.21
35174
	
1322
1.59
35198
	
1319
1.59
35199
	
1319
6.42
35223
	
1318
6.42
35224
	
1325
20.42
35248
	
1319
20.42
35249
	
1322
39.77
35274
	
1328
39.77
35275
	
1325
48.73
35299
	
1321
48.73
35300
	
1322
67.62
35447
	
1322
67.62
35449
	
1315
68.94
35472
	
1317
68.94
35473
	
1328
62.36
35497
	
1312
62.36
35498
	
1317
56.55
35522
	
1319
56.55
35523
	
1315
56.35
35547
	
1313
56.35
35548
	
1319
53.02
35695
	
1313
53.02
35696
	
1319
52.64
35720
	
1317
52.64
35721
	
1322
52.40
35745
	
1322
52.40
35746
	
1319
52.54
35771
	
1317
52.54
35772
	
1315
52.83
35796
	
1310
52.83
35797
	
1314
52.29
35944
	
1319
52.29
35945
	
1319
51.87
35969
	
1323
51.87
35970
	
1319
52.01
35994
	
1323
52.01
35995
	
1319
51.79
36019
	
1318
51.79
36020
	
1318
51.72
36044
	
1319
51.72
36045
	
1319
50.62
36192
	
1306
50.62
36193
	
1314
50.06
36217
	
1310
50.06
36218
	
1317
50.01
36242
	
1319
49.67
36267
	
1325
49.67
36268
	
1323
52.68
36293
	
1319
52.68
36294
	
1318
60.58
36318
	
1322
60.58
36319
	
1322
61.11
36343
	
1322
62.42
36488
	
1321
62.42
36489
	
1322
61.93
36513
	
1318
61.93
36514
	
1309
59.63
36538
	
1325
59.63
36539
	
1324
51.77
36563
	
1317
51.77
36564
	
1314
49.72
36588
	
1313
49.72
36589
	
1311
47.16
36736
	
1315
47.16
36737
	
1318
46.76
36761
	
1317
46.76
36762
	
1318
46.01
36786
	
1318
46.01
36787
	
1322
45.33
36811
	
1325
45.33
36812
	
1315
44.70
36837
	
1323
44.70
36838
	
1313
43.86
36984
	
1313
43.86
36985
	
1318
43.22
37010
	
1319
43.22
37011
	
1321
43.14
37035
	
1319
43.14
37036
	
1317
43.19
37060
	
1312
43.19
37061
	
1319
43.88
37085
	
1318
43.88
37086
	
1317
45.93
37233
	
1313
45.93
37234
	
1318
45.30
37258
	
1311
45.30
37259
	
1313
45.35
37283
	
1318
46.02
37308
	
1316
46.02
37309
	
1328
50.15
37333
	
1324
50.15
37334
	
1321
58.49
37359
	
1322
58.49
37360
	
1323
58.94
37384
	
1325
61.17
37528
	
1323
61.17
37529
	
1325
61.14
37554
	
1326
61.14
37555
	
1323
60.42
37579
	
1323
60.42
37580
	
1316
52.76
37604
	
1319
52.76
37605
	
1313
49.25
37629
	
1316
49.25
37630
	
1307
47.75
37777
	
1321
47.75
37778
	
1323
47.30
37802
	
1316
47.30
37803
	
1321
48.68
37827
	
1319
48.68
37828
	
1318
48.95
37852
	
1319
48.95
37853
	
1318
48.06
37878
	
1318
48.06
37879
	
1318
48.44
38025
	
1316
48.44
38026
	
1315
48.68
38051
	
1322
48.68
38052
	
1319
48.48
38076
	
1318
48.48
38077
	
1321
48.09
38101
	
1318
48.09
38102
	
1318
48.29
38126
	
1318
48.29
38127
	
1323
47.59
38274
	
1319
47.59
38275
	
1303
46.99
38299
	
1323
46.99
38300
	
1321
46.90
38324
	
1321
47.17
38349
	
1323
47.17
38350
	
1325
51.87
38374
	
1314
51.87
38375
	
1319
59.46
38400
	
1325
59.46
38401
	
1321
60.18
38425
	
1323
59.91
38569
	
1322
59.91
38570
	
1318
59.90
38595
	
1323
59.90
38596
	
1317
58.85
38620
	
1322
58.85
38621
	
1322
50.14
38645
	
1319
50.14
38646
	
1314
46.89
38670
	
1319
46.89
38671
	
1314
46.78
38818
	
1322
46.78
38819
	
1319
46.85
38843
	
1321
46.85
38844
	
1318
46.27
38868
	
1319
46.27
38869
	
1318
46.02
38893
	
1321
46.02
38894
	
1320
46.19
38919
	
1313
46.19
38920
	
1322
44.86
39066
	
1311
44.86
39067
	
1312
44.92
39092
	
1316
44.92
39093
	
1321
44.83
39117
	
1313
44.83
39118
	
1322
44.36
39142
	
1323
44.36
39143
	
1319
44.01
39167
	
1323
44.01
39168
	
1320
43.60
39315
	
1319
43.60
39316
	
1319
43.32
39340
	
1315
43.32
39341
	
1307
42.83
39365
	
1315
42.69
39390
	
1309
42.69
39391
	
1319
47.73
39415
	
1319
47.73
39416
	
1318
55.53
39441
	
1318
55.53
39442
	
1318
55.74
39466
	
1321
57.21
39610
	
1325
57.21
39611
	
1323
57.27
39636
	
1318
57.27
39637
	
1319
55.73
39661
	
1325
55.73
39662
	
1326
47.22
39686
	
1322
47.22
39687
	
1318
44.35
39711
	
1313
44.35
39712
	
1313
41.84
39859
	
1313
41.84
39860
	
1318
41.78
39884
	
1317
41.78
39885
	
1318
42.29
39909
	
1318
42.29
39910
	
1310
42.37
39934
	
1316
42.37
39935
	
1320
42.23
39959
	
1318
42.23
39960
	
1323
42.92
40107
	
1325
42.92
40108
	
1307
43.12
40132
	
1318
43.12
40133
	
1315
43.17
40158
	
1318
43.17
40159
	
1319
43.10
40183
	
1309
43.10
40184
	
1318
42.66
40208
	
1319
42.66
40209
	
1318
42.62
40356
	
1320
42.62
40357
	
1318
42.94
40381
	
1322
42.94
40382
	
1317
42.96
40406
	
1314
43.26
40431
	
1325
43.26
40432
	
1316
48.84
40456
	
1305
48.84
40457
	
1322
56.03
40481
	
1321
56.03
40482
	
1317
56.36
40629
	
1321
56.36
40630
	
1322
56.85
40654
	
1322
56.85
40655
	
1322
56.74
40680
	
1322
56.74
40681
	
1322
48.18
40705
	
1315
48.18
40706
	
1322
44.72
40730
	
1317
44.72
40731
	
1309
44.11
40878
	
1317
44.11
40879
	
1317
43.96
40903
	
1315
43.96
40904
	
1316
43.57
40928
	
1317
43.57
40929
	
1319
43.21
40953
	
1316
43.21
40954
	
1322
42.73
40978
	
1317
42.73
40979
	
1322
39.05
41126
	
1319
39.05
41127
	
1317
38.88
41151
	
1315
38.88
41152
	
1316
38.52
41176
	
1319
38.52
41177
	
1321
38.39
41202
	
1318
38.39
41203
	
1319
38.05
41227
	
1319
38.05
41228
	
1319
36.19
41375
	
1318
36.19
41376
	
1315
35.93
41400
	
1311
35.93
41401
	
1319
35.09
41425
	
1319
35.09
41426
	
1313
34.07
41450
	
1316
33.60
41475
	
1315
33.60
41476
	
1314
33.83
41500
	
1314
33.83
41501
	
1323
44.98
41648
	
1322
44.98
41649
	
1322
44.79
41673
	
1319
44.79
41674
	
1327
44.11
41699
	
1322
44.11
41700
	
1318
36.33
41724
	
1318
36.33
41725
	
1313
33.71
41749
	
1318
33.71
41750
	
1322
35.70
41897
	
1318
35.70
41898
	
1317
35.86
41922
	
1323
35.86
41923
	
1318
36.35
41947
	
1319
36.35
41948
	
1319
37.30
41972
	
1319
37.30
41973
	
1319
37.68
41997
	
1317
37.68
41998
	
1317
37.10
42145
	
1313
37.10
42146
	
1319
36.63
42170
	
1318
36.63
42171
	
1319
36.10
42195
	
1313
36.10
42196
	
1319
36.77
42221
	
1323
36.77
42222
	
1318
37.14
42246
	
1317
37.14
42247
	
1315
37.94
42394
	
1321
37.94
42395
	
1316
38.11
42419
	
1319
38.11
42420
	
1312
38.03
42444
	
1318
38.03
42445
	
1317
37.91
42469
	
1314
37.91
42470
	
1312
38.04
42494
	
1316
38.20
42519
	
1311
38.20
42520
	
1321
52.87
42667
	
1321
52.87
42668
	
1325
53.14
42692
	
1318
53.14
42693
	
1320
53.27
42717
	
1318
53.27
42718
	
1319
51.99
42743
	
1325
51.99
42744
	
1317
43.34
42768
	
1321
43.34
42769
	
1318
38.96
42916
	
1319
38.96
42917
	
1319
38.68
42941
	
1319
38.68
42942
	
1324
38.92
42966
	
1319
38.92
42967
	
1321
39.11
42991
	
1317
39.11
42992
	
1321
38.94
43016
	
1325
38.94
43017
	
1317
38.14
43164
	
1310
38.14
43165
	
1310
38.55
43189
	
1317
38.55
43190
	
1321
38.50
43214
	
1313
38.50
43215
	
1318
38.47
43239
	
1319
38.47
43240
	
1319
38.38
43265
	
1315
38.38
43266
	
1314
38.31
43412
	
1319
38.31
43413
	
1319
38.08
43438
	
1319
38.08
43439
	
1309
38.10
43463
	
1313
38.10
43464
	
1319
38.21
43488
	
1318
38.21
43489
	
1319
38.42
43513
	
1314
38.42
43514
	
1321
39.06
43661
	
1319
39.16
43686
	
1320
39.16
43687
	
1321
42.36
43711
	
1323
42.36
43712
	
1321
51.18
43736
	
1323
51.18
43737
	
1318
51.64
43762
	
1319
51.64
43763
	
1318
49.04
43787
	
1309
49.04
43788
	
1315
39.56
43935
	
1322
39.56
43936
	
1317
39.36
43960
	
1317
39.36
43961
	
1318
39.61
43985
	
1319
39.61
43986
	
1313
39.94
44010
	
1318
39.94
44011
	
1317
39.67
44035
	
1317
39.67
44036
	
1317
38.93
44183
	
1317
38.93
44184
	
1316
39.06
44208
	
1314
39.06
44209
	
1319
38.80
44233
	
1317
38.80
44234
	
1315
38.38
44258
	
1319
38.38
44259
	
1317
37.98
44284
	
1322
37.98
44285
	
1318
38.30
44431
	
1318
38.30
44432
	
1319
37.88
44457
	
1309
37.88
44458
	
1321
37.65
44482
	
1317
37.65
44483
	
1311
37.36
44507
	
1315
37.36
44508
	
1318
36.69
44532
	
1316
36.69
44533
	
1321
37.08
44680
	
1317
37.08
44681
	
1317
36.97
44705
	
1322
36.75
44730
	
1323
36.75
44731
	
1326
41.63
44755
	
1322
41.63
44756
	
1312
49.53
44781
	
1324
49.53
44782
	
1317
50.38
44806
	
1319
50.38
44807
	
1326
50.54
44831
	
1316
50.46
44976
	
1319
50.46
44977
	
1322
50.39
45001
	
1323
50.39
45002
	
1322
48.12
45026
	
1319
48.12
45027
	
1323
39.11
45051
	
1315
39.11
45052
	
1323
36.98
45076
	
1322
36.98
45077
	
1319
36.22
45224
	
1315
36.22
45225
	
1317
35.80
45249
	
1317
35.80
45250
	
1317
35.93
45274
	
1313
35.93
45275
	
1321
37.09
45299
	
1321
37.09
45300
	
1316
37.09
45325
	
1317
37.09
45326
	
1313
37.68
45472
	
1322
37.68
45473
	
1319
37.60
45498
	
1321
37.60
45499
	
1312
37.62
45523
	
1317
37.62
45524
	
1317
37.78
45548
	
1310
37.78
45549
	
1314
38.03
45573
	
1318
38.03
45574
	
1321
38.83
45721
	
1319
38.83
45722
	
1319
38.87
45746
	
1317
39.13
45771
	
1322
39.13
45772
	
1327
44.58
45796
	
1323
44.58
45797
	
1325
52.58
45822
	
1319
52.58
45823
	
1313
52.91
45847
	
1307
52.91
45848
	
1317
52.90
45872
	
1324
52.94
46017
	
1317
52.94
46018
	
1322
53.11
46042
	
1321
53.11
46043
	
1325
50.36
46067
	
1319
50.36
46068
	
1319
41.38
46092
	
1318
41.38
46093
	
1318
39.80
46117
	
1322
39.80
46118
	
1321
38.80
46265
	
1315
38.80
46266
	
1312
38.67
46290
	
1318
38.67
46291
	
1319
38.41
46315
	
1323
38.41
46316
	
1316
38.20
46340
	
1301
38.20
46341
	
1321
38.17
46366
	
1317
38.17
46367
	
1317
36.55
46513
	
1317
36.55
46514
	
1318
36.34
46539
	
1319
36.34
46540
	
1317
36.25
46564
	
1319
36.25
46565
	
1312
36.23
46589
	
1321
36.23
46590
	
1322
36.07
46614
	
1315
36.07
46615
	
1315
35.94
46762
	
1319
35.94
46763
	
1322
36.21
46787
	
1321
36.65
46812
	
1327
36.65
46813
	
1323
41.98
46837
	
1321
41.98
46838
	
1317
48.57
46863
	
1323
48.57
46864
	
1325
49.08
46888
	
1322
49.08
46889
	
1319
49.33
46913
	
1312
50.22
47058
	
1323
50.22
47059
	
1322
50.30
47083
	
1321
50.30
47084
	
1319
47.43
47108
	
1319
47.43
47109
	
1319
38.23
47133
	
1318
38.23
47134
	
1316
36.93
47158
	
1313
36.93
47159
	
1321
36.21
47306
	
1321
36.21
47307
	
1322
35.90
47331
	
1321
35.90
47332
	
1308
35.77
47356
	
1318
35.77
47357
	
1318
35.64
47381
	
1315
35.64
47382
	
1313
35.73
47407
	
1321
35.73
47408
	
1317
35.28
47554
	
1315
35.28
47555
	
1321
35.06
47580
	
1322
35.06
47581
	
1319
34.81
47605
	
1317
34.81
47606
	
1314
34.57
47630
	
1322
34.57
47631
	
1317
34.36
47655
	
1316
34.36
47656
	
1317
33.45
47803
	
1318
33.45
47804
	
1322
33.45
47828
	
1319
33.09
47853
	
1317
33.09
47854
	
1318
33.61
47878
	
1327
33.61
47879
	
1322
41.83
47904
	
1326
41.83
47905
	
1323
45.96
47929
	
1318
45.96
47930
	
1315
45.34
47954
	
1319
41.92
48098
	
1322
41.92
48099
	
1324
40.09
48124
	
1322
40.09
48125
	
1322
36.63
48149
	
1314
36.63
48150
	
1315
28.22
48174
	
1319
28.22
48175
	
1318
26.32
48199
	
1319
26.32
48200
	
1325
27.97
48347
	
1324
27.97
48348
	
1318
28.69
48372
	
1321
28.69
48373
	
1322
28.85
48397
	
1319
28.85
48398
	
1309
28.54
48422
	
1319
28.54
48423
	
1311
28.98
48448
	
1318
28.98
48449
	
1318
29.93
48595
	
1319
29.93
48596
	
1318
29.41
48621
	
1318
29.41
48622
	
1321
28.53
48646
	
1319
28.53
48647
	
1319
28.38
48671
	
1318
28.38
48672
	
1319
28.38
48696
	
1317
28.38
48697
	
1311
28.71
48844
	
1317
28.71
48845
	
1320
29.02
48869
	
1322
28.69
48894
	
1319
28.69
48895
	
1319
28.58
48919
	
1326
28.58
48920
	
1314
36.29
48944
	
1323
36.29
48945
	
1322
39.00
48970
	
1322
39.00
48971
	
1319
38.00
48995
	
1327
17.78
49139
	
1313
17.78
49140
	
1318
16.45
49165
	
1319
16.45
49166
	
1326
11.98
49190
	
1315
11.98
49191
	
1317
4.70
49215
	
1313
4.70
49216
	
1320
3.62
49240
	
1319
3.62
49241
	
1322
3.44
49265
	
1318
3.44
49389
	
1321
3.54
49413
	
1322
3.54
49414
	
1316
3.85
49438
	
1321
3.85
49439
	
1319
4.05
49463
	
1322
4.05
49464
	
1311
3.72
49489
	
1312
3.72
49490
	
1314
3.90
49514
	
1322
3.90
49515
	
1321
3.91
49539
	
1314
3.91
49663
	
1322
3.79
49687
	
1322
3.79
49688
	
1318
3.60
49712
	
1318
3.60
49713
	
1319
3.62
49737
	
1317
3.62
49738
	
1314
3.81
49762
	
1319
3.81
49763
	
1312
3.73
49787
	
1315
3.73
49788
	
1316
3.60
49812
	
1314
3.60
49936
	
1319
3.65
49960
	
1315
3.65
49961
	
1311
3.66
49985
	
1321
3.66
49986
	
1321
6.30
50011
	
1321
6.30
50012
	
1323
13.49
50036
	
1325
13.49
50037
	
1319
14.40
50061
	
1319
14.40
50062
	
1322
15.37
50209
	
1327
15.37
50210
	
1326
15.37
50234
	
1313
15.37
50235
	
1317
14.46
50259
	
1327
14.46
50260
	
1325
8.10
50284
	
1317
8.10
50285
	
1319
4.93
50309
	
1317
4.93
50310
	
1319
4.56
50335
	
1319
4.56
50459
	
1317
4.31
50482
	
1319
4.31
50483
	
1315
4.28
50508
	
1322
4.28
50509
	
1319
4.21
50533
	
1316
4.21
50534
	
1322
4.24
50558
	
1316
4.24
50559
	
1317
3.99
50583
	
1318
3.99
50584
	
1315
3.94
50608
	
1321
3.94
50732
	
1317
3.68
50756
	
1318
3.68
50757
	
1319
3.57
50781
	
1319
3.57
50782
	
1314
3.61
50806
	
1317
3.61
50807
	
1322
3.70
50832
	
1319
3.70
50833
	
1319
3.59
50857
	
1314
3.59
50858
	
1316
3.54
50882
	
1319
3.54
51006
	
1317
3.41
51030
	
1322
3.41
51031
	
1319
3.67
51058
	
1313
3.67
51059
	
1309
4.66
51083
	
1326
4.66
51084
	
1319
12.05
51108
	
1322
12.05
51109
	
1320
14.03
51133
	
1319
14.03
51134
	
1321
15.30
51281
	
1322
15.30
51282
	
1327
15.04
51306
	
1327
15.04
51307
	
1326
11.72
51332
	
1323
11.72
51333
	
1315
5.34
51357
	
1319
5.34
51358
	
1319
4.57
51382
	
1317
4.57
51383
	
1313
4.35
51407
	
1318
4.35
51531
	
1321
3.85
51555
	
1327
3.85
51556
	
1317
3.87
51580
	
1322
3.87
51581
	
1321
3.68
51605
	
1321
3.68
51606
	
1317
3.63
51630
	
1318
3.63
51631
	
1319
3.61
51656
	
1321
3.61
51657
	
1319
3.57
51681
	
1317
3.57
51805
	
1323
3.59
51829
	
1327
3.59
51830
	
1317
3.60
51854
	
1322
3.60
51855
	
1322
3.64
51879
	
1321
3.64
51880
	
1319
3.73
51904
	
1318
3.73
51905
	
1323
3.72
51929
	
1319
3.72
51930
	
1322
3.73
51954
	
1319
3.73
52078
	
1315
3.72
52102
	
1323
3.72
52103
	
1319
3.53
52127
	
1327
3.53
52128
	
1321
6.02
52152
	
1324
6.02
52153
	
1321
12.88
52178
	
1323
12.88
52179
	
1328
13.83
52203
	
1315
13.83
52204
	
1325
14.12
52351
	
1322
14.12
52352
	
1325
14.60
52376
	
1311
14.60
52377
	
1315
13.64
52401
	
1321
13.64
52402
	
1319
6.86
52426
	
1311
6.86
52427
	
1320
4.07
52451
	
1318
4.07
52452
	
1319
3.58
52476
	
1319
3.58
52600
	
1321
3.39
52624
	
1317
3.39
52625
	
1319
3.48
52649
	
1319
3.48
52650
	
1319
3.34
52675
	
1314
3.34
52676
	
1318
3.00
52700
	
1313
3.00
52701
	
1317
2.81
52725
	
1319
2.81
52726
	
1318
2.63
52750
	
