=~=~=~=~=~=~=~=~=~=~=~= PuTTY log 2024.11.30 13:46:00 =~=~=~=~=~=~=~=~=~=~=~=
432
14210.86
	
313
14210.86
	
208
14211.21
	
292
14211.21
	
211
14212.18
	
310
14212.18
	
832
14211.56
	
281
14211.56
	
175
14211.45
	
269
14211.45
	
187
14211.17
	
304
14211.17
	
195
14210.76
	
274
14210.76
	
144
14209.25
	
208
14209.25
	
122
14209.70
	
243
14209.70
	
173
14209.48
	
293
14209.48
	
183
14210.32
	
278
14210.32
	
227
14210.06
	
207
14210.06
	
124
14210.71
	
255
14210.71
	
848
14210.57
	
335
14210.57
	
199
14214.62
	
215
14214.62
	
126
14229.33
	
257
14229.33
	
177
14232.41
	
304
14232.41
	
202
14260.72
	
276
14260.72
	
156
14305.43
	
201
14305.43
	
114
14380.71
	
244
14380.71
	
175
14499.13
	
327
14499.13
	
208
14555.13
	
304
14555.13
	
165
14532.98
	
207
14532.98
	
783
14503.78
	
343
14503.78
	
247
14499.92
	
285
14499.92
	
155
14533.12
	
302
14533.12
	
87
14629.36
	
212
14629.36
	
144
14667.03
	
298
14667.03
	
199
14667.06
	
272
14667.06
	
151
14667.58
	
208
14667.58
	
112
14674.79
	
252
14674.79
	
176
14708.15
	
304
14708.15
	
206
14730.15
	
272
14730.15
	
853
14612.09
	
259
14612.09
	
171
14618.05
	
267
14618.05
	
194
14625.16
	
299
14625.16
	
173
14624.87
	
304
14624.87
	
91
14625.15
	
210
14625.15
	
146
14629.83
	
275
14629.83
	
195
14642.66
	
293
14642.66
	
170
14650.64
	
319
14650.64
	
105
14660.48
	
247
14660.48
	
171
14674.76
	
287
14674.76
	
832
14733.77
	
318
14733.77
	
243
14748.10
	
210
14748.10
	
134
14755.08
	
256
14755.08
	
185
14755.18
	
291
14755.18
	
176
14761.16
	
252
14761.16
	
189
14768.11
	
208
14768.11
	
129
14768.40
	
297
14768.40
	
208
14766.86
	
317
14766.86
	
180
14764.72
	
313
14764.72
	
97
14767.99
	
210
14767.99
	
816
14784.94
	
383
14784.94
	
254
14785.14
	
246
14785.14
	
208
14873.26
	
204
14873.26
	
117
15015.28
	
249
15015.28
	
177
15058.31
	
298
15058.31
	
178
15065.08
	
253
15065.08
	
103
15053.37
	
212
15053.37
	
125
15046.68
	
276
15046.68
	
204
15042.95
	
292
15042.95
	
179
15040.79
	
242
15040.79
	
467
14772.95
	
293
14772.95
	
207
14781.85
	
323
14781.85
	
213
14786.74
	
272
14786.74
	
226
14796.70
	
201
14796.70
	
118
14809.33
	
247
14809.33
	
176
14817.18
	
299
14817.18
	
188
14818.08
	
262
14818.08
	
215
14822.52
	
191
14822.52
	
112
14832.44
	
256
14832.44
	
190
14840.46
	
298
14840.46
	
720
14878.65
	
261
14878.65
	
150
14886.88
	
240
14886.88
	
171
14899.29
	
298
14899.29
	
193
14907.85
	
277
14907.85
	
159
14910.48
	
208
14910.48
	
113
14920.12
	
231
14920.12
	
158
14932.80
	
304
14932.80
	
193
14944.79
	
269
14944.79
	
225
14967.67
	
199
14967.67
	
114
15121.30
	
342
15121.30
	
249
15136.47
	
303
15136.47
	
178
15231.07
	
225
15231.07
	
111
15409.53
	
214
15409.53
	
146
15487.19
	
299
15487.19
	
211
15498.29
	
285
15498.29
	
157
15484.32
	
201
15484.32
	
102
15484.55
	
226
15484.55
	
156
15486.36
	
293
15486.36
	
197
15483.48
	
279
15483.48
	
782
15194.75
	
290
15194.75
	
192
15199.33
	
274
15199.33
	
201
15204.67
	
304
15204.67
	
184
15210.89
	
232
15210.89
	
112
15221.26
	
214
15221.26
	
150
15220.08
	
284
15220.08
	
203
15217.49
	
294
15217.49
	
169
15219.28
	
228
15219.28
	
110
15215.81
	
232
15215.81
	
156
15203.30
	
384
15203.30
	
259
15204.73
	
273
15204.73
	
210
15205.81
	
206
15205.81
	
128
15205.51
	
261
15205.51
	
191
15206.97
	
290
15206.97
	
176
15206.99
	
321
15206.99
	
98
15201.92
	
202
15201.92
	
121
15201.58
	
272
15201.58
	
195
15207.49
	
326
15207.49
	
195
15212.37
	
230
15212.37
	
550
15216.11
	
295
15216.11
	
217
15213.06
	
283
15213.06
	
160
15322.90
	
219
15322.90
	
112
15541.13
	
235
15541.13
	
161
15613.55
	
285
15613.55
	
195
15608.36
	
279
15608.36
	
243
15593.18
	
215
15593.18
	
123
15583.84
	
256
15583.84
	
179
15574.34
	
301
15574.34
	
193
15559.69
	
290
15559.69
	
768
15146.48
	
266
15146.48
	
181
15152.19
	
279
15152.19
	
205
15158.72
	
299
15158.72
	
176
15161.45
	
240
15161.45
	
115
15165.29
	
218
15165.29
	
149
15167.31
	
299
15167.31
	
211
15168.61
	
295
15168.61
	
171
15165.68
	
211
15165.68
	
109
15167.20
	
221
15167.20
	
151
15170.25
	
288
15170.25
	
848
15169.94
	
416
15169.94
	
171
15172.60
	
219
15172.60
	
130
15172.90
	
289
15172.90
	
209
15170.69
	
325
15170.69
	
198
15171.73
	
242
15171.73
	
113
15173.84
	
213
15173.84
	
138
15176.91
	
270
15176.91
	
195
15181.50
	
316
15181.50
	
192
15181.36
	
241
15181.36
	
112
15174.06
	
304
15174.06
	
214
15169.19
	
288
15169.19
	
178
15243.01
	
375
15243.01
	
139
15463.94
	
210
15463.94
	
123
15564.61
	
246
15564.61
	
179
15575.09
	
319
15575.09
	
206
15558.01
	
344
15558.01
	
114
15548.54
	
212
15548.54
	
128
15540.73
	
278
15540.73
	
204
15531.58
	
294
15531.58
	
667
15045.42
	
259
15045.42
	
156
15049.19
	
245
15049.19
	
175
15054.77
	
301
15054.77
	
190
15060.48
	
294
15060.48
	
240
15064.28
	
202
15064.28
	
112
15072.66
	
240
15072.66
	
166
15083.44
	
307
15083.44
	
195
15089.15
	
340
15089.15
	
113
15094.11
	
219
15094.11
	
129
15097.57
	
269
15097.57
	
853
15111.70
	
368
15111.70
	
311
15119.06
	
221
15119.06
	
112
15122.87
	
224
15122.87
	
152
15123.34
	
289
15123.34
	
199
15124.03
	
282
15124.03
	
229
15126.50
	
208
15126.50
	
114
15123.98
	
238
15123.98
	
163
15119.48
	
303
15119.48
	
193
15115.90
	
283
15115.90
	
230
15114.48
	
281
15114.48
	
192
15111.23
	
263
15111.23
	
176
15168.34
	
305
15168.34
	
179
15380.84
	
239
15380.84
	
118
15497.49
	
241
15497.49
	
167
15519.69
	
307
15519.69
	
214
15499.44
	
272
15499.44
	
240
15482.67
	
226
15482.67
	
121
15466.05
	
255
15466.05
	
166
15445.81
	
287
15445.81
	
835
15004.99
	
306
15004.99
	
173
15002.59
	
227
15002.59
	
139
14993.16
	
276
14993.16
	
190
14950.32
	
286
14950.32
	
175
14897.24
	
243
14897.24
	
128
14816.79
	
257
14816.79
	
167
14679.97
	
291
14679.97
	
208
14526.29
	
290
14526.29
	
176
14386.27
	
266
14386.27
	
144
14189.08
	
311
14189.08
	
214
14188.94
	
296
14188.94
	
188
14190.58
	
260
14190.58
	
140
14191.52
	
237
14191.52
	
139
14194.79
	
243
14194.79
	
170
14198.76
	
280
14198.76
	
176
14205.39
	
225
