=~=~=~=~=~=~=~=~=~=~=~= PuTTY log 2024.12.01 14:16:51 =~=~=~=~=~=~=~=~=~=~=~=
1331
0.00
120274
	
1326
0.00
120298
	
1331
0.00
120299
	
1314
0.00
120446
	
1328
0.00
120447
	
1328
0.00
120471
	
1328
0.00
120472
	
1328
0.00
120496
	
1328
0.00
120497
	
1328
0.00
120522
	
1328
0.00
120523
	
1331
0.00
120547
	
1327
0.00
120548
	
1329
0.00
120695
	
1331
0.00
120696
	
1328
0.52
120720
	
1408
0.52
120721
	
1414
32.99
120745
	
1399
32.99
120746
	
1398
65.37
120770
	
1413
65.37
120771
	
1413
75.31
120795
	
1441
75.31
120796
	
1329
0.00
120943
	
1328
0.00
120944
	
1331
0.00
120968
	
1328
0.00
120969
	
1332
0.00
120994
	
1327
0.00
120995
	
1328
0.00
121019
	
1329
0.00
121020
	
1327
0.00
121044
	
1328
0.00
121045
	
1334
0.00
121192
	
1332
0.00
121193
	
1330
0.00
121217
	
1328
0.00
121218
	
1333
0.00
121242
	
1328
0.00
121243
	
1331
0.00
121267
	
1328
0.00
121268
	
1329
0.00
121292
	
1328
0.00
121293
	
1322
0.00
121440
	
1319
0.00
121441
	
1328
0.00
121465
	
1334
0.00
121466
	
1328
0.00
121491
	
1329
0.00
121492
	
1328
0.00
121516
	
1328
0.00
121517
	
1328
0.00
121541
	
1327
0.00
121542
	
1328
0.00
121689
	
1322
0.00
121690
	
1328
0.00
121714
	
1327
0.00
121715
	
1328
0.00
121739
	
1327
0.00
121740
	
1318
1.81
121764
	
1396
1.81
121765
	
1383
42.59
121790
	
1408
42.59
121791
	
1402
70.57
121937
	
1415
70.57
121938
	
1414
68.23
121963
	
1472
68.23
121964
	
1472
30.04
121988
	
1383
30.04
121989
	
1382
2.09
122013
	
1344
2.09
122014
	
1342
0.00
122038
	
1332
0.00
122039
	
1328
0.00
122186
	
1333
0.00
122187
	
1327
0.00
122211
	
1328
0.00
122212
	
1325
0.00
122236
	
1324
0.00
122237
	
1326
0.00
122261
	
1331
0.00
122262
	
1328
0.00
122287
	
1328
0.00
122288
	
1328
0.00
122435
	
1327
0.00
122436
	
1330
0.00
122460
	
1328
0.00
122461
	
1327
0.00
122485
	
1328
0.00
122486
	
1328
0.00
122510
	
1328
0.00
122511
	
1328
0.00
122535
	
1328
0.00
122536
	
1328
0.00
122683
	
1325
0.00
122684
	
1321
0.00
122708
	
1328
0.00
122709
	
1328
0.00
122733
	
1328
0.00
122734
	
1324
0.00
122759
	
1331
0.00
122760
	
1328
0.00
122784
	
1328
0.00
122785
	
1333
74.75
122932
	
1424
74.75
122933
	
1415
72.46
122957
	
1415
72.46
122958
	
1419
71.51
122982
	
1419
71.51
122983
	
1423
70.90
123007
	
1413
70.90
123008
	
1424
60.10
123032
	
1443
60.10
123033
	
1329
0.00
123180
	
1328
0.00
123181
	
1329
0.00
123205
	
1335
0.00
123206
	
1328
0.00
123230
	
1331
0.00
123231
	
1328
0.00
123256
	
1334
0.00
123257
	
1328
0.00
123281
	
1332
0.00
123282
	
1327
0.00
123429
	
1324
0.00
123430
	
1333
0.00
123454
	
1328
0.00
123455
	
1330
0.00
123479
	
1328
0.00
123480
	
1333
0.00
123504
	
1328
0.00
123505
	
1331
0.00
123529
	
1329
0.00
123530
	
1331
0.00
123677
	
1329
0.00
123678
	
1329
0.00
123702
	
1328
0.00
123703
	
1327
0.00
123727
	
1321
0.00
123728
	
1328
0.00
123753
	
1328
0.00
123754
	
1330
0.00
123778
	
1321
0.00
123779
	
1333
0.09
123926
	
1333
0.09
123927
	
1334
0.17
123951
	
1328
0.17
123952
	
1328
0.34
123976
	
1389
0.34
123977
	
1365
25.82
124001
	
1412
25.82
124002
	
1373
62.58
124026
	
1408
62.58
124027
	
1424
70.74
124174
	
1413
70.74
124175
	
1419
69.52
124199
	
1461
69.52
124200
	
1475
37.18
124225
	
1392
37.18
124226
	
1389
4.41
124250
	
1357
4.41
124251
	
1356
0.00
124275
	
1338
0.00
124276
	
1328
0.00
124423
	
1329
0.00
124424
	
1330
0.00
124448
	
1326
0.00
124449
	
1328
0.00
124473
	
1329
0.00
124474
	
1328
0.00
124498
	
1328
0.00
124499
	
1328
0.00
124523
	
1328
0.00
124524
	
1328
0.00
124671
	
1328
0.00
124672
	
1329
0.00
124696
	
1329
0.00
124697
	
1325
0.00
124722
	
1321
0.00
124723
	
1324
0.00
124747
	
1328
0.00
124748
	
1331
0.00
124772
	
1324
0.00
124773
	
1325
0.03
124920
	
1328
0.03
124921
	
1329
0.09
124945
	
1328
0.09
124946
	
1328
0.11
124970
	
1328
0.11
124971
	
1327
0.22
124995
	
1331
0.22
124996
	
1328
0.92
125020
	
1406
0.92
125021
	
1386
72.41
125168
	
1415
72.41
125169
	
1418
71.33
125194
	
1424
71.33
125195
	
1414
70.07
125219
	
1457
70.07
125220
	
1456
38.73
125244
	
1395
38.73
125245
	
1399
4.44
125269
	
1357
4.44
125270
	
1328
0.00
125417
	
1326
0.00
125418
	
1328
0.00
125442
	
1328
0.00
125443
	
1328
0.00
125467
	
1331
0.00
125468
	
1328
0.00
125492
	
1328
0.00
125493
	
1328
0.00
125518
	
1329
0.00
125519
	
1328
0.00
125665
	
1329
0.00
125666
	
1328
0.00
125691
	
1327
0.00
125692
	
1328
0.00
125716
	
1328
0.00
125717
	
1328
0.00
125741
	
1324
0.00
125742
	
1321
0.00
125766
	
1328
0.00
125767
	
1328
0.00
125914
	
1328
0.00
125915
	
1328
0.00
125939
	
1331
0.00
125940
	
1327
0.00
125964
	
1329
0.00
125965
	
1327
0.00
125989
	
1329
0.00
125990
	
1328
0.00
126015
	
1333
0.00
126016
	
1318
0.00
126162
	
1325
0.00
126163
	
1331
0.00
126188
	
1342
0.00
126189
	
1349
11.38
126213
	
1405
11.38
126214
	
1392
56.31
126238
	
1411
56.31
126239
	
1402
73.48
126263
	
1415
73.48
126264
	
1328
0.00
126411
	
1328
0.00
126412
	
1315
0.00
126436
	
1329
0.00
126437
	
1329
0.00
126461
	
1328
0.00
126462
	
1327
0.00
126487
	
1329
0.00
126488
	
1328
0.00
126512
	
1334
0.00
126513
	
1328
0.00
126660
	
1328
0.00
126661
	
1330
0.00
126685
	
1330
0.00
126686
	
1328
0.00
126710
	
1331
0.00
126711
	
1318
0.00
126735
	
1331
0.00
126736
	
1328
0.00
126760
	
1330
0.00
126761
	
1319
0.00
126908
	
1328
0.00
126909
	
1328
0.00
126933
	
1328
0.00
126934
	
1328
0.00
126958
	
1328
0.00
126959
	
1328
0.00
126984
	
1327
0.00
126985
	
1328
0.00
127009
	
1328
0.00
127010
	
1328
0.00
127157
	
1328
0.00
127158
	
1328
0.00
127182
	
1328
0.00
127183
	
1327
0.00
127207
	
1328
0.00
127208
	
1328
0.00
127232
	
1359
0.00
127233
	
1373
18.09
127257
	
1389
18.09
127258
	
1395
71.80
127405
	
1418
71.80
127406
	
1414
70.90
127430
	
1425
70.90
127431
	
1441
54.74
127455
	
1408
54.74
127456
	
1410
10.97
127481
	
1360
10.97
127482
	
1351
0.00
127506
	
1335
0.00
127507
	
1333
0.00
127654
	
1328
0.00
127655
	
1328
0.00
127679
	
1328
0.00
127680
	
1332
0.00
127704
	
1328
0.00
127705
	
1328
0.00
127729
	
1328
0.00
127730
	
1323
0.00
127754
	
1328
0.00
127755
	
1328
0.00
127902
	
1329
0.00
127903
	
1329
0.00
127927
	
1328
0.00
127928
	
1330
0.00
127953
	
1328
0.00
127954
	
1328
0.00
127978
	
1328
0.00
127979
	
1328
0.00
128003
	
1329
0.00
128004
	
1329
0.00
128151
	
1328
0.00
128152
	
1320
0.00
128176
	
1325
0.00
128177
	
1328
0.01
128201
	
1329
0.01
128202
	
1328
0.05
128226
	
1333
0.05
128227
	
1328
0.21
128251
	
1323
0.21
128252
	
1328
74.43
128399
	
1415
74.43
128400
	
1418
72.51
128424
	
1413
72.51
128425
	
1423
72.08
128450
	
1410
72.08
128451
	
1412
71.01
128475
	
1441
71.01
128476
	
1441
47.36
128500
	
1423
47.36
128501
	
1329
0.00
128648
	
1328
0.00
128649
	
1322
0.00
128673
	
1328
0.00
128674
	
1328
0.00
128698
	
1328
0.00
128699
	
1328
0.00
128723
	
1328
0.00
128724
	
1328
0.00
128748
	
1334
0.00
128749
	
1326
0.00
128896
	
1324
0.00
128897
	
1328
0.00
128922
	
1328
0.00
128923
	
1327
0.00
128947
	
1327
0.00
128948
	
1328
0.00
128972
	
1329
0.00
128973
	
1327
0.00
128997
	
1330
0.00
128998
	
1328
0.00
129145
	
1328
0.00
129146
	
1329
0.00
129170
	
1328
0.00
129171
	
1323
0.00
129195
	
1327
0.00
129196
	
1328
0.00
129220
	
1326
0.00
129221
	
1325
0.01
129246
	
1328
0.01
129247
	
1328
0.14
129393
	
1329
0.14
129394
	
1330
0.14
129419
	
1328
0.14
129420
	
1328
1.85
129444
	
1403
1.85
129445
	
1393
41.82
129469
	
1399
41.82
129470
	
1391
68.51
129494
	
1419
68.51
129495
	
1402
71.33
129642
	
1413
71.33
129643
	
1414
70.80
129667
	
1411
70.80
129668
	
1430
60.63
129692
	
1423
60.63
129693
	
1424
14.91
129717
	
1367
14.91
129718
	
1370
0.00
129743
	
1341
0.00
129744
	
1332
0.00
129891
	
1325
0.00
129892
	
1335
0.00
129916
	
1328
0.00
129917
	
1332
0.00
129941
	
1328
0.00
129942
	
1328
0.00
129966
	
1328
0.00
129967
	
1328
0.00
129991
	
1328
0.00
129992
	
1328
0.00
130139
	
1330
0.00
130140
	
1328
0.00
130164
	
1328
0.00
130165
	
1328
0.00
130189
	
1328
0.00
130190
	
1322
0.00
130215
	
1328
0.00
130216
	
1328
0.00
130240
	
1328
0.00
130241
	
1328
0.00
130388
	
1329
0.00
130389
	
1328
0.00
130413
	
1327
0.00
130414
	
1331
0.00
130438
	
1328
0.00
130439
	
1330
0.00
130463
	
1333
0.00
130464
	
1328
0.00
130488
	
1342
0.00
130489
	
1350
73.24
130636
	
1419
73.24
130637
	
1424
72.61
130661
	
1415
72.61
130662
	
1413
71.95
130686
	
1411
71.95
130687
	
1415
62.03
130712
	
1434
62.03
130713
	
1423
15.07
130737
	
1366
15.07
130738
	
1319
0.00
130885
	
1328
0.00
130886
	
1328
0.00
130910
	
1328
0.00
130911
	
1328
0.00
130935
	
1328
0.00
130936
	
1328
0.00
130960
	
1331
0.00
130961
	
1328
0.00
130985
	
1330
0.00
130986
	
1327
0.00
131133
	
1328
0.00
131134
	
1327
0.00
131158
	
1328
0.00
131159
	
1328
0.00
131184
	
1328
0.00
131185
	
1322
0.00
131209
	
1327
0.00
131210
	
1328
0.00
131234
	
1327
0.00
131235
	
1334
0.00
131382
	
1327
0.00
131383
	
1328
0.00
131407
	
1318
0.00
131408
	
1322
0.00
131432
	
1328
0.00
131433
	
1329
0.00
131457
	
1328
0.00
131458
	
1329
0.00
131482
	
1326
0.00
131483
	
1330
0.00
131630
	
1330
0.00
131631
	
1327
0.00
131655
	
1379
0.00
131656
	
1375
25.43
131681
	
1405
25.43
131682
	
1390
63.72
131706
	
1403
63.72
131707
	
1409
76.05
131731
	
1434
76.05
131732
	
1331
0.00
131879
	
1322
0.00
131880
	
1328
0.00
131904
	
1328
0.00
131905
	
1328
0.00
131929
	
1315
0.00
131930
	
1333
0.00
131954
	
1328
0.00
131955
	
1328
0.00
131979
	
1328
0.00
131980
	
1328
0.00
132127
	
1328
0.00
132128
	
1328
0.00
132152
	
1328
0.00
132153
	
1330
0.00
132178
	
1328
0.00
132179
	
1329
0.00
132203
	
1328
0.00
132204
	
1328
0.00
132228
	
1319
0.00
132229
	
1328
0.00
132376
	
1334
0.00
132377
	
1331
0.00
132401
	
1328
0.00
132402
	
1328
0.00
132426
	
1328
0.00
132427
	
1329
0.00
132451
	
1328
0.00
132452
	
1327
0.00
132477
	
1323
0.00
132478
	
1328
0.00
132624
	
1320
0.00
132625
	
1329
0.00
132650
	
1329
0.00
132651
	
1329
0.00
132675
	
1329
0.00
132676
	
1327
0.00
132700
	
1400
0.00
132701
	
1392
34.48
132725
	
1412
34.48
132726
	
1394
72.43
132873
	
1422
72.43
132874
	
1418
71.47
132898
	
1437
71.47
132899
	
1447
40.22
132923
	
1401
40.22
132924
	
1407
4.33
132948
	
1354
4.33
132949
	
1351
0.00
132974
	
1328
0.00
132975
	
