=~=~=~=~=~=~=~=~=~=~=~= PuTTY log 2024.12.02 12:10:39 =~=~=~=~=~=~=~=~=~=~=~=
1317
52.26
1041840
	
1321
52.26
1041841
	
1319
52.26
1041845
	
1317
52.26
1041847
	
1319
52.26
1041848
	
1326
52.26
1041850
	
1349
17.58
1041997
	
1345
17.58
1041998
	
1343
42.87
1042022
	
1344
42.87
1042023
	
1342
73.89
1042047
	
1345
73.89
1042048
	
1343
89.74
1042072
	
1344
89.74
1042073
	
1344
65.60
1042220
	
1322
65.60
1042221
	
1321
65.98
1042245
	
1315
65.98
1042246
	
1321
66.31
1042270
	
1319
66.31
1042271
	
1319
65.39
1042296
	
1318
65.39
1042297
	
1321
63.91
1042321
	
1319
63.91
1042445
	
1319
59.22
1042469
	
1315
59.22
1042470
	
1318
59.88
1042494
	
1324
59.88
1042495
	
1318
59.64
1042519
	
1315
59.64
1042520
	
1322
58.86
1042544
	
1321
58.86
1042545
	
1321
56.41
1042692
	
1317
56.41
1042693
	
1322
56.79
1042717
	
1317
56.79
1042718
	
1311
56.31
1042742
	
1317
56.31
1042743
	
1317
55.95
1042767
	
1315
55.95
1042768
	
1311
56.01
1042792
	
1318
56.01
1042916
	
1315
53.91
1042940
	
1319
53.91
1042941
	
1318
52.84
1042965
	
1325
52.84
1042966
	
1321
59.17
1042991
	
1338
59.17
1042992
	
1341
84.96
1043016
	
1344
84.96
1043017
	
1341
93.28
1043164
	
1339
93.28
1043166
	
1346
93.50
1043189
	
1344
93.50
1043190
	
1354
83.02
1043214
	
1341
83.02
1043215
	
1339
58.66
1043239
	
1330
58.66
1043240
	
1328
47.95
1043264
	
1326
47.95
1043388
	
1320
44.94
1043412
	
1320
44.94
1043413
	
1313
45.21
1043437
	
1311
45.21
1043438
	
1317
44.88
1043462
	
1325
44.88
1043463
	
1312
44.83
1043488
	
1318
44.83
1043489
	
1325
45.28
1043636
	
1319
45.28
1043637
	
1323
45.43
1043661
	
1320
45.43
1043662
	
1317
45.94
1043686
	
1317
45.94
1043687
	
1317
46.37
1043711
	
1315
46.37
1043712
	
1309
46.47
1043736
	
1318
46.47
1043860
	
1319
48.27
1043884
	
1322
48.27
1043885
	
1314
48.82
1043909
	
1319
48.82
1043910
	
1316
48.57
1043934
	
1317
48.57
1043935
	
1317
48.34
1043960
	
1318
48.34
1043961
	
1315
47.97
1044107
	
1312
48.18
1044133
	
1338
48.18
1044134
	
1341
61.72
1044158
	
1328
61.72
1044159
	
1330
86.35
1044183
	
1343
86.35
1044184
	
1342
94.80
1044208
	
1344
94.80
1044209
	
1344
95.54
1044233
	
1344
95.54
1044357
	
1343
95.95
1044381
	
1344
95.95
1044383
	
1341
95.67
1044406
	
1346
95.67
1044407
	
1337
87.43
1044431
	
1343
87.43
1044432
	
1350
61.50
1044457
	
1330
61.50
1044458
	
1319
41.79
1044604
	
1322
41.79
1044605
	
1318
41.33
1044630
	
1318
41.33
1044631
	
1319
41.02
1044655
	
1317
41.02
1044656
	
1318
41.00
1044680
	
1317
41.00
1044681
	
1317
41.54
1044705
	
1326
41.54
1044829
	
1315
42.10
1044853
	
1317
42.10
1044854
	
1319
42.13
1044878
	
1318
42.13
1044879
	
1314
42.42
1044903
	
1317
42.42
1044904
	
1318
42.58
1044928
	
1319
42.58
1044929
	
1317
43.91
1045076
	
1315
43.91
1045077
	
1322
43.93
1045101
	
1321
43.93
1045102
	
1316
43.91
1045127
	
1315
43.91
1045128
	
1314
43.68
1045152
	
1318
44.27
1045177
	
1323
44.27
1045178
	
1327
63.74
1045202
	
1333
63.74
1045326
	
1342
92.28
1045350
	
1343
92.28
1045351
	
1353
91.77
1045375
	
1347
91.77
1045376
	
1345
75.05
1045400
	
1343
75.05
1045401
	
1339
52.39
1045425
	
1327
52.39
1045426
	
1324
41.64
1045573
	
1322
41.64
1045574
	
1319
41.53
1045598
	
1319
41.53
1045599
	
1318
41.31
1045624
	
1319
41.31
1045625
	
1317
40.93
1045649
	
1321
40.93
1045650
	
1319
40.54
1045674
	
1321
40.54
1045798
	
1318
40.44
1045822
	
1317
40.44
1045823
	
1314
40.56
1045847
	
1313
40.56
1045848
	
1322
40.61
1045872
	
1316
40.61
1045873
	
1317
41.20
1045897
	
1316
41.20
1045898
	
1319
42.02
1046045
	
1318
42.02
1046046
	
1314
42.16
1046070
	
1319
42.16
1046071
	
1317
41.82
1046095
	
1313
41.82
1046096
	
1312
41.52
1046121
	
1316
41.52
1046122
	
1309
41.55
1046146
	
1322
41.55
1046270
	
1319
40.36
1046294
	
1322
40.36
1046295
	
1324
40.36
1046322
	
1323
40.36
1046323
	
1327
44.01
1046347
	
1328
44.01
1046348
	
1328
69.81
1046372
	
1341
69.81
1046373
	
1337
86.97
1046520
	
1344
86.97
1046521
	
1348
87.42
1046545
	
1342
87.42
1046546
	
1345
80.07
1046570
	
1347
80.07
1046571
	
1340
54.46
1046596
	
1328
54.46
1046597
	
1328
40.64
1046621
	
1321
40.64
1046745
	
1318
35.45
1046769
	
1321
35.45
1046770
	
1321
35.42
1046794
	
1317
35.42
1046795
	
1317
35.57
1046819
	
1324
35.57
1046820
	
1323
35.48
1046844
	
1319
35.48
1046845
	
1316
36.77
1046992
	
1317
36.77
1046993
	
1321
37.15
1047017
	
1322
37.15
1047018
	
1318
36.87
1047042
	
1318
36.87
1047043
	
1312
36.05
1047067
	
1316
36.05
1047068
	
1322
35.87
1047092
	
1311
35.87
1047216
	
1317
33.69
1047240
	
1319
33.69
1047241
	
1317
33.36
1047266
	
1319
33.36
1047267
	
1318
33.02
1047291
	
1317
33.02
1047292
	
1317
33.17
1047316
	
1317
33.17
1047317
	
1315
31.11
1047464
	
1317
30.90
1047489
	
1325
30.90
1047490
	
1328
40.66
1047514
	
1337
40.66
1047515
	
1333
65.86
1047539
	
1337
65.86
1047540
	
1349
74.81
1047564
	
1343
74.81
1047565
	
1345
76.28
1047589
	
1338
76.28
1047713
	
1345
72.52
1047737
	
1344
72.52
1047739
	
1344
70.24
1047762
	
1339
70.24
1047763
	
1341
61.60
1047788
	
1343
61.60
1047789
	
1349
32.52
1047813
	
1330
32.52
1047814
	
1320
0.00
1047961
	
1323
0.00
1047962
	
1322
0.00
1047986
	
1323
0.00
1047987
	
1324
0.00
1048011
	
1322
0.00
1048012
	
1321
0.00
1048036
	
1321
0.00
1048037
	
1321
0.00
1048061
	
1319
0.00
1048062
	
1321
0.00
1048209
	
1319
0.00
1048210
	
1320
0.00
1048234
	
1313
0.00
1048235
	
1319
8.46
1048259
	
1321
8.46
1048260
	
1317
18.72
1048285
	
1322
18.72
1048286
	
1321
26.84
1048310
	
1317
26.84
1048311
	
1319
44.31
1048458
	
1323
44.31
1048459
	
1314
45.90
1048483
	
1315
45.90
1048484
	
1319
47.25
1048508
	
1324
48.24
1048533
	
1344
48.24
1048534
	
1338
64.29
1048558
	
1335
64.29
1048559
	
1335
93.47
1048706
	
1345
93.47
1048707
	
1344
92.37
1048731
	
1346
92.37
1048732
	
1345
78.81
1048756
	
1334
78.81
1048757
	
1340
53.57
1048782
	
1319
53.57
1048783
	
1327
43.12
1048807
	
1319
43.12
1048931
	
1323
40.33
1048955
	
1317
40.33
1048956
	
1321
39.92
1048980
	
1322
39.92
1048981
	
1321
40.42
1049005
	
1318
40.42
1049006
	
1318
40.89
1049030
	
1322
40.89
1049031
	
1319
40.72
1049178
	
1315
40.72
1049179
	
1319
40.99
1049203
	
1323
40.99
1049204
	
1317
40.97
1049228
	
1324
40.97
1049229
	
1315
41.03
1049253
	
1326
41.03
1049254
	
1318
40.94
1049279
	
1321
40.94
1049403
	
1317
38.39
1049426
	
1319
38.39
1049427
	
1324
37.68
1049452
	
1321
37.68
1049453
	
1314
37.55
1049477
	
1325
37.55
1049478
	
1317
37.95
1049502
	
1321
37.95
1049503
	
1317
40.77
1049650
	
1321
40.77
1049651
	
1322
41.97
1049678
	
1329
41.97
1049679
	
1325
62.87
1049703
	
1335
62.87
1049704
	
1332
82.35
1049728
	
1344
82.35
1049729
	
1344
87.42
1049754
	
1343
87.42
1049878
	
1346
86.16
1049901
	
1346
86.16
1049903
	
1344
85.95
1049927
	
1344
85.95
1049928
	
1346
77.44
1049952
	
1341
77.44
1049953
	
1342
52.32
1049977
	
1327
52.32
1049978
	
1319
37.09
1050125
	
1322
37.09
1050126
	
1319
36.73
1050150
	
1321
36.73
1050151
	
1321
35.72
1050175
	
1319
35.72
1050176
	
1316
35.49
1050200
	
1319
35.49
1050201
	
1321
36.02
1050225
	
1319
36.02
1050349
	
1315
35.40
1050373
	
1326
35.40
1050374
	
1318
36.08
1050398
	
1313
36.08
1050399
	
1317
36.46
1050424
	
1312
36.46
1050425
	
1319
36.41
1050449
	
1317
36.41
1050450
	
1321
38.51
1050597
	
1319
38.51
1050598
	
1321
38.17
1050622
	
1326
38.17
1050623
	
1322
38.96
1050647
	
1325
38.96
1050648
	
1319
39.24
1050672
	
1322
39.24
1050673
	
1321
39.36
1050697
	
1319
39.24
1050722
	
1315
39.24
1050846
	
1344
84.95
1050870
	
1344
84.95
1050871
	
1342
85.03
1050895
	
1344
85.03
1050896
	
1344
84.59
1050920
	
1345
84.59
1050921
	
1335
79.53
1050946
	
1346
79.53
1050947
	
1317
32.65
1051093
	
1316
32.65
1051094
	
1313
32.83
1051119
	
1316
32.83
1051120
	
1318
32.98
1051144
	
1325
32.98
1051145
	
1318
33.35
1051169
	
1325
33.35
1051170
	
1316
33.44
1051194
	
1321
33.44
1051318
	
1321
32.33
1051342
	
1315
32.33
1051343
	
1316
31.98
1051367
	
1316
31.98
1051368
	
1314
32.40
1051392
	
1319
32.40
1051393
	
1317
32.20
1051417
	
1314
32.20
1051418
	
1327
27.03
1051565
	
1317
27.03
1051566
	
1319
26.91
1051590
	
1318
26.91
1051591
	
1318
26.40
1051616
	
1318
26.40
1051617
	
1317
27.02
1051641
	
1319
27.02
1051642
	
1317
27.48
1051666
	
1317
27.48
1051790
	
1314
30.81
1051814
	
1314
30.81
1051815
	
1321
31.48
1051842
	
1322
31.48
1051843
	
1321
36.00
1051867
	
1335
36.00
1051868
	
1334
60.96
1051892
	
1339
60.96
1051893
	
1346
77.23
1052040
	
1345
77.23
1052041
	
1344
76.97
1052065
	
1338
76.97
1052066
	
1343
69.46
1052090
	
1341
69.46
1052091
	
1349
44.61
1052116
	
1327
44.61
1052117
	
1326
30.69
1052141
	
1325
30.69
1052265
	
1319
22.14
1052289
	
1323
22.14
1052290
	
1307
21.53
1052314
	
1323
21.53
1052315
	
1319
21.48
1052339
	
1319
21.48
1052340
	
1315
20.55
1052364
	
1317
20.55
1052365
	
1319
24.39
1052512
	
1318
24.39
1052513
	
1319
24.15
1052537
	
1315
24.15
1052538
	
1319
24.23
1052562
	
1318
24.23
1052563
	
1318
24.85
1052587
	
1317
24.85
1052588
	
1318
26.76
1052612
	
1319
26.76
1052736
	
1314
28.78
1052760
	
1318
28.78
1052761
	
1317
27.99
1052785
	
1312
27.99
1052786
	
1324
27.55
1052811
	
1318
27.55
1052812
	
1319
27.05
1052836
	
1318
27.05
1052837
	
1316
25.00
1052984
	
1319
24.78
1053009
	
1325
24.78
1053010
	
1330
34.70
1053034
	
1333
34.70
1053035
	
1331
59.00
1053059
	
1344
59.00
1053060
	
1339
68.54
1053084
	
1341
68.54
1053085
	
1343
70.98
1053109
	
1343
70.98
1053233
	
1347
71.25
1053257
	
1349
71.25
1053259
	
1345
70.54
1053282
	
1344
70.54
1053283
	
1342
66.16
1053307
	
1344
66.16
1053308
	
1344
43.54
1053333
	
1319
43.54
1053334
	
1324
20.50
1053480
	
1319
20.50
1053481
	
1318
21.03
1053506
	
1317
21.03
1053507
	
1317
21.68
1053531
	
1319
21.68
1053532
	
1318
22.26
1053556
	
1317
22.26
1053557
	
1318
22.84
1053581
	
1316
22.84
1053705
	
1316
25.28
1053729
	
1318
25.28
1053730
	
1309
24.38
1053754
	
1313
24.38
1053755
	
1319
24.27
1053779
	
1316
24.27
1053780
	
1319
24.46
1053804
	
1318
24.46
1053805
	
1317
24.97
1053952
	
1319
24.97
1053953
	
1317
25.09
1053977
	
1317
25.09
1053978
	
1318
25.07
1054002
	
1322
25.07
1054003
	
1315
24.67
1054028
	
1315
25.33
1054053
	
1334
25.33
1054054
	
1328
40.33
1054078
	
1328
40.33
1054202
	
1344
70.58
1054226
	
1344
70.58
1054227
	
1344
70.36
1054251
	
1347
70.36
1054252
	
1345
58.73
1054276
	
1334
58.73
1054277
	
1340
34.99
1054301
	
1328
34.99
1054302
	
1318
20.40
1054449
	
1306
20.40
1054450
	
1324
20.82
1054474
	
1319
20.82
1054475
	
1318
22.20
1054499
	
1318
22.20
1054500
	
1319
22.84
1054525
	
1321
22.84
1054526
	
1324
21.97
1054550
	
1319
21.97
1054674
	
1323
23.26
1054697
	
1317
23.26
1054698
	
1314
23.56
1054723
	
1312
23.56
1054724
	
1314
23.82
1054748
	
1316
23.82
1054749
	
1317
23.82
1054773
	
1317
23.82
1054774
	
1317
26.44
1054921
	
1321
26.44
1054922
	
1322
25.84
1054946
	
1315
25.84
1054947
	
1322
25.01
1054971
	
1319
25.01
1054972
	
1319
24.84
1054996
	
1319
24.84
1054997
	
1317
24.79
1055021
	
1315
24.79
1055145
	
1317
25.46
1055169
	
1323
25.46
1055170
	
1322
26.31
1055194
	
1334
26.31
1055195
	
1331
43.07
1055220
	
1342
43.07
1055221
	
1339
64.36
1055245
	
1346
64.36
1055246
	
1341
71.74
1055393
	
1345
71.74
1055395
	
1349
71.56
1055418
	
1337
71.56
1055419
	
1340
69.37
1055443
	
1343
69.37
1055444
	
1345
47.99
1055468
	
1328
47.99
1055469
	
1327
29.97
1055493
	
1325
29.97
1055617
	
1325
23.68
1055641
	
1321
23.68
1055642
	
1319
22.46
1055666
	
1319
22.46
1055667
	
1318
22.15
1055691
	
1316
22.15
1055692
	
1318
22.86
1055716
	
1319
22.86
1055717
	
1317
19.76
1055864
	
1324
19.76
1055865
	
1318
19.13
1055889
	
1323
19.13
1055890
	
1317
17.61
1055915
	
1319
17.61
1055916
	
1317
16.02
1055940
	
1317
16.02
1055941
	
1317
16.31
1055965
	
1323
16.31
1056089
	
1318
16.88
1056113
	
1310
16.88
1056114
	
1315
16.84
1056138
	
1317
16.84
1056139
	
1321
17.57
1056163
	
1309
17.57
1056164
	
1323
18.28
1056188
	
1317
18.28
1056189
	
1322
17.43
1056336
	
1324
17.95
1056361
	
1319
17.95
1056362
	
1322
22.19
1056386
	
1337
22.19
1056387
	
1329
46.99
1056411
	
1349
46.99
1056412
	
1341
60.00
1056437
	
1347
60.00
1056438
	
1347
63.60
1056462
	
1343
63.60
1056586
	
1345
63.76
1056610
	
1343
63.76
1056612
	
1347
61.45
1056635
	
1349
61.45
1056636
	
1351
43.28
1056660
	
1334
43.28
1056661
	
1331
19.40
1056685
	
1326
19.40
1056686
	
1314
2.39
1056833
	
1314
2.39
1056834
	
1315
0.00
1056858
	
1319
0.00
1056859
	
1322
0.94
1056883
	
1318
0.94
1056884
	
1323
1.09
1056908
	
1315
1.09
1056909
	
1326
0.00
1056934
	
1322
0.00
1056935
	
1318
0.00
1057081
	
1319
0.00
1057082
	
1311
0.00
1057107
	
1314
0.00
1057108
	
1313
0.00
1057132
	
1319
0.00
1057133
	
1322
0.00
1057157
	
1309
0.00
1057158
	
1316
0.00
1057182
	
1319
0.00
1057183
	
1317
0.00
1057330
	
1319
0.00
1057331
	
1317
0.00
1057355
	
1323
0.00
1057356
	
1315
0.00
1057380
	
1317
0.00
1057405
	
1327
0.00
1057406
	
1332
0.00
1057431
	
1342
0.00
1057432
	
1335
14.00
1057456
	
1331
14.00
1057457
	
1348
21.73
1057603
	
1346
21.73
1057605
	
1350
22.01
1057629
	
1344
22.01
1057630
	
1348
15.05
1057654
	
1343
15.05
1057655
	
1343
0.00
1057679
	
1326
0.00
1057680
	
1326
0.00
1057704
	
1322
0.00
1057849
	
1314
0.00
1057850
	
1318
0.00
1057874
	
1314
0.00
1057875
	
1315
0.00
1057899
	
1315
0.00
1057900
	
1318
0.00
1057924
	
1310
0.00
1057925
	
1319
0.00
1057949
	
1319
0.00
1057950
	
1322
0.00
1058097
	
1321
0.00
1058098
	
1318
0.00
1058122
	
1325
0.00
1058123
	
1317
0.00
1058148
	
1318
0.00
1058149
	
1314
0.00
1058173
	
1311
0.00
1058174
	
1318
0.00
1058198
	
1319
0.00
1058199
	
1322
0.00
1058346
	
1316
0.00
1058347
	
1321
0.00
1058371
	
1318
0.00
1058372
	
1319
0.00
1058396
	
1318
0.00
1058397
	
1319
0.00
1058421
	
1319
0.00
1058446
	
1328
0.00
1058447
	
1329
0.00
1058472
	
1338
0.00
1058473
	
1344
21.37
1058619
	
1344
21.37
1058620
	
1347
21.56
1058645
	
1343
21.56
1058646
	
1344
16.71
1058670
	
1342
16.71
1058671
	
1339
0.00
1058695
	
1331
0.00
1058696
	
1324
0.00
1058720
	
1323
0.00
1058844
	
1317
0.00
1058868
	
1314
0.00
1058869
	
1316
0.00
1058893
	
1319
0.00
1058894
	
1321
0.00
1058918
	
1312
0.00
1058919
	
1322
0.00
1058943
	
1322
0.00
1058944
	
1317
0.00
1058968
	
1319
0.00
1059113
	
1318
0.00
1059114
	
1319
0.00
1059138
	
1319
0.00
1059139
	
1317
0.00
1059163
	
1317
0.00
1059164
	
1319
0.00
1059189
	
1319
0.00
1059190
	
1319
0.00
1059214
	
1320
0.00
1059215
	
1317
0.00
1059362
	
1326
0.00
1059363
	
1319
0.00
1059387
	
1318
0.00
1059388
	
1323
0.00
1059412
	
1318
0.00
1059413
	
1323
0.00
1059437
	
1318
0.00
1059438
	
1321
0.00
1059462
	
1319
0.00
1059487
	
1326
0.00
1059488
	
1338
21.01
1059635
	
1339
21.01
1059636
	
1339
21.23
1059660
	
1346
21.23
1059661
	
1344
21.58
1059686
	
1342
21.58
1059687
	
1349
16.12
1059711
	
1343
16.12
1059712
	
1348
0.00
1059736
	
1328
0.00
1059860
	
1317
0.00
1059884
	
1322
0.00
1059885
	
1321
0.00
1059909
	
1319
0.00
1059910
	
1310
0.00
1059934
	
1318
0.00
1059935
	
1321
0.00
1059959
	
1311
0.00
1059960
	
1315
0.00
1059984
	
1317
0.00
1060129
	
1316
0.00
1060130
	
1325
0.00
1060154
	
1318
0.00
1060155
	
1325
0.00
1060179
	
1317
0.00
1060180
	
1323
0.00
1060204
	
1319
0.00
1060205
	
1320
0.00
1060230
	
1321
0.00
1060231
	
1319
0.00
1060377
	
1318
0.00
1060378
	
1318
0.00
1060403
	
1314
0.00
1060404
	
1321
0.00
1060428
	
1313
0.00
1060429
	
1318
0.00
1060453
	
1319
0.00
1060454
	
1318
0.00
1060478
	
1321
0.00
1060479
	
1322
0.00
1060626
	
1319
0.00
1060651
	
1335
0.00
1060652
	
1330
0.00
1060676
	
1330
0.00
1060677
	
1328
15.29
1060701
	
1335
15.29
1060702
	
1345
19.82
1060727
	
1337
19.82
1060728
	
1344
20.76
1060752
	
1344
20.76
1060876
	
1345
21.36
1060900
	
1344
21.45
1060925
	
1341
21.45
1060926
	
1343
16.96
1060950
	
1349
16.96
1060951
	
1344
0.00
1060975
	
1325
0.00
1060976
	
1323
0.00
1061000
	
1328
0.00
1061001
	
1325
0.00
1061148
	
1319
0.00
1061149
	
1317
0.00
1061173
	
1323
0.00
1061174
	
1317
0.00
1061198
	
1319
0.00
1061199
	
1319
0.00
1061223
	
1319
0.00
1061224
	
1322
0.00
1061249
	
1319
0.00
1061250
	
1321
0.00
1061396
	
1313
0.00
1061397
	
1315
0.00
1061422
	
1311
0.00
1061423
	
1319
0.00
1061447
	
1317
0.00
1061448
	
1321
0.00
1061472
	
1321
0.00
1061473
	
1325
0.00
1061497
	
1319
0.00
1061498
	
1317
0.00
1061645
	
1322
0.00
1061646
	
1321
0.00
1061670
	
1317
0.00
1061695
	
1331
0.00
1061696
	
1328
3.30
1061720
	
1327
3.30
1061721
	
1341
16.87
1061745
	
1342
16.87
1061746
	
1343
20.17
1061771
	
1341
20.17
1061895
	
1346
21.63
1061918
	
1347
21.63
1061920
	
1349
21.61
1061944
	
1344
21.61
1061945
	
1344
17.50
1061969
	
1347
17.50
1061970
	
1346
0.22
1061994
	
1328
0.22
1061995
	
1328
0.00
1062142
	
1323
0.00
1062143
	
1319
0.00
1062167
	
1326
0.00
1062168
	
1317
0.00
1062192
	
1319
0.00
1062193
	
1322
0.00
1062217
	
1321
0.00
1062218
	
1319
0.00
1062242
	
1319
0.00
1062243
	
1310
0.00
1062390
	
1319
0.00
1062391
	
1318
0.00
1062415
	
1315
0.00
1062416
	
1316
0.00
1062441
	
1312
0.00
1062442
	
1319
0.00
1062466
	
1322
0.00
1062467
	
1327
0.00
1062491
	
1318
0.00
1062492
	
1319
0.00
1062639
	
1321
0.00
1062640
	
1319
0.00
1062664
	
1323
0.00
1062665
	
1311
0.00
1062689
	
1318
0.00
1062690
	
1317
0.00
1062714
	
1318
0.00
1062739
	
1319
0.00
1062740
	
1320
0.00
1062764
	
1323
0.00
1062765
	
1343
21.21
1062912
	
1344
21.21
1062913
	
1349
21.52
1062937
	
1342
21.52
1062938
	
1344
19.84
1062963
	
1355
19.84
1062964
	
1346
3.91
1062988
	
1335
3.91
1062989
	
1327
0.00
1063013
	
1315
0.00
1063137
	
1321
0.00
1063161
	
1322
0.00
1063162
	
1318
0.00
1063186
	
1316
0.00
1063187
	
1325
0.00
1063211
	
1323
0.00
1063212
	
1322
0.00
1063236
	
1325
0.00
1063237
	
1318
0.00
1063261
	
1321
0.00
1063406
	
1317
0.00
1063407
	
1323
0.00
1063431
	
1319
0.00
1063432
	
1309
0.00
1063456
	
1318
0.00
1063457
	
1320
0.00
1063481
	
1315
0.00
1063482
	
1319
0.00
1063507
	
1312
0.00
1063508
	
1323
0.00
1063654
	
1319
0.00
1063655
	
1318
0.00
1063680
	
1317
0.00
1063681
	
1323
0.00
1063705
	
1319
0.00
1063706
	
1321
0.00
1063730
	
1317
0.00
1063731
	
1313
0.00
1063755
	
1312
0.00
1063780
	
1324
0.00
1063781
	
1344
21.05
1063928
	
1344
21.05
1063929
	
1344
21.13
1063953
	
1348
21.13
1063954
	
1344
21.27
1063978
	
1343
21.27
1063979
	
1344
19.05
1064004
	
1346
19.05
1064005
	
1347
2.63
1064029
	
1329
2.63
1064153
	
1315
0.00
1064177
	
1319
0.00
1064178
	
1325
0.00
1064202
	
1312
0.00
1064203
	
1319
0.00
1064227
	
1323
0.00
1064228
	
1318
0.00
1064252
	
1318
0.00
1064253
	
1319
0.00
1064277
	
1321
0.00
1064422
	
1318
0.00
1064423
	
1318
0.00
1064447
	
1319
0.00
1064448
	
1319
0.00
1064472
	
1318
0.00
1064473
	
1316
0.00
1064497
	
1321
0.00
1064498
	
1315
0.00
1064522
	
1322
0.00
1064523
	
1318
0.00
1064670
	
1318
0.00
1064671
	
1319
0.00
1064695
	
1323
0.00
1064696
	
1318
0.00
1064721
	
1319
0.00
1064722
	
1317
0.00
1064746
	
1321
0.00
1064747
	
1319
0.00
1064771
	
1323
0.00
1064772
	
1319
0.00
1064919
	
1314
0.00
1064944
	
1319
0.00
1064945
	
1323
0.00
1064969
	
1328
0.00
1064970
	
1333
12.61
1064994
	
1342
12.61
1064995
	
1339
18.70
1065019
	
1348
18.70
1065020
	
1347
20.39
1065045
	
1342
20.39
1065169
	
1344
21.61
1065192
	
1345
21.61
1065194
	
1338
21.11
1065218
	
1340
21.11
1065219
	
1343
7.96
1065243
	
1335
7.96
1065244
	
1334
0.00
1065268
	
1315
0.00
1065269
	
1330
0.00
1065416
	
1319
0.00
1065417
	
1319
0.00
1065441
	
1322
0.00
1065442
	
1318
0.00
1065466
	
1320
0.00
1065467
	
1323
0.00
1065491
	
1319
0.00
1065492
	
1321
0.00
1065516
	
1323
0.00
1065517
	
1318
0.00
1065664
	
1320
0.00
1065665
	
1319
0.00
1065689
	
1319
0.00
1065690
	
1319
0.00
1065715
	
1321
0.00
1065716
	
1317
0.00
1065740
	
1321
0.00
1065741
	
1317
0.00
1065765
	
1321
0.00
1065766
	
1310
0.00
1065913
	
1314
0.00
1065914
	
1315
0.00
1065938
	
1316
0.00
1065939
	
1318
0.00
1065963
	
1323
0.00
1065988
	
1328
0.00
1065989
	
1322
0.00
1066013
	
1331
0.00
1066014
	
1334
14.58
1066038
	
1339
14.58
1066039
	
1344
21.13
1066186
	
1344
21.13
1066188
	
1345
21.10
1066211
	
1345
21.10
1066212
	
1346
12.00
1066237
	
1338
12.00
1066238
	
1335
0.00
1066262
	
1330
0.00
1066263
	
1327
0.00
1066287
	
1318
0.00
1066432
	
1325
0.00
1066433
	
1325
0.00
1066457
	
1325
0.00
1066458
	
1321
0.00
1066482
	
1320
0.00
1066483
	
1312
0.00
1066507
	
1319
0.00
1066508
	
1323
0.00
1066532
	
1318
0.00
1066533
	
1317
0.00
1066680
	
1310
0.00
1066681
	
1317
0.00
1066705
	
1315
0.00
1066706
	
1318
0.00
1066730
	
1319
0.00
1066731
	
1322
0.00
1066756
	
1319
0.00
1066757
	
1316
0.00
1066781
	
1319
0.00
1066782
	
1319
0.00
1066929
	
