=~=~=~=~=~=~=~=~=~=~=~= PuTTY log 2024.11.29 12:50:29 =~=~=~=~=~=~=~=~=~=~=~=
365
13962.29
	
247
13923.09
	
485
13923.09
	
478
13931.25
	
298
13931.25
	
203
14150.43
	
272
14150.43
	
176
14161.97
	
237
14161.97
	
128
14155.44
	
212
14155.44
	
239
14158.54
	
229
14158.54
	
148
14156.62
	
239
14156.62
	
144
14156.92
	
233
14156.92
	
131
14156.31
	
221
14156.31
	
253
14155.97
	
262
14155.97
	
416
14154.86
	
318
14154.86
	
202
14154.23
	
245
14154.23
	
282
14154.13
	
233
14154.13
	
161
14153.87
	
272
14153.87
	
177
14153.35
	
253
14153.35
	
150
14153.76
	
230
14153.76
	
272
14152.85
	
231
14152.85
	
161
14153.34
	
287
14153.34
	
188
14152.74
	
253
14152.74
	
138
14151.96
	
213
14151.96
	
381
14150.73
	
353
14150.73
	
253
14129.02
	
289
14129.02
	
174
14109.97
	
197
14109.97
	
101
13971.49
	
228
13971.49
	
154
13771.90
	
304
13771.90
	
210
13768.66
	
281
13768.66
	
160
13737.14
	
201
13737.14
	
245
13711.95
	
246
13711.95
	
178
13732.17
	
320
13732.17
	
209
13756.15
	
289
13756.15
	
159
13749.90
	
191
13749.90
	
132
13938.84
	
298
13938.84
	
224
13924.36
	
299
13924.36
	
179
13939.92
	
243
13939.92
	
128
13975.78
	
221
13975.78
	
160
13962.90
	
304
13962.90
	
214
13952.64
	
305
13952.64
	
185
13951.00
	
209
13951.00
	
111
13948.48
	
208
13948.48
	
432
13928.42
	
382
13928.42
	
256
13931.05
	
260
13931.05
	
135
13934.16
	
337
13934.16
	
112
13936.32
	
301
13936.32
	
223
13930.79
	
298
13930.79
	
183
13923.14
	
227
13923.14
	
112
13921.94
	
194
13921.94
	
144
13917.05
	
271
13917.05
	
202
13910.84
	
314
13910.84
	
192
13904.31
	
266
13904.31
	
147
13903.37
	
227
13903.37
	
174
13894.72
	
314
13894.72
	
206
13867.39
	
253
13867.39
	
131
13853.79
	
320
13853.79
	
111
13850.70
	
250
13850.70
	
192
13844.19
	
303
13844.19
	
195
13839.84
	
269
13839.84
	
140
13837.77
	
176
13837.77
	
119
13840.26
	
304
13840.26
	
465
13881.37
	
338
13881.37
	
208
13883.10
	
208
13883.10
	
240
13886.21
	
239
13886.21
	
177
13887.17
	
301
13887.17
	
202
13887.89
	
267
13887.89
	
147
13890.42
	
193
13890.42
	
221
13890.46
	
249
13890.46
	
191
13890.83
	
299
13890.83
	
194
13894.17
	
272
13894.17
	
140
13895.93
	
336
13895.93
	
386
13887.38
	
356
13887.38
	
256
13882.26
	
292
13882.26
	
176
13878.25
	
208
13878.25
	
243
13879.21
	
236
13879.21
	
170
13878.34
	
315
13878.34
	
224
13876.04
	
280
13876.04
	
163
13876.57
	
203
13876.57
	
227
13874.65
	
231
13874.65
	
170
13871.94
	
303
13871.94
	
208
13862.31
	
319
13862.31
	
183
13862.54
	
191
13862.54
	
138
13861.88
	
293
13861.88
	
215
13844.70
	
301
13844.70
	
180
13825.84
	
221
13825.84
	
249
13821.00
	
207
13821.00
	
149
13819.06
	
288
13819.06
	
207
13815.26
	
286
13815.26
	
172
13811.18
	
193
13811.18
	
224
13807.13
	
213
13807.13
	
433
13835.62
	
384
13835.62
	
259
13838.22
	
259
13838.22
	
133
13839.94
	
207
13839.94
	
150
13841.15
	
276
13841.15
	
208
13841.56
	
290
13841.56
	
176
13840.90
	
240
13840.90
	
125
13841.98
	
202
13841.98
	
144
13843.05
	
275
13843.05
	
208
13842.90
	
290
13842.90
	
174
13844.16
	
212
13844.16
	
358
13850.37
	
314
13850.37
	
241
13854.05
	
308
13854.05
	
205
13856.53
	
255
13856.53
	
128
13860.02
	
213
13860.02
	
135
13863.73
	
257
13863.73
	
194
13862.79
	
319
13862.79
	
207
13864.73
	
242
13864.73
	
125
13871.59
	
198
13871.59
	
139
13890.37
	
272
13890.37
	
203
14097.79
	
336
14097.79
	
202
14123.78
	
315
14123.78
	
97
14117.18
	
246
14117.18
	
183
14115.00
	
323
14115.00
	
217
14099.00
	
269
14099.00
	
145
14102.55
	
201
14102.55
	
126
14128.15
	
251
14128.15
	
190
14162.26
	
297
14162.26
	
192
14181.24
	
235
14181.24
	
112
14197.11
	
199
14197.11
	
389
14223.32
	
350
14223.32
	
254
14222.46
	
285
14222.46
	
169
14218.44
	
211
14218.44
	
229
14214.21
	
236
14214.21
	
169
14215.91
	
295
14215.91
	
197
14217.17
	
255
14217.17
	
137
14221.90
	
304
14221.90
	
75
14229.63
	
220
14229.63
	
166
14231.80
	
299
14231.80
	
199
14229.21
	
256
14229.21
	
451
14215.51
	
254
14215.51
	
185
14218.40
	
314
14218.40
	
217
14221.24
	
272
14221.24
	
157
14219.40
	
208
14219.40
	
219
14217.83
	
229
14217.83
	
164
14220.61
	
300
14220.61
	
209
14226.34
	
295
14226.34
	
170
14229.41
	
311
14229.41
	
80
14233.54
	
224
14233.54
	
167
14265.28
	
306
14265.28
	
447
14268.58
	
279
14268.58
	
278
14254.92
	
169
14254.92
	
127
14251.11
	
286
14251.11
	
223
14248.14
	
304
14248.14
	
180
14238.82
	
224
14238.82
	
239
14232.91
	
210
14232.91
	
157
14213.68
	
297
14213.68
	
211
14210.11
	
288
14210.11
	
173
14205.96
	
192
14205.96
	
190
14130.40
	
231
14130.40
	
432
14087.11
	
361
14087.11
	
240
14090.18
	
255
14090.18
	
122
14095.39
	
183
14095.39
	
119
14094.83
	
262
14094.83
	
202
14088.05
	
311
14088.05
	
192
14085.68
	
242
14085.68
	
245
14080.83
	
190
14080.83
	
137
14078.35
	
278
14078.35
	
213
14079.71
	
302
14079.71
	
187
14084.87
	
262
14084.87
	
166
14080.54
	
256
14080.54
	
193
14075.33
	
308
14075.33
	
208
14073.92
	
256
14073.92
	
119
14069.08
	
185
14069.08
	
117
14067.94
	
255
14067.94
	
198
14066.99
	
325
14066.99
	
208
14062.15
	
256
14062.15
	
123
14058.33
	
186
14058.33
	
117
14054.33
	
275
14054.33
	
468
14045.11
	
342
14045.11
	
208
14047.54
	
167
14047.54
	
98
14105.68
	
242
14105.68
	
186
14241.21
	
317
14241.21
	
217
14290.35
	
289
14290.35
	
160
14303.04
	
198
14303.04
	
117
14303.00
	
247
14303.00
	
183
14301.10
	
318
14301.10
	
208
14308.00
	
236
14308.00
	
112
14261.13
	
194
14261.13
	
390
14056.78
	
363
14056.78
	
261
14057.49
	
292
14057.49
	
174
14058.33
	
317
14058.33
	
79
14058.08
	
218
14058.08
	
158
14060.05
	
301
14060.05
	
211
14057.96
	
272
14057.96
	
147
14057.95
	
181
14057.95
	
105
14060.05
	
239
14060.05
	
176
14058.49
	
314
14058.49
	
208
14061.77
	
273
14061.77
	
464
14133.60
	
258
14133.60
	
192
14146.38
	
315
14146.38
	
236
14145.98
	
304
14145.98
	
183
14143.73
	
336
14143.73
	
87
14145.98
	
218
14145.98
	
160
14148.49
	
304
14148.49
	
208
14147.81
	
302
14147.81
	
177
14144.61
	
315
14144.61
	
74
14141.59
	
211
14141.59
	
155
14143.72
	
315
14143.72
	
438
14141.83
	
302
14141.83
	
287
14152.29
	
187
14152.29
	
133
14278.77
	
299
14278.77
	
226
14405.72
	
304
14405.72
	
182
14446.41
	
231
14446.41
	
95
14443.25
	
207
14443.25
	
147
14428.03
	
304
14428.03
	
227
14412.61
	
295
14412.61
	
175
14399.77
	
290
14399.77
	
47
14325.29
	
214
14325.29
	
442
14121.35
	
370
14121.35
	
246
14123.12
	
254
14123.12
	
256
14122.74
	
194
14122.74
	
134
14120.51
	
267
14120.51
	
208
14121.78
	
305
14121.78
	
192
14120.77
	
224
14120.77
	
216
14119.54
	
202
14119.54
	
144
14122.87
	
282
14122.87
	
211
14125.99
	
302
14125.99
	
182
14128.37
	
223
14128.37
	
336
14136.04
	
304
14136.04
	
239
14135.75
	
321
14135.75
	
215
14136.53
	
273
14136.53
	
144
14136.86
	
190
14136.86
	
112
14138.13
	
270
14138.13
	
208
14138.47
	
311
14138.47
	
199
14138.08
	
246
14138.08
	
247
14134.30
	
181
14134.30
	
117
14133.92
	
257
14133.92
	
203
14132.83
	
346
14132.83
	
208
14135.95
	
177
14135.95
	
101
14261.35
	
244
14261.35
	
186
14416.46
	
322
14416.46
	
213
14472.50
	
269
14472.50
	
139
14474.71
	
187
14474.71
	
109
14456.67
	
267
14456.67
	
203
14443.69
	
304
14443.69
	
206
14436.29
	
241
14436.29
	
112
14341.84
	
199
14341.84
	
403
14073.40
	
349
14073.40
	
258
14073.06
	
315
14073.06
	
189
14075.05
	
193
14075.05
	
106
14078.48
	
226
14078.48
	
167
14078.82
	
301
14078.82
	
207
14077.22
	
278
14077.22
	
162
14077.99
	
191
14077.99
	
111
14077.79
	
265
14077.79
	
197
14078.69
	
331
14078.69
	
223
14080.73
	
271
14080.73
	
348
14084.44
	
272
14084.44
	
201
14086.28
	
303
14086.28
	
217
14088.52
	
291
14088.52
	
174
14087.14
	
337
14087.14
	
86
14085.35
	
210
14085.35
	
151
14083.09
	
315
14083.09
	
219
14081.89
	
279
14081.89
	
161
14082.29
	
193
14082.29
	
110
14082.36
	
228
14082.36
	
169
14080.79
	
305
14080.79
	
435
14082.65
	
290
14082.65
	
136
14089.86
	
193
14089.86
	
133
14246.60
	
293
14246.60
	
219
14413.22
	
305
14413.22
	
186
14463.71
	
327
14463.71
	
81
14463.31
	
213
14463.31
	
150
14449.54
	
292
14449.54
	
211
14435.76
	
293
14435.76
	
173
14428.76
	
293
14428.76
	
47
14309.51
	
253
14309.51
	
455
14055.00
	
362
14055.00
	
244
14056.05
	
244
14056.05
	
231
14055.71
	
199
14055.71
	
144
14058.07
	
279
14058.07
	
210
14059.54
	
325
14059.54
	
196
14060.00
	
235
14060.00
	
222
14060.41
	
207
14060.41
	
144
14058.93
	
277
14058.93
	
210
14060.07
	
302
14060.07
	
178
14058.41
	
350
14058.41
	
346
14060.15
	
316
14060.15
	
247
14062.13
	
311
14062.13
	
204
14063.12
	
277
14063.12
	
272
14063.95
	
191
14063.95
	
121
14062.55
	
256
14062.55
	
203
14060.54
	
304
14060.54
	
205
14062.07
	
258
14062.07
	
240
14063.63
	
198
14063.63
	
133
14064.27
	
291
14064.27
	
224
14063.65
	
307
14063.65
	
400
14064.29
	
245
14064.29
	
149
14063.88
	
247
14063.88
	
176
14090.40
	
299
14090.40
	
202
14283.03
	
273
14283.03
	
152
14397.14
	
198
14397.14
	
128
14433.04
	
255
14433.04
	
198
14426.82
	
311
14426.82
	
207
14414.16
	
256
14414.16
	
257
14401.74
	
187
14401.74
	
115
14030.55
	
402
14030.55
	
300
14035.40
	
303
14035.40
	
178
14039.82
	
203
14039.82
	
111
14040.01
	
263
14040.01
	
198
14041.73
	
314
14041.73
	
213
14043.11
	
274
14043.11
	
152
14040.97
	
206
14040.97
	
118
14039.46
	
240
14039.46
	
176
14041.00
	
304
14041.00
	
208
14042.81
	
261
14042.81
	
363
14043.98
	
272
14043.98
	
195
14043.88
	
321
14043.88
	
231
14044.81
	
289
14044.81
	
173
14045.92
	
194
14045.92
	
106
14046.77
	
238
14046.77
	
173
14046.75
	
315
14046.75
	
225
14047.35
	
283
14047.35
	
168
14049.52
	
191
14049.52
	
111
14049.41
	
238
14049.41
	
175
14047.29
	
306
14047.29
	
434
14051.83
	
398
14051.83
	
128
14051.43
	
214
14051.43
	
144
14073.37
	
284
14073.37
	
208
14262.26
	
304
14262.26
	
179
14384.41
	
345
14384.41
	
91
14424.29
	
229
14424.29
	
167
14420.61
	
301
14420.61
	
214
14408.86
	
290
14408.86
	
171
14396.75
	
165
14396.75
	
82
14262.20
	
230
14262.20
	
440
14049.15
	
382
14049.15
	
254
14047.05
	
272
14047.05
	
251
14047.04
	
191
14047.04
	
133
14049.26
	
294
14049.26
	
220
14051.60
	
317
14051.60
	
193
14052.62
	
341
14052.62
	
80
14053.00
	
217
14053.00
	
153
14054.69
	
309
14054.69
	
233
14054.12
	
303
14054.12
	
181
14052.34
	
202
14052.34
	
352
14053.57
	
304
14053.57
	
235
14053.05
	
325
14053.05
	
208
14052.60
	
246
14052.60
	
238
14053.61
	
194
14053.61
	
130
14053.57
	
267
14053.57
	
201
14053.75
	
309
14053.75
	
196
14052.64
	
242
14052.64
	
221
14053.91
	
203
14053.91
	
144
14055.17
	
282
14055.17
	
214
14052.33
	
302
14052.33
	
525
14057.38
	
241
14057.38
	
153
14058.01
	
266
14058.01
	
207
14092.32
	
313
14092.32
	
221
14272.69
	
273
14272.69
	
265
14372.43
	
191
14372.43
	
117
14404.37
	
247
14404.37
	
192
14398.13
	
322
14398.13
	
208
14381.62
	
267
14381.62
	
112
14374.40
	
195
14374.40
	
129
14353.14
	
247
14353.14
	
467
14034.91
	
362
14034.91
	
219
14038.71
	
203
14038.71
	
113
14039.04
	
227
14039.04
	
172
14040.08
	
304
14040.08
	
209
14043.21
	
271
14043.21
	
271
14045.35
	
201
14045.35
	
121
14042.53
	
245
14042.53
	
187
14043.12
	
327
14043.12
	
221
14042.68
	
277
14042.68
	
278
14031.78
	
299
14031.78
	
222
14027.54
	
331
14027.54
	
241
14023.83
	
294
14023.83
	
179
14021.56
	
209
14021.56
	
121
14019.05
	
235
14019.05
	
174
14014.23
	
305
14014.23
	
208
14010.04
	
302
14010.04
	
175
14005.44
	
208
14005.44
	
116
13998.42
	
237
13998.42
	
176
13989.42
	
317
13989.42
	
432
13960.95
	
400
13960.95
	
130
13961.88
	
240
13961.88
	
175
13967.69
	
295
13967.69
	
218
14029.31
	
302
14029.31
	
178
14113.15
	
207
14113.15
	
110
14153.05
	
219
14153.05
	
159
14150.99
	
295
14150.99
	
207
14145.61
	
285
14145.61
	
160
14142.12
	
172
14142.12
	
97
14049.87
	
257
14049.87
	
468
13971.76
	
371
13971.76
	
240
13973.72
	
355
13973.72
	
87
13974.56
	
194
13974.56
	
144
13967.67
	
282
13967.67
	
210
13955.51
	
302
13955.51
	
181
13945.09
	
364
13945.09
	
91
13935.94
	
229
13935.94
	
171
13932.16
	
299
13932.16
	
211
13937.31
	
304
13937.31
	
180
13940.47
	
211
13940.47
	
362
13941.47
	
321
13941.47
	
250
13942.95
	
339
13942.95
	
215
13946.15
	
268
13946.15
	
247
13946.17
	
199
13946.17
	
130
13947.52
	
286
13947.52
	
214
13946.05
	
310
13946.05
	
189
13943.47
	
342
13943.47
	
78
13942.47
	
200
13942.47
	
140
13944.79
	
281
13944.79
	
208
13946.36
	
256
13946.36
	
525
13925.66
	
286
13925.66
	
187
13922.28
	
253
13922.28
	
169
13924.41
	
271
13924.41
	
174
14043.58
	
257
14043.58
	
144
14175.36
	
240
14175.36
	
151
14205.67
	
256
14205.67
	
172
14201.99
	
282
14201.99
	
178
14192.01
	
275
14192.01
	
155
14184.83
	
254
14184.83
	
166
14160.10
	
242
14160.10
	
432
13934.26
	
337
13934.26
	
359
13934.19
	
250
13934.19
	
160
13940.44
	
243
