=~=~=~=~=~=~=~=~=~=~=~= PuTTY log 2024.11.29 15:55:58 =~=~=~=~=~=~=~=~=~=~=~=
1238
14347.58
	
1278
14347.58
	
1273
14385.23
	
1296
14385.23
	
1296
14388.85
	
1302
14388.85
	
1302
14370.76
	
1307
14370.76
	
1307
14357.83
	
1306
14357.83
	
1297
14354.52
	
1337
14354.52
	
1318
14319.37
	
1268
14319.37
	
1270
14315.19
	
1237
14315.19
	
1235
14333.92
	
1235
14333.92
	
1233
14343.84
	
1237
14343.84
	
1232
14348.75
	
1237
14348.75
	
1232
14350.15
	
1233
14350.15
	
1232
14354.37
	
1233
14354.37
	
1235
14354.49
	
1226
14354.49
	
1232
14355.11
	
1232
14355.11
	
1232
14354.68
	
1232
14354.68
	
1232
14355.50
	
1232
14355.50
	
1232
14355.15
	
1232
14355.15
	
1232
14355.53
	
1232
14355.53
	
1238
14354.95
	
1232
14354.95
	
1235
14355.78
	
1228
14355.78
	
1232
14356.47
	
1232
14356.47
	
1232
14356.30
	
1230
14356.30
	
1232
14356.68
	
1233
14356.68
	
1232
14356.89
	
1233
14356.89
	
1232
14356.13
	
1234
14357.16
	
1264
14357.16
	
1266
14379.27
	
1277
14379.27
	
1285
14395.55
	
1301
14395.55
	
1297
14384.94
	
1307
14384.94
	
1365
14360.41
	
1301
14360.41
	
1308
14354.51
	
1325
14354.51
	
1313
14317.12
	
1261
14317.12
	
1264
14317.12
	
1237
14317.12
	
1234
14337.64
	
1232
14337.64
	
1233
14345.73
	
1232
14345.73
	
1236
14349.92
	
1232
14349.92
	
1237
14352.02
	
1232
14352.02
	
1233
14355.33
	
1232
14355.33
	
1232
14355.98
	
1232
14355.98
	
1232
14355.43
	
1232
14355.43
	
1232
14356.05
	
1232
14356.05
	
1232
14356.63
	
1233
14356.63
	
1232
14356.62
	
1232
14356.62
	
1232
14356.48
	
1232
14356.48
	
1226
14355.99
	
1232
14355.99
	
1232
14358.00
	
1232
14358.00
	
1232
14361.20
	
1232
14361.20
	
1232
14362.42
	
1232
14362.42
	
1232
14363.77
	
1235
14363.77
	
1232
14365.72
	
1234
14365.72
	
1232
14366.91
	
1237
14366.91
	
1231
14368.56
	
1234
14375.84
	
1273
14375.84
	
1274
14429.94
	
1291
14429.94
	
1286
14510.91
	
1306
14510.91
	
1119
14611.48
	
1305
14611.48
	
1307
14619.32
	
1307
14619.32
	
1309
14597.58
	
1312
14597.58
	
1303
14458.62
	
1251
14458.62
	
1243
14426.24
	
1236
14426.24
	
1233
14455.69
	
1232
14455.69
	
1231
14476.95
	
1232
14476.95
	
1232
14498.74
	
1230
14498.74
	
1232
14586.36
	
1232
14586.36
	
1232
14623.71
	
1231
14623.71
	
1232
14660.14
	
1231
14660.14
	
1232
14678.39
	
1232
14678.39
	
1230
14694.53
	
1229
14694.53
	
1233
14725.85
	
1232
14725.85
	
1232
14758.42
	
1229
14758.42
	
1231
14779.50
	
1231
14779.50
	
1229
14860.53
	
1232
14860.53
	
1232
14886.16
	
1232
14886.16
	
1232
14902.71
	
1232
14902.71
	
1230
14931.42
	
1231
14931.42
	
1228
14959.67
	
1221
14959.67
	
1232
14988.22
	
1234
14988.22
	
1231
15007.59
	
1231
15007.59
	
1231
15021.12
	
1224
15039.61
	
1243
15039.61
	
1251
15138.79
	
1275
15138.79
	
1015
15529.40
	
1302
15529.40
	
1302
15531.38
	
1301
15531.38
	
1313
15464.78
	
1309
15464.78
	
1301
15150.52
	
1245
15150.52
	
1244
14996.55
	
1229
14996.55
	
1238
15010.12
	
1232
15010.12
	
1232
15053.98
	
1231
15053.98
	
1232
15091.44
	
1231
15091.44
	
1232
15253.30
	
1232
15253.30
	
1231
15286.05
	
1231
15286.05
	
1219
15316.21
	
1232
15316.21
	
1227
15348.89
	
1215
15348.89
	
1232
15363.03
	
1231
15363.03
	
1229
15374.01
	
1231
15374.01
	
1229
15393.31
	
1232
15393.31
	
1230
15400.31
	
1228
15400.31
	
1229
15426.05
	
1231
15426.05
	
1231
15435.89
	
1232
15435.89
	
1231
15435.95
	
1231
15435.95
	
1232
15441.63
	
1229
15441.63
	
1231
15448.03
	
1230
15448.03
	
1230
15458.97
	
1233
15458.97
	
1229
15469.08
	
1232
15469.08
	
1231
15466.22
	
1230
15466.22
	
1231
15526.14
	
1231
15528.22
	
1274
15528.22
	
1269
15800.00
	
1276
15800.00
	
1278
16146.12
	
1299
16146.12
	
1297
16212.96
	
1306
16212.96
	
1301
16162.77
	
1299
16162.77
	
1307
16114.32
	
1303
16114.32
	
1303
16092.64
	
1300
16092.64
	
1303
16075.44
	
1314
16075.44
	
1311
15441.11
	
1232
15441.11
	
1224
15442.20
	
1233
15442.20
	
1230
15448.71
	
1232
15448.71
	
1228
15461.26
	
1227
15461.26
	
1231
15467.23
	
1229
15467.23
	
1229
15464.94
	
1231
15464.94
	
1230
15473.83
	
1229
15473.83
	
1232
15483.77
	
1231
15483.77
	
1231
15495.13
	
1220
15495.13
	
1230
15495.94
	
1220
15495.94
	
1229
15495.66
	
1224
15495.66
	
1232
15487.97
	
1232
15487.97
	
1229
15488.62
	
1227
15488.62
	
1230
15494.86
	
1230
15494.86
	
1232
15483.29
	
1230
15483.29
	
1232
15470.92
	
1228
15470.92
	
1231
15468.61
	
1231
15468.61
	
1230
15464.17
	
1219
15464.17
	
1229
15462.95
	
1231
15462.95
	
1232
15470.72
	
1232
15470.72
	
1234
15555.33
	
1280
15555.33
	
1275
16003.20
	
1293
16003.20
	
1291
16229.29
	
1297
16229.29
	
1304
16217.69
	
1306
16217.69
	
1300
16115.12
	
1303
16115.12
	
1302
16095.22
	
1312
16095.22
	
1325
15793.08
	
1263
15793.08
	
1266
15442.88
	
1237
15442.88
	
1235
15337.59
	
1231
15337.59
	
1232
15317.03
	
1231
15317.03
	
1232
15315.00
	
1227
15315.00
	
1229
15307.65
	
1232
15307.65
	
1229
14903.30
	
1222
14903.30
	
1232
14801.89
	
1232
14801.89
	
1229
14743.79
	
1232
14743.79
	
1230
14698.01
	
1230
14698.01
	
1226
14656.65
	
1231
14656.65
	
1230
14640.71
	
1229
14640.71
	
1230
14631.80
	
1228
14631.80
	
1232
14634.55
	
1231
14634.55
	
1221
14644.39
	
1225
14644.39
	
1230
14650.52
	
1229
14650.52
	
1232
14647.66
	
1229
14647.66
	
1232
14649.08
	
1228
14649.08
	
1227
14654.59
	
1231
14654.59
	
1228
14655.82
	
1230
14661.82
	
1264
14661.82
	
1269
14725.21
	
1280
14725.21
	
1278
14835.91
	
1283
14835.91
	
1296
14869.50
	
1283
14869.50
	
1089
14871.99
	
1306
14871.99
	
1303
14882.57
	
1319
14882.57
	
1329
14758.77
	
1264
14758.77
	
1264
14590.59
	
1235
14590.59
	
1233
14557.67
	
1232
14557.67
	
1227
14548.91
	
1231
14548.91
	
1234
14497.38
	
1228
14497.38
	
1227
14476.19
	
1232
14476.19
	
1232
14480.68
	
1232
14480.68
	
1232
14479.87
	
1229
14479.87
	
1233
14478.75
	
1231
14478.75
	
1230
14478.92
	
1232
