=~=~=~=~=~=~=~=~=~=~=~= PuTTY log 2024.12.02 12:27:15 =~=~=~=~=~=~=~=~=~=~=~=
1329
0.00
13559
	
1327
0.00
13562
	
1323
0.00
13564
	
1329
0.00
13565
	
1329
0.00
13567
	
1328
0.00
13569
	
1329
0.16
13593
	
1330
0.16
13717
	
1331
16.67
13741
	
1331
16.67
13742
	
1322
17.18
13766
	
1328
17.18
13767
	
1326
17.23
13791
	
1332
17.23
13792
	
1328
11.79
13816
	
1326
11.79
13817
	
1328
3.69
13842
	
1330
3.69
13843
	
1327
1.91
13989
	
1330
1.91
13990
	
1328
1.64
14015
	
1329
1.64
14016
	
1328
1.51
14040
	
1328
1.51
14041
	
1328
1.30
14065
	
1330
1.30
14066
	
1328
0.98
14090
	
1321
0.98
14091
	
1322
0.74
14115
	
1328
0.74
14116
	
1329
0.60
14263
	
1329
0.60
14264
	
1328
0.36
14288
	
1328
0.36
14289
	
1327
0.21
14313
	
1329
0.21
14314
	
1328
0.19
14339
	
1328
0.19
14340
	
1328
0.22
14364
	
1328
0.22
14365
	
1325
0.07
14389
	
1326
0.07
14390
	
1328
0.00
14537
	
1328
0.00
14538
	
1328
0.00
14562
	
1328
0.00
14563
	
1325
0.00
14587
	
1328
0.00
14612
	
1329
0.00
14613
	
1332
4.15
14637
	
1331
4.15
14638
	
1329
12.56
14663
	
1331
12.56
14664
	
1329
12.57
14688
	
1319
12.57
14689
	
1329
0.00
14836
	
1330
0.00
14838
	
1330
0.00
14861
	
1328
0.00
14862
	
1328
0.00
14886
	
1329
0.00
14887
	
1328
0.00
14911
	
1328
0.00
14912
	
1328
0.00
14936
	
1328
0.00
14937
	
1328
0.00
14962
	
1323
0.00
15086
	
1325
0.00
15109
	
1328
0.00
15110
	
1321
0.00
15135
	
1328
0.00
15136
	
1326
0.00
15160
	
1326
0.00
15161
	
1328
0.00
15185
	
1328
0.00
15186
	
1325
0.00
15210
	
1328
0.00
15211
	
1328
0.00
15235
	
1327
0.00
15359
	
1328
5.34
15383
	
1327
5.34
15384
	
1331
9.60
15408
	
1326
9.60
15409
	
1319
13.46
15433
	
1326
13.46
15434
	
1328
15.59
15459
	
1326
15.59
15460
	
1327
17.18
15484
	
1328
17.18
15485
	
1328
20.82
15632
	
1328
20.82
15633
	
1328
21.30
15657
	
1318
21.73
15682
	
1326
21.73
15683
	
1328
23.24
15707
	
1324
23.24
15708
	
1327
33.62
15732
	
1328
33.62
15733
	
1328
36.96
15757
	
1330
36.96
15758
	
1328
37.17
15905
	
1330
37.17
15906
	
1328
36.74
15930
	
1328
36.74
15931
	
1329
32.34
15956
	
1328
32.34
15957
	
1328
24.32
15981
	
1327
24.32
15982
	
1330
23.13
16006
	
1328
23.13
16007
	
1322
20.59
16154
	
1328
20.59
16155
	
1328
20.17
16179
	
1327
20.17
16180
	
1331
19.80
16204
	
1328
19.80
16205
	
1328
19.68
16229
	
1326
19.68
16230
	
1325
19.71
16254
	
1327
19.71
16255
	
1328
18.42
16402
	
1328
18.42
16403
	
1319
17.88
16427
	
1327
17.88
16428
	
1325
17.58
16453
	
1329
17.58
16454
	
1328
17.20
16478
	
1330
17.20
16479
	
1328
17.01
16503
	
1328
17.01
16504
	
1328
16.12
16651
	
1327
16.12
16652
	
1328
15.96
16676
	
1326
15.96
16677
	
1328
15.67
16701
	
1328
15.38
16726
	
1328
15.38
16727
	
1329
17.39
16751
	
1328
17.39
16752
	
1333
28.35
16777
	
1328
28.35
16778
	
1331
29.83
16802
	
1330
28.73
16946
	
1330
28.73
16947
	
1334
28.33
16972
	
1334
28.33
16973
	
1328
22.83
16997
	
1328
22.83
16998
	
1328
14.84
17022
	
1328
14.84
17023
	
1328
13.76
17047
	
1328
13.76
17048
	
1327
10.93
17195
	
1328
10.93
17196
	
1329
10.41
17220
	
1329
10.41
17221
	
1328
9.03
17245
	
1328
9.03
17246
	
1328
6.13
17270
	
1328
6.13
17271
	
1329
2.22
17296
	
1328
2.22
17297
	
1328
0.00
17321
	
1328
0.00
17322
	
1328
0.00
17469
	
1327
0.00
17470
	
1328
0.00
17494
	
1327
0.00
17495
	
1328
0.00
17519
	
1328
0.00
17520
	
1326
0.00
17544
	
1328
0.00
17545
	
1327
0.00
17569
	
1326
0.00
17570
	
1328
0.00
17594
	
1328
0.00
17718
	
1326
0.00
17742
	
1328
0.00
17743
	
1321
0.00
17767
	
1327
0.00
17768
	
1328
0.00
17793
	
1321
0.00
17794
	
1328
0.00
17818
	
1330
0.00
17819
	
1328
0.00
17843
	
1331
0.00
17844
	
1334
0.00
17868
	
1330
0.00
17992
	
1328
0.00
18016
	
1333
0.00
18018
	
1328
0.00
18041
	
1328
0.00
18042
	
1325
0.00
18066
	
1328
0.00
18067
	
1327
0.00
18091
	
1325
0.00
18092
	
1328
0.00
18117
	
1327
0.00
18118
	
1328
0.00
18142
	
1328
0.00
18266
	
1328
0.00
18290
	
1331
0.00
18291
	
1327
0.00
18315
	
1328
0.00
18316
	
1330
0.00
18340
	
1326
0.00
18341
	
1328
0.00
18365
	
1326
0.00
18366
	
1325
0.00
18390
	
1314
0.00
18391
	
1327
0.00
18538
	
1327
0.00
18539
	
1327
0.00
18563
	
1331
0.00
18564
	
1327
0.00
18588
	
1326
0.00
18589
	
1325
0.00
18614
	
1325
0.00
18615
	
1328
0.00
18639
	
1328
0.00
18640
	
1328
0.00
18664
	
1328
0.00
18665
	
1326
0.00
18812
	
1328
0.00
18813
	
1327
0.00
18840
	
1326
0.00
18841
	
1328
0.00
18865
	
1330
0.00
18866
	
1328
0.00
18890
	
1330
0.00
18891
	
1328
0.00
18916
	
1329
0.00
18917
	
1331
0.00
18941
	
1328
0.00
18942
	
1328
0.00
19089
	
1329
0.00
19091
	
1331
0.00
19114
	
1328
0.00
19115
	
1333
0.00
19139
	
1328
0.00
19140
	
1326
0.00
19164
	
1328
0.00
19165
	
1329
0.00
19189
	
1329
0.00
19190
	
1328
0.00
19214
	
1328
0.00
19215
	
1319
0.00
19362
	
1326
0.00
19363
	
1328
0.00
19387
	
1327
0.00
19388
	
1328
0.00
19413
	
1327
0.00
19414
	
1327
0.00
19438
	
1328
0.00
19439
	
1327
0.00
19463
	
1329
0.00
19464
	
1328
0.00
19488
	
1328
0.00
19489
	
1326
0.00
19636
	
1327
0.00
19637
	
1327
0.00
19661
	
1326
0.00
19662
	
1328
0.00
19686
	
1317
0.00
19687
	
1327
0.00
19712
	
1328
0.00
19713
	
1327
0.00
19737
	
1328
0.00
19738
	
1330
0.00
19762
	
1327
0.00
19763
	
1325
0.00
19910
	
1328
0.00
19911
	
1328
0.00
19938
	
1326
0.00
19939
	
1328
0.00
19963
	
1335
0.00
19964
	
1338
0.00
19988
	
1328
0.00
19989
	
1331
0.00
20013
	
1328
0.00
20014
	
1328
0.00
20039
	
1328
0.00
20040
	
1326
0.00
20187
	
1327
0.00
20189
	
1326
0.00
20212
	
1330
0.00
20213
	
1331
0.00
20237
	
1319
0.00
20238
	
1327
0.00
20262
	
1329
0.00
20263
	
1328
0.00
20287
	
1327
0.00
20288
	
1328
0.00
20312
	
1328
0.00
20313
	
1328
0.00
20460
	
1327
0.00
20461
	
1328
0.00
20485
	
1328
0.00
20486
	
1318
0.00
20511
	
1327
0.00
20512
	
1326
0.00
20536
	
1327
0.00
20537
	
1327
0.00
20561
	
1323
0.00
20562
	
1331
0.00
20586
	
1327
0.00
20587
	
1326
0.00
20734
	
1327
0.00
20735
	
1328
0.00
20759
	
1326
0.00
20760
	
1330
0.00
20784
	
1328
0.00
20785
	
1327
0.00
20809
	
1326
0.00
20810
	
1329
0.00
20835
	
1330
0.00
20836
	
1326
0.00
20860
	
1318
0.00
20984
	
1328
0.00
21008
	
1325
0.00
21009
	
1327
0.00
21036
	
1330
0.00
21037
	
1326
0.00
21061
	
1325
0.00
21062
	
1328
6.48
21086
	
1326
6.48
21087
	
1325
11.82
21111
	
1330
11.82
21112
	
1333
18.07
21137
	
1329
18.07
21261
	
1328
33.27
21284
	
1329
33.27
21286
	
1328
33.93
21310
	
1330
33.93
21311
	
1330
29.65
21335
	
1328
29.65
21336
	
1325
21.20
21360
	
1331
21.20
21361
	
1317
20.71
21385
	
1321
20.71
21386
	
1327
23.73
21533
	
1328
23.73
21534
	
1328
23.93
21558
	
1330
23.93
21559
	
1326
24.48
21583
	
1327
24.48
21584
	
1328
23.96
21608
	
1325
23.96
21609
	
1328
22.57
21634
	
1325
22.57
21635
	
1327
17.60
21781
	
1322
17.60
21782
	
1325
17.92
21807
	
1321
17.92
21808
	
1328
17.74
21832
	
1326
17.74
21833
	
1327
17.09
21857
	
1327
17.09
21858
	
1328
16.15
21882
	
1328
16.15
21883
	
1328
10.71
22030
	
1328
10.71
22031
	
1321
10.24
22055
	
1330
9.34
22080
	
1319
9.34
22081
	
1321
9.65
22105
	
1328
9.65
22106
	
1328
18.92
22131
	
1328
18.92
22132
	
1329
21.65
22156
	
1331
21.65
22157
	
1329
21.41
22181
	
1329
21.41
22305
	
1337
16.83
22329
	
1329
16.83
22331
	
1331
12.69
22354
	
1331
12.69
22355
	
1325
1.05
22379
	
1325
1.05
22380
	
1327
0.00
22404
	
1328
0.00
22405
	
1316
0.00
22429
	
1326
0.00
22430
	
1329
0.00
22577
	
1328
0.00
22578
	
1328
0.00
22603
	
1327
0.00
22604
	
1328
0.00
22628
	
1328
0.00
22629
	
1323
0.00
22653
	
1326
0.00
22654
	
1322
0.00
22678
	
1328
0.00
22679
	
1327
0.00
22703
	
1325
0.00
22704
	
1328
0.00
22851
	
1328
0.00
22852
	
1326
0.00
22876
	
1325
0.00
22877
	
1329
0.00
22901
	
1328
0.00
22902
	
1327
0.00
22927
	
1328
0.00
22928
	
1328
0.00
22952
	
1324
0.00
22953
	
1327
0.00
22977
	
1331
0.00
22978
	
1322
0.00
23125
	
1327
0.00
23126
	
1328
0.00
23153
	
1335
0.00
23154
	
1328
0.00
23178
	
1335
0.00
23179
	
1327
0.00
23203
	
1330
0.00
23204
	
1328
0.00
23229
	
1328
0.00
23230
	
1334
0.00
23254
	
1325
0.00
23255
	
1328
0.00
23402
	
1333
0.00
23404
	
1328
0.00
23427
	
1326
0.00
23428
	
1328
0.00
23452
	
1327
0.00
23453
	
1327
0.00
23477
	
1328
0.00
23478
	
1328
0.00
23502
	
1328
0.00
23503
	
1327
0.00
23527
	
1328
0.00
23528
	
1322
0.00
23675
	
1328
0.00
23676
	
1328
0.00
23700
	
1327
0.00
23701
	
1328
0.00
23726
	
1327
0.00
23727
	
1328
0.00
23751
	
1325
0.00
23752
	
1328
0.00
23776
	
1325
0.00
23777
	
1328
0.00
23801
	
1327
0.00
23802
	
1328
0.00
23949
	
1323
0.00
23950
	
1313
0.00
23974
	
1324
0.00
23975
	
1326
0.00
23999
	
1327
0.00
24000
	
1328
0.00
24024
	
1327
0.00
24025
	
1325
0.00
24050
	
1328
0.00
24051
	
1328
0.00
24075
	
1328
0.00
24076
	
1327
0.00
24223
	
1327
0.00
24224
	
1317
0.00
24251
	
1328
0.00
24252
	
1329
0.00
24276
	
1328
0.00
24277
	
1328
0.00
24301
	
1323
0.00
24302
	
1328
0.00
24326
	
1329
0.00
24327
	
1328
0.00
24352
	
1328
0.00
24353
	
1334
0.00
24499
	
1325
0.00
24501
	
1326
0.00
24525
	
1328
0.00
24526
	
1328
0.00
24550
	
1323
0.00
24551
	
1328
0.00
24575
	
1328
0.00
24576
	
1328
0.00
24600
	
1328
0.00
24601
	
1322
0.00
24625
	
1328
0.00
24626
	
1327
0.00
24773
	
1328
0.00
24774
	
1326
0.00
24798
	
1329
0.00
24799
	
1327
0.00
24824
	
1327
0.00
24825
	
1326
0.00
24849
	
1328
0.00
24850
	
1328
0.00
24874
	
1327
0.00
24875
	
1328
0.00
24899
	
1329
0.00
24900
	
1328
0.00
25047
	
1327
0.00
25048
	
1325
0.00
25072
	
1327
0.00
25073
	
1328
0.00
25097
	
1328
0.00
25098
	
1322
0.00
25122
	
1324
0.00
25123
	
1323
0.00
25148
	
1328
0.00
25149
	
1330
0.00
25173
	
1327
0.00
25297
	
1327
0.00
25321
	
1325
0.00
25322
	
1328
0.00
25349
	
1328
0.00
25350
	
1329
0.00
25374
	
1327
0.00
25375
	
1323
0.00
25399
	
1328
0.00
25400
	
1328
0.00
25424
	
1322
0.00
25425
	
1329
0.00
25450
	
1328
0.00
25451
	
1330
0.00
25597
	
1333
0.00
25599
	
1328
0.00
25623
	
1327
0.00
25624
	
1334
0.00
25648
	
1325
0.00
25649
	
1317
0.00
25673
	
1328
0.00
25674
	
1328
0.00
25698
	
1328
0.00
25699
	
1325
0.00
25723
	
1324
0.00
25847
	
1327
0.00
25871
	
1328
0.00
25872
	
1325
0.00
25896
	
1329
0.00
25897
	
1327
0.00
25921
	
1326
0.00
25922
	
1328
0.00
25947
	
1328
0.00
25948
	
1326
0.00
25972
	
1321
0.00
25973
	
1328
0.00
25997
	
1323
0.00
26121
	
1327
0.00
26145
	
1328
0.00
26146
	
1327
0.00
26170
	
1322
0.00
26171
	
1328
0.00
26195
	
1333
0.00
26196
	
1328
0.00
26220
	
1328
0.00
26221
	
1328
0.00
26246
	
1328
0.00
26247
	
1328
0.00
26271
	
1326
0.00
26395
	
1328
0.00
26419
	
1327
0.00
26420
	
1328
0.00
26447
	
1328
0.00
26448
	
1322
0.00
26472
	
1328
0.00
26473
	
1328
0.00
26497
	
1329
0.00
26498
	
1328
0.00
26522
	
1328
0.00
26523
	
1323
0.00
26548
	
1327
0.00
26672
	
1328
0.00
26695
	
1328
0.00
26697
	
1334
0.00
26721
	
1328
0.00
26722
	
1328
0.00
26746
	
1330
0.00
26747
	
1327
0.00
26771
	
1326
0.00
26772
	
1330
0.00
26796
	
1328
0.00
26797
	
1327
0.00
26821
	
1327
0.00
26945
	
1325
0.00
26969
	
1317
0.00
26970
	
1330
0.00
26994
	
1328
0.00
26995
	
1328
0.00
27019
	
1327
0.00
27020
	
1327
0.00
27045
	
1328
0.00
27046
	
1325
0.00
27070
	
1324
0.00
27071
	
1321
0.00
27095
	
1327
0.00
27219
	
1327
0.00
27243
	
1328
0.00
27244
	
1328
0.00
27268
	
1328
0.00
27269
	
1328
0.00
27293
	
1323
0.00
27294
	
1328
0.00
27318
	
1327
0.00
27319
	
1328
0.00
27343
	
1330
0.00
27344
	
1328
0.00
27491
	
1330
0.00
27492
	
1325
0.00
27516
	
1329
0.00
27542
	
1326
0.00
27543
	
1328
0.00
27567
	
1335
0.00
27568
	
1334
0.00
27592
	
1328
0.00
27593
	
1334
0.00
27617
	
1328
0.00
27618
	
1328
0.00
27642
	
1328
0.00
27643
	
1328
0.00
27790
	
1328
0.00
27792
	
1331
0.00
27815
	
1334
0.00
27816
	
1331
0.00
27840
	
1328
0.00
27841
	
1317
0.00
27866
	
1319
0.00
27867
	
1321
0.00
27891
	
1313
0.00
27892
	
1329
0.00
27916
	
1325
0.00
27917
	
1327
0.00
28064
	
1328
0.00
28065
	
1328
0.00
28089
	
1328
0.00
28090
	
1326
0.00
28114
	
1325
0.00
28115
	
1328
0.00
28139
	
1325
0.00
28140
	
1325
0.00
28165
	
1328
0.00
28166
	
1324
0.00
28190
	
1326
0.00
28191
	
1328
0.00
28338
	
1328
0.00
28339
	
1330
0.00
28363
	
1326
0.00
28364
	
1328
0.00
28388
	
1327
0.00
28389
	
1328
0.00
28413
	
1326
0.00
28414
	
1328
0.00
28438
	
1326
0.00
28439
	
1325
0.00
28463
	
1327
0.00
28464
	
1324
0.00
28611
	
1328
0.00
28612
	
1328
0.00
28636
	
1323
0.00
28637
	
1327
0.00
28662
	
1331
0.00
28663
	
1333
0.00
28687
	
1329
0.00
28688
	
1331
0.00
28712
	
1329
0.00
28713
	
1328
0.00
28737
	
1337
0.00
28738
	
1325
0.00
28885
	
1324
0.00
28887
	
1330
0.00
28910
	
1323
0.00
28911
	
1330
0.00
28935
	
1327
0.00
28936
	
1327
0.00
28960
	
1328
0.00
28961
	
1325
0.00
28986
	
1327
0.00
28987
	
1331
0.00
29011
	
1328
0.00
29135
	
1321
0.00
29159
	
1325
0.00
29160
	
1321
0.00
29184
	
1327
0.00
29185
	
1330
0.00
29209
	
1325
0.00
29210
	
1327
0.00
29234
	
1328
0.00
29235
	
1328
0.00
29259
	
1329
0.00
29260
	
1328
0.00
29285
	
1326
0.00
29409
	
1326
0.00
29432
	
1328
0.00
29433
	
1328
0.00
29458
	
1315
0.00
29459
	
1327
0.00
29483
	
1325
0.00
29484
	
1317
0.00
29508
	
1327
0.00
29509
	
1328
0.00
29533
	
1325
0.00
29534
	
1328
0.00
29558
	
1319
0.00
29682
	
1323
0.00
29706
	
1324
0.00
29707
	
1328
0.00
29731
	
1321
0.00
29732
	
1335
0.00
29756
	
1327
0.00
29757
	
1319
0.00
29782
	
1324
0.00
29783
	
1327
0.00
29807
	
1326
0.00
29808
	
1331
0.00
29832
	
1327
0.00
29956
	
1328
0.00
29980
	
1330
0.00
29982
	
1328
0.00
30005
	
1329
0.00
30006
	
1328
0.00
30030
	
1329
0.00
30031
	
1328
0.00
30055
	
1328
0.00
30056
	
1319
0.00
30080
	
1327
0.00
30081
	
1321
0.00
30228
	
1326
0.00
30229
	
1329
0.00
30254
	
1327
0.00
30255
	
1330
0.00
30279
	
1328
0.00
30280
	
1328
0.00
30304
	
1327
0.00
30305
	
1328
0.00
30329
	
1327
0.00
30330
	
1325
0.00
30354
	
1324
0.00
30355
	
1327
0.00
30502
	
1325
0.00
30503
	
1333
0.00
30527
	
1322
0.00
30528
	
1328
0.00
30552
	
1328
0.00
30553
	
1325
0.00
30578
	
132