=~=~=~=~=~=~=~=~=~=~=~= PuTTY log 2024.12.01 13:20:50 =~=~=~=~=~=~=~=~=~=~=~=
KRÒ0Lå­årB¥þ)))œ¼gS!š¥Š!þ4095
0.00
4770
	
4095
0.00
4773
	
4095
0.00
4774
	
4095
0.00
4776
	
4095
0.00
4778
	
4095
0.00
4779
	
4095
0.00
4804
	
4095
0.00
4805
	
4095
0.00
4952
	
4095
0.00
4953
	
4095
0.00
4977
	
4091
0.00
4978
	
4095
0.00
5002
	
4095
0.00
5003
	
4095
0.00
5027
	
4095
0.00
5028
	
4095
0.00
5053
	
4095
0.00
5054
	
4095
0.00
5078
	
4095
0.00
5079
	
4095
0.00
5103
	
4095
0.00
5227
	
4095
0.00
5251
	
4095
0.00
5252
	
4095
0.00
5276
	
4095
0.00
5277
	
4095
0.00
5301
	
4095
0.00
5302
	
4095
0.00
5326
	
4095
0.00
5327
	
4095
0.00
5351
	
4095
0.00
5352
	
4095
0.00
5376
	
4095
0.00
5377
	
4095
0.00
5524
	
4095
0.00
5525
	
4095
0.00
5549
	
4095
0.00
5550
	
4095
0.00
5575
	
4095
0.00
5576
	
4095
0.00
5600
	
4095
0.00
5601
	
4095
0.00
5625
	
4095
0.00
5626
	
4095
0.00
5650
	
4095
0.00
5651
	
4095
0.00
5675
	
4095
0.00
5799
	
4095
0.00
5823
	
4095
0.00
5824
	
4095
0.00
5848
	
4095
0.00
5849
	
4095
0.00
5873
	
4095
0.00
5874
	
4095
0.00
5899
	
4095
0.00
5900
	
4095
0.00
5924
	
4095
0.00
5925
	
4095
0.00
5949
	
4095
0.00
5950
	
4095
0.00
6097
	
4095
0.00
6098
	
4095
0.00
6122
	
4095
0.00
6123
	
4095
0.00
6147
	
4095
0.00
6148
	
4095
0.00
6172
	
4095
0.00
6173
	
4095
0.00
6197
	
4095
0.00
6198
	
4095
0.00
6223
	
4095
0.00
6224
	
4095
0.00
6248
	
4095
0.00
6372
	
4095
0.00
6396
	
4095
0.00
6397
	
4095
0.00
6421
	
4095
0.00
6422
	
4095
0.00
6446
	
4095
0.00
6447
	
4095
0.00
6471
	
4095
0.00
6472
	
4095
0.00
6496
	
4095
0.00
6497
	
4095
0.00
6521
	
4095
0.00
6522
	
4095
0.00
6669
	
4095
0.00
6670
	
4095
0.00
6694
	
4095
0.00
6695
	
4095
0.00
6719
	
4095
0.00
6720
	
4095
0.00
6745
	
4095
0.00
6746
	
4095
0.00
6770
	
4095
0.00
6771
	
4095
0.00
6795
	
4095
0.00
6796
	
4095
0.00
6820
	
4095
0.00
6944
	
4095
0.00
6968
	
4095
0.00
6969
	
4095
0.00
6993
	
4095
0.00
6994
	
4095
0.00
7018
	
4095
0.00
7019
	
4095
0.00
7043
	
4095
0.00
7044
	
4095
0.00
7069
	
4095
0.00
7070
	
4095
0.00
7094
	
4095
0.00
7095
	
4095
0.00
7242
	
4095
0.00
7243
	
4095
0.00
7267
	
4095
0.00
7268
	
4095
0.00
7292
	
4095
0.00
7293
	
4095
0.00
7317
	
4095
0.00
7318
	
4095
0.00
7342
	
4095
0.00
7343
	
4095
0.00
7367
	
4095
0.00
7368
	
4095
0.00
7393
	
