=~=~=~=~=~=~=~=~=~=~=~= PuTTY log 2024.12.02 12:45:21 =~=~=~=~=~=~=~=~=~=~=~=
1328
0.00
818860
	
1330
0.00
818863
	
1330
0.00
818865
	
1329
0.00
818866
	
1331
0.00
818868
	
1328
0.00
818870
	
1324
51.73
819017
	
1351
51.73
819018
	
1355
51.83
819042
	
1353
51.83
819043
	
1357
52.11
819067
	
1350
52.11
819068
	
1352
52.08
819092
	
1353
52.08
819093
	
1355
36.58
819117
	
1344
36.58
819118
	
1327
0.00
819265
	
1328
0.00
819266
	
1328
0.00
819290
	
1329
0.00
819291
	
1325
0.00
819316
	
1328
0.00
819317
	
1328
0.00
819341
	
1329
0.00
819342
	
1329
0.00
819366
	
1330
0.00
819367
	
1329
0.00
819514
	
1329
0.00
819515
	
1329
0.00
819539
	
1330
0.00
819540
	
1328
0.00
819564
	
1328
0.00
819565
	
1330
0.00
819589
	
1318
0.00
819590
	
1330
0.00
819614
	
1325
0.00
819615
	
1334
0.00
819762
	
1328
0.00
819763
	
1328
0.00
819788
	
1328
0.00
819789
	
1333
0.00
819813
	
1328
0.00
819814
	
1328
0.00
819838
	
1331
0.00
819839
	
1324
0.00
819863
	
1330
0.00
819864
	
1328
0.00
820011
	
1331
0.00
820036
	
1338
0.00
820037
	
1343
17.04
820061
	
1346
17.04
820062
	
1344
41.60
820086
	
1349
41.60
820087
	
1357
48.58
820112
	
1351
48.58
820113
	
1355
34.28
820137
	
1344
34.28
820138
	
1325
0.00
820285
	
1329
0.00
820286
	
1328
0.00
820310
	
1325
0.00
820311
	
1326
0.00
820335
	
1328
0.00
820336
	
1330
0.00
820360
	
1328
0.00
820361
	
1329
0.00
820385
	
1328
0.00
820386
	
1328
0.00
820533
	
1328
0.00
820534
	
1328
0.00
820558
	
1328
0.00
820559
	
1328
0.00
820583
	
1326
0.00
820584
	
1326
0.00
820609
	
1322
0.00
820610
	
1328
0.00
820634
	
1328
0.00
820635
	
1328
0.00
820782
	
1328
0.00
820783
	
1328
0.00
820807
	
1328
0.00
820808
	
1327
0.00
820832
	
1328
0.00
820833
	
1327
0.00
820857
	
1330
0.00
820858
	
1330
0.00
820882
	
1328
0.00
820883
	
1328
0.00
821030
	
1328
0.00
821031
	
1327
0.00
821055
	
1328
0.00
821080
	
1328
0.00
821081
	
1334
0.00
821106
	
1354
0.00
821107
	
1345
29.14
821131
	
1345
29.14
821132
	
1349
45.75
821156
	
1353
45.75
821157
	
1347
50.35
821304
	
1346
50.35
821305
	
1355
50.09
821329
	
1349
50.09
821330
	
1353
37.51
821354
	
1348
37.51
821355
	
1344
7.41
821379
	
1330
7.41
821380
	
1339
0.00
821404
	
1330
0.00
821405
	
1332
0.00
821552
	
1328
0.00
821553
	
1327
0.00
821578
	
1330
0.00
821579
	
1325
0.00
821603
	
1323
0.00
821604
	
1328
0.00
821628
	
1328
0.00
821629
	
1329
0.00
821653
	
1328
0.00
821654
	
1328
0.00
821801
	
1328
0.00
821802
	
1328
0.00
821826
	
1328
0.00
821827
	
1328
0.00
821851
	
1327
0.00
821852
	
1328
0.00
821876
	
1329
0.00
821877
	
1330
0.00
821902
	
1333
0.00
821903
	
1327
0.00
822049
	
1329
0.00
822050
	
1328
0.00
822075
	
1328
0.00
822076
	
1328
0.00
822100
	
1328
0.00
822125
	
1335
0.00
822126
	
1335
4.41
822150
	
1344
4.41
822151
	
1348
35.61
822175
	
1350
35.61
822176
	
1358
50.48
822323
	
1350
50.48
822324
	
1350
50.48
822348
	
1354
50.48
822349
	
1359
38.37
822373
	
1344
38.37
822374
	
1348
8.06
822399
	
1328
8.06
822400
	
1330
0.00
822424
	
1329
0.00
822425
	
1323
0.00
822572
	
1328
0.00
822573
	
1319
0.00
822597
	
1328
0.00
822598
	
1329
0.00
822622
	
1325
0.00
822623
	
1329
0.00
822647
	
1328
0.00
822648
	
1328
0.00
822672
	
1328
0.00
822673
	
1331
0.00
822820
	
1327
0.00
822821
	
1328
0.00
822845
	
1327
0.00
822846
	
1326
0.00
822871
	
1326
0.00
822872
	
1328
0.00
822896
	
1328
0.00
822897
	
1327
0.00
822921
	
1328
0.00
822922
	
1326
0.00
823069
	
1328
0.00
823070
	
1328
0.00
823094
	
1328
0.00
823095
	
1328
0.00
823119
	
1328
0.00
823120
	
1328
0.00
823144
	
1328
0.00
823169
	
1341
0.00
823170
	
1334
7.49
823195
	
1344
7.49
823196
	
1352
36.70
823220
	
1351
47.98
823364
	
1345
47.98
823365
	
1350
48.01
823390
	
1351
48.01
823391
	
1360
34.16
823415
	
1345
34.16
823416
	
1344
3.43
823440
	
1333
3.43
823441
	
1339
0.00
823465
	
1331
0.00
823466
	
1328
0.00
823613
	
1330
0.00
823614
	
1322
0.00
823638
	
1328
0.00
823639
	
1325
0.00
823663
	
1333
0.00
823664
	
1328
0.00
823688
	
1328
0.00
823689
	
1328
0.00
823714
	
1328
0.00
823715
	
1329
0.00
823862
	
1328
0.00
823863
	
1327
0.00
823887
	
1328
0.00
823888
	
1328
0.00
823912
	
1329
0.00
823913
	
1317
0.00
823937
	
1331
0.00
823938
	
1328
0.00
823962
	
1328
0.00
823963
	
1322
0.00
824110
	
1328
0.00
824111
	
1329
0.00
824135
	
1328
0.00
824136
	
1328
0.00
824160
	
1328
0.00
824161
	
1328
0.00
824186
	
1329
0.00
824211
	
1345
0.00
824212
	
1339
9.60
824236
	
1354
9.60
824237
	
1345
38.75
824261
	
1340
48.86
824406
	
1353
48.86
824407
	
1349
48.56
824431
	
1346
48.56
824432
	
1352
34.19
824456
	
1354
34.19
824457
	
1352
4.19
824481
	
1333
4.19
824482
	
1335
0.00
824506
	
1333
0.00
824507
	
1328
0.00
824654
	
1328
0.00
824655
	
1330
0.00
824680
	
1328
0.00
824681
	
1325
0.00
824705
	
1325
0.00
824706
	
1333
0.00
824730
	
1324
0.00
824731
	
1330
0.00
824755
	
1328
0.00
824756
	
1328
0.00
824903
	
1333
0.00
824904
	
1328
0.00
824928
	
1331
0.00
824929
	
1328
0.00
824953
	
1328
0.00
824954
	
1331
0.00
824978
	
1328
0.00
824979
	
1322
0.00
825004
	
1327
0.00
825005
	
1327
0.00
825151
	
1330
0.00
825152
	
1330
0.00
825177
	
1328
0.00
825178
	
1328
0.00
825202
	
1329
0.00
825203
	
1329
0.00
825227
	
1329
0.00
825252
	
1346
0.00
825253
	
1347
8.91
825277
	
1346
8.91
825278
	
1345
37.10
825302
	
1347
48.88
825447
	
1345
48.88
825448
	
1346
48.55
825472
	
1355
48.55
825473
	
1360
31.73
825498
	
1345
31.73
825499
	
1342
2.19
825523
	
1332
2.19
825524
	
1331
0.00
825548
	
1331
0.00
825549
	
1328
0.00
825696
	
1328
0.00
825697
	
1328
0.00
825721
	
1328
0.00
825722
	
1327
0.00
825746
	
1328
0.00
825747
	
1328
0.00
825771
	
1322
0.00
825772
	
1325
0.00
825796
	
1322
0.00
825797
	
1331
0.00
825944
	
1328
0.00
825945
	
1328
0.00
825969
	
1328
0.00
825970
	
1328
0.00
825995
	
1328
0.00
825996
	
1328
0.00
826020
	
1330
0.00
826021
	
1326
0.00
826045
	
1328
0.00
826046
	
1328
0.00
826193
	
1325
0.00
826194
	
1328
0.00
826218
	
1328
0.00
826219
	
1328
0.00
826243
	
1326
0.00
826244
	
1329
0.00
826268
	
1329
0.00
826293
	
1346
0.00
826294
	
1345
11.11
826319
	
1349
11.11
826320
	
1343
48.88
826466
	
1350
48.88
826467
	
1351
48.40
826492
	
1355
48.40
826493
	
1355
32.87
826517
	
1351
32.87
826518
	
1345
3.19
826542
	
1332
3.19
826543
	
1335
0.00
826567
	
1330
0.00
826568
	
1328
0.00
826715
	
1329
0.00
826716
	
1330
0.00
826740
	
1330
0.00
826741
	
1330
0.00
826765
	
1323
0.00
826766
	
1328
0.00
826790
	
1329
0.00
826791
	
1335
0.00
826816
	
1331
0.00
826817
	
1331
0.00
826963
	
1328
0.00
826964
	
1328
0.00
826989
	
1328
0.00
826990
	
1328
0.00
827014
	
1328
0.00
827015
	
1328
0.00
827039
	
1328
0.00
827040
	
1328
0.00
827064
	
1327
0.00
827065
	
1323
0.00
827212
	
1328
0.00
827213
	
1329
0.00
827237
	
1327
0.00
827238
	
1328
0.00
827262
	
1325
0.00
827263
	
1333
0.00
827287
	
1328
0.00
827288
	
1331
0.00
827313
	
1329
0.00
827338
	
1328
0.00
827339
	
1328
0.00
827363
	
1349
50.74
827508
	
1344
50.74
827509
	
1350
50.40
827533
	
1354
50.40
827534
	
1346
33.38
827558
	
1345
33.38
827559
	
1343
3.62
827583
	
1338
3.62
827584
	
1334
0.00
827608
	
1330
0.00
827609
	
1328
0.00
827756
	
1328
0.00
827757
	
1328
0.00
827781
	
1328
0.00
827782
	
1328
0.00
827807
	
1327
0.00
827808
	
1325
0.00
827832
	
1324
0.00
827833
	
1328
0.00
827857
	
1328
0.00
827858
	
1328
0.00
828005
	
1328
0.00
828006
	
1329
0.00
828030
	
1328
0.00
828031
	
1328
0.00
828055
	
1330
0.00
828056
	
1329
0.00
828080
	
1330
0.00
828081
	
1326
0.00
828105
	
1329
0.00
828106
	
1319
0.00
828253
	
1328
0.00
828254
	
1328
0.00
828278
	
1328
0.00
828279
	
1334
0.00
828304
	
1328
0.00
828305
	
1328
0.00
828329
	
1330
0.00
828330
	
1328
0.00
828354
	
1328
0.00
828379
	
1328
0.00
828380
	
1323
0.00
828404
	
1344
52.86
828549
	
1345
52.86
828550
	
1349
52.31
828574
	
1349
52.31
828575
	
1359
32.70
828599
	
1344
32.70
828600
	
1350
3.00
828624
	
1327
3.00
828625
	
1333
0.00
828650
	
1329
0.00
828651
	
1328
0.00
828797
	
1332
0.00
828798
	
1328
0.00
828823
	
1328
0.00
828824
	
1328
0.00
828848
	
1331
0.00
828849
	
1326
0.00
828873
	
1326
0.00
828874
	
1321
0.00
828898
	
1328
0.00
828899
	
1323
0.00
829046
	
1329
0.00
829047
	
1328
0.00
829071
	
1328
0.00
829072
	
1328
0.00
829096
	
1332
0.00
829097
	
1328
0.00
829121
	
1328
0.00
829122
	
1330
0.00
829147
	
1330
0.00
829148
	
1321
0.00
829294
	
1328
0.00
829295
	
1328
0.00
829320
	
1329
0.00
829321
	
1328
0.00
829345
	
1328
0.00
829346
	
1328
0.00
829370
	
1328
0.00
829371
	
1328
0.00
829395
	
1328
0.00
829420
	
1329
0.00
829421
	
1331
0.00
829445
	
1342
52.73
829590
	
1350
52.73
829591
	
1345
52.04
829615
	
1353
52.04
829616
	
1353
31.36
829640
	
1339
31.36
829641
	
1341
2.71
829666
	
1328
2.71
829667
	
1332
0.00
829691
	
1330
0.00
829692
	
1328
0.00
829839
	
1328
0.00
829840
	
1331
0.00
829864
	
1328
0.00
829865
	
1324
0.00
829889
	
1328
0.00
829890
	
1325
0.00
829914
	
1328
0.00
829915
	
1328
0.00
829939
	
1326
0.00
829940
	
1328
0.00
830087
	
1331
0.00
830088
	
1328
0.00
830112
	
1328
0.00
830113
	
1328
0.00
830138
	
1328
0.00
830139
	
1328
0.00
830163
	
1328
0.00
830164
	
1331
0.00
830188
	
1328
0.00
830189
	
1328
0.00
830336
	
1328
0.00
830337
	
1327
0.00
830361
	
1325
0.00
830362
	
1328
0.00
830386
	
1328
0.00
830387
	
1328
0.00
830411
	
1328
0.00
830412
	
1328
0.00
830436
	
1327
0.00
830462
	
1328
0.00
830463
	
1339
0.00
830487
	
1344
50.64
830631
	
1352
50.64
830632
	
1353
50.09
830657
	
1345
50.09
830658
	
1347
47.11
830682
	
1344
47.11
830683
	
1352
20.47
830707
	
1343
20.47
830708
	
1339
0.00
830732
	
1328
0.00
830733
	
1328
0.00
830880
	
1329
0.00
830881
	
1329
0.00
830905
	
1327
0.00
830906
	
1328
0.00
830930
	
1328
0.00
830931
	
1328
0.00
830955
	
1328
0.00
830956
	
1332
0.00
830981
	
1326
0.00
830982
	
1328
0.00
831128
	
1328
0.00
831129
	
1329
0.00
831154
	
1328
0.00
831155
	
1328
0.00
831179
	
1328
0.00
831180
	
1328
0.00
831204
	
1328
0.00
831205
	
1329
0.00
831229
	
1327
0.00
831230
	
1330
0.00
831377
	
1323
0.00
831378
	
1326
0.00
831402
	
1328
0.00
831403
	
1328
0.00
831427
	
1319
0.00
831428
	
1328
0.00
831452
	
1328
0.00
831453
	
1328
0.00
831478
	
1328
0.00
831503
	
1332
0.00
831504
	
1339
0.00
831528
	
1344
50.23
831673
	
1349
50.23
831674
	
1348
50.63
831698
	
1345
50.63
831699
	
1345
47.69
831723
	
1350
47.69
831724
	
1350
18.73
831748
	
1335
18.73
831749
	
1325
0.00
831773
	
1332
0.00
831774
	
1329
0.00
831921
	
1328
0.00
831922
	
1328
0.00
831946
	
1323
0.00
831947
	
1331
0.00
831971
	
1328
0.00
831972
	
1329
0.00
831997
	
1330
0.00
831998
	
1328
0.00
832022
	
1327
0.00
832023
	
1323
0.00
832170
	
1328
0.00
832171
	
1327
0.00
832195
	
1328
0.00
832196
	
1328
0.00
832220
	
1330
0.00
832221
	
1328
0.00
832245
	
1330
0.00
832246
	
1329
0.00
832270
	
1328
0.00
832271
	
1325
0.00
832418
	
1328
0.00
832419
	
1328
0.00
832443
	
1327
0.00
832444
	
1324
0.00
832468
	
1328
0.00
832469
	
1328
0.00
832494
	
1328
0.00
832495
	
1324
0.00
832519
	
1328
0.00
832544
	
1338
0.00
832545
	
1332
2.02
832569
	
1345
51.98
832714
	
1357
51.98
832715
	
1350
52.07
832739
	
1349
52.07
832740
	
1345
48.07
832764
	
1350
48.07
832765
	
1348
17.41
832789
	
1342
17.41
832790
	
1331
0.00
832815
	
1329
0.00
832816
	
1331
0.00
832962
	
1328
0.00
832963
	
1329
0.00
832988
	
1328
0.00
832989
	
1328
0.00
833013
	
1328
0.00
833014
	
1328
0.00
833038
	
1328
0.00
833039
	
1338
0.00
833063
	
1328
0.00
833064
	
1328
0.00
833211
	
1328
0.00
833212
	
1324
0.00
833236
	
1328
0.00
833237
	
1328
0.00
833261
	
1328
0.00
833262
	
1330
0.00
833286
	
1331
0.00
833287
	
1328
0.00
833312
	
1329
0.00
833313
	
1328
0.00
833459
	
1328
0.00
833460
	
1317
0.00
833485
	
1328
0.00
833486
	
1326
0.00
833510
	
1328
0.00
833511
	
1328
0.00
833535
	
1325
0.00
833536
	
1328
0.00
833560
	
1327
0.00
833585
	
1338
0.00
833586
	
1336
4.00
833610
	
1349
51.92
833755
	
1351
51.92
833756
	
1356
51.91
833780
	
1349
51.91
833781
	
1344
47.05
833805
	
1350
47.05
833806
	
1348
16.59
833831
	
1338
16.59
833832
	
1337
0.00
833856
	
1327
0.00
833857
	
1328
0.00
834004
	
1329
0.00
834005
	
1328
0.00
834029
	
1328
0.00
834030
	
1325
0.00
834054
	
1328
0.00
834055
	
1327
0.00
834079
	
1333
0.00
834080
	
1328
0.00
834104
	
1329
0.00
834105
	
1328
0.00
834252
	
1322
0.00
834253
	
1328
0.00
834277
	
1328
0.00
834278
	
1323
0.00
834302
	
1328
0.00
834303
	
1328
0.00
834328
	
1328
0.00
834329
	
1328
0.00
834353
	
1328
0.00
834354
	
1328
0.00
834501
	
1328
0.00
834502
	
1322
0.00
834526
	
1329
0.00
834527
	
1329
0.00
834551
	
1323
0.00
834552
	
1322
0.00
834576
	
1329
0.00
834577
	
1328
0.00
834601
	
1328
0.00
834626
	
1339
0.00
834627
	
1333
52.15
834774
	
1348
52.15
834775
	
1356
52.16
834799
	
1349
52.16
834800
	
1354
51.96
834825
	
1349
51.96
834826
	
1347
43.41
834850
	
1343
43.41
834851
	
1344
11.95
834875
	
1334
11.95
834876
	
1329
0.00
835023
	
1325
0.00
835024
	
1326
0.00
835048
	
1328
0.00
835049
	
1328
0.00
835073
	
1328
0.00
835074
	
1329
0.00
835098
	
1330
0.00
835099
	
1328
0.00
835123
	
1328
0.00
835124
	
1328
0.00
835271
	
1328
0.00
835272
	
1328
0.00
835296
	
1325
0.00
835297
	
1328
0.00
835322
	
1329
0.00
835323
	
1328
0.00
835347
	
1328
0.00
835348
	
1328
0.00
835372
	
1328
0.00
835373
	
1328
0.00
835520
	
1332
0.00
835521
	
1331
0.00
835545
	
1322
0.00
835546
	
1325
0.00
835570
	
1328
0.00
835571
	
1328
0.00
835595
	
1325
0.00
835596
	
1328
0.00
835621
	
1328
0.00
835622
	
1328
0.00
835768
	
1328
0.00
835794
	
1342
0.00
835795
	
1341
13.82
835819
	
1350
13.82
835820
	
1344
41.96
835844
	
1344
41.96
835845
	
1351
50.61
835869
	
1340
50.61
835870
	
1344
38.50
835894
	
1344
38.50
835895
	
1329
0.00
836042
	
1334
0.00
836043
	
1327
0.00
836067
	
1331
0.00
836068
	
1328
0.00
836092
	
1328
0.00
836093
	
1327
0.00
836118
	
1329
0.00
836119
	
1325
0.00
836143
	
1328
0.00
836144
	
1331
0.00
836291
	
1329
0.00
836292
	
1328
0.00
836316
	
1328
0.00
836317
	
1328
0.00
836341
	
1328
0.00
836342
	
1328
0.00
836366
	
1328
0.00
836367
	
1331
0.00
836391
	
1328
0.00
836392
	
1327
0.00
836539
	
1319
0.00
836540
	
1327
0.00
836564
	
1321
0.00
836565
	
1324
0.00
836589
	
1326
0.00
836590
	
1328
0.00
836615
	
1328
0.00
836616
	
1328
0.00
836640
	
1330
0.00
836641
	
1328
0.00
836788
	
1328
0.00
836789
	
1328
0.00
836813
	
1328
0.00
836838
	
1329
0.00
836839
	
1328
0.00
836863
	
1342
0.00
836864
	
1341
27.73
836888
	
1344
27.73
836889
	
1350
46.65
836913
	
1345
46.65
836914
	
1354
51.69
837061
	
1350
51.69
837062
	
1349
51.44
837086
	
1350
51.44
837087
	
1357
41.30
837112
	
1344
41.30
837113
	
1343
9.37
837137
	
1330
9.37
837138
	
1330
0.00
837162
	
1328
0.00
837163
	
1328
0.00
837310
	
1328
0.00
837311
	
1333
0.00
837335
	
1328
0.00
837336
	
1327
0.00
837360
	
1328
0.00
837361
	
1328
0.00
837385
	
1329
0.00
837386
	
1331
0.00
837411
	
1328
0.00
837412
	
1328
0.00
837558
	
1326
0.00
837559
	
1321
0.00
837584
	
1328
0.00
837585
	
1328
0.00
837609
	
1328
0.00
837610
	
1328
0.00
837634
	
1328
0.00
837635
	
1330
0.00
837659
	
1328
0.00
837660
	
1328
0.00
837807
	
1330
0.00
837808
	
1327
0.00
837832
	
1329
0.00
837833
	
1328
0.00
837857
	
1328
0.00
837882
	
1334
0.00
837883
	
1331
0.00
837908
	
1347
0.00
837909
	
1354
32.40
837933
	
1358
32.40
837934
	
1347
50.96
838081
	
1351
50.96
838082
	
1355
50.95
838106
	
1350
50.95
838107
	
1347
41.77
838131
	
1344
41.77
838132
	
1350
9.49
838156
	
1338
9.49
838157
	
1337
0.00
838181
	
1324
0.00
838182
	
1334
0.00
838329
	
1328
0.00
838330
	
1324
0.00
838354
	
1333
0.00
838355
	
1328
0.00
838380
	
1332
0.00
838381
	
1328
0.00
838405
	
1328
0.00
838406
	
1328
0.00
838430
	
1328
0.00
838431
	
1319
0.00
838578
	
1321
0.00
838579
	
1328
0.00
838603
	
1329
0.00
838604
	
1328
0.00
838628
	
1328
0.00
838629
	
1332
0.00
838653
	
1329
0.00
838654
	
1328
0.00
838678
	
1332
0.00
838679
	
1329
0.00
838826
	
1328
0.00
838827
	
1326
0.00
838851
	
1327
0.00
838852
	
1328
0.00
838877
	
1313
0.00
838878
	
1328
0.00
838902
	
1328
0.00
838927
	
1335
0.00
838928
	
1337
2.83
838952
	
1343
2.83
838953
	
1345
35.00
838977
	
1355
49.70
839122
	
1351
49.70
839123
	
1349
49.47
839147
	
1350
49.47
839148
	
1353
39.12
839172
	
1346
39.12
839173
	
1344
7.30
839197
	
1342
7.30
839198
	
1327
0.00
839223
	
1328
0.00
839224
	
1328
0.00
839370
	
1328
0.00
839371
	
1328
0.00
839396
	
1329
0.00
839397
	
1329
0.00
839421
	
1328
0.00
839422
	
1330
0.00
839446
	
1328
0.00
839447
	
1328
0.00
839471
	
1328
0.00
839472
	
1329
0.00
839619
	
1328
0.00
839620
	
1328
0.00
839644
	
1328
0.00
839645
	
1328
0.00
839669
	
1330
0.00
839670
	
1326
0.00
839694
	
1328
0.00
839695
	
1328
0.00
839720
	
1328
0.00
839721
	
1328
0.00
839868
	
1329
0.00
839869
	
1327
0.00
839893
	
1326
0.00
839894
	
1328
0.00
839918
	
1318
0.00
839919
	
1328
0.00
839943
	
1330
0.00
839968
	
1339
0.00
839969
	
1337
3.57
839993
	
1345
3.57
839994
	
1348
49.92
840141
	
1347
49.92
840142
	
1351
49.98
840166
	
1346
49.98
840167
	
1347
39.72
840192
	
1349
39.72
840193
	
1344
7.35
840217
	
1335
7.35
840218
	
1325
0.00
840242
	
1333
0.00
840243
	
1329
0.00
840390
	
1332
0.00
840391
	
1328
0.00
840415
	
1334
0.00
840416
	
1328
0.00
840440
	
1328
0.00
840441
	
1328
0.00
840465
	
1328
0.00
840466
	
1328
0.00
840490
	
1328
0.00
840491
	
1328
0.00
840638
	
1312
0.00
840639
	
1329
0.00
840663
	
1328
0.00
840664
	
1330
0.00
840689
	
1328
0.00
840690
	
1327
0.00
840714
	
1328
0.00
840715
	
1328
0.00
840739
	
1330
0.00
840740
	
1329
0.00
840887
	
1328
0.00
840888
	
1328
0.00
840912
	
1327
0.00
840913
	
1326
0.00
840937
	
1327
0.00
840938
	
1327
0.00
840962
	
1328
0.00
840963
	
1327
0.00
840988
	
1328
0.00
841013
	
1343
0.00
841014
	
1349
9.21
841038
	
1345
49.73
841183
	
1348
49.73
841184
	
1351
49.50
841208
	
1350
49.50
841209
	
1355
37.70
841233
	
1349
37.70
841234
	
1347
5.50
841258
	
1337
5.50
841259
	
1329
0.00
841283
	
1327
0.00
841284
	
1328
0.00
841431
	
1328
0.00
841432
	
1328
0.00
841456
	
1328
0.00
841457
	
1330
0.00
841481
	
1328
0.00
841482
	
1327
0.00
841507
	
1328
0.00
841508
	
1328
0.00
841532
	
1330
0.00
841533
	
1328
0.00
841680
	
1323
0.00
841681
	
1323
0.00
841705
	
1332
0.00
841706
	
1325
0.00
841730
	
1328
0.00
841731
	
1328
0.00
841755
	
1327
0.00
841756
	
1328
0.00
841780
	
1327
0.00
841781
	
1327
0.00
841928
	
