=~=~=~=~=~=~=~=~=~=~=~= PuTTY log 2024.12.01 14:10:01 =~=~=~=~=~=~=~=~=~=~=~=
1327
0.00
118508
	
1328
0.00
118509
	
1325
0.00
118533
	
1326
0.00
118534
	
1327
0.00
118681
	
1327
0.00
118682
	
1327
0.00
118706
	
1326
0.00
118707
	
1311
0.00
118732
	
1311
0.00
118733
	
1326
0.00
118757
	
1326
0.00
118758
	
1326
0.00
118782
	
1325
0.00
118783
	
1319
0.00
118930
	
1328
0.00
118931
	
1328
0.00
118955
	
1325
0.00
118980
	
1331
0.00
118981
	
1330
7.63
119005
	
1392
7.63
119006
	
1385
46.19
119030
	
1398
46.19
119031
	
1395
65.61
119056
	
1409
65.61
119057
	
1407
68.00
119203
	
1413
68.00
119204
	
1414
67.78
119229
	
1450
67.78
119230
	
1466
45.51
119254
	
1415
45.51
119255
	
1408
10.59
119279
	
1350
10.59
119280
	
1344
0.00
119304
	
1331
0.00
119305
	
1328
0.00
119452
	
1327
0.00
119453
	
1327
0.00
119477
	
1329
0.00
119478
	
1328
0.00
119502
	
1329
0.00
119503
	
1328
0.00
119527
	
1327
0.00
119528
	
1327
0.00
119552
	
1328
0.00
119553
	
1328
0.00
119700
	
1331
0.00
119701
	
1328
0.00
119725
	
1328
0.00
119726
	
1322
0.00
119751
	
1325
0.00
119752
	
1328
0.00
119776
	
1326
0.00
119777
	
1325
0.00
119801
	
1325
0.00
119802
	
1328
0.00
119949
	
1328
0.00
119950
	
1327
0.00
119974
	
1326
0.00
119975
	
1313
0.00
119999
	
1329
0.00
120024
	
1346
0.00
120025
	
1355
12.20
120049
	
1379
12.20
120050
	
1384
50.41
120075
	
1422
50.41
120076
	
1405
68.08
120222
	
1418
68.08
120223
	
1415
67.75
120248
	
1442
67.75
120249
	
1454
46.32
120273
	
1412
46.32
120274
	
1415
10.52
120298
	
1358
10.52
120299
	
1346
0.00
120323
	
1333
0.00
120324
	
1327
0.00
120471
	
1329
0.00
120472
	
1327
0.00
120496
	
1322
0.00
120497
	
1328
0.00
120521
	
1328
0.00
120522
	
1322
0.00
120546
	
1326
0.00
120547
	
1327
0.00
120571
	
1326
0.00
120572
	
1326
0.00
120719
	
1326
0.00
120720
	
1325
0.00
120744
	
1326
0.00
120745
	
1323
0.00
120770
	
1327
0.00
120771
	
1327
0.00
120795
	
1328
0.00
120796
	
1327
0.00
120820
	
1328
0.00
120821
	
1323
0.00
120968
	
1329
0.00
120969
	
1327
0.00
120993
	
1327
0.00
120994
	
1325
0.00
121018
	
1325
0.00
121019
	
1329
0.00
121043
	
1327
0.00
121068
	
1360
0.00
121069
	
1381
19.40
121094
	
1394
19.40
121095
	
1393
68.78
121241
	
1419
68.78
121242
	
1424
68.33
121267
	
1430
68.33
121268
	
1430
49.05
121292
	
1407
49.05
121293
	
1394
11.81
121317
	
1358
11.81
121318
	
1351
0.00
121342
	
1335
0.00
121343
	
1327
0.00
121490
	
1331
0.00
121491
	
1327
0.00
121515
	
1328
0.00
121516
	
1327
0.00
121540
	
1327
0.00
121541
	
1325
0.00
121565
	
1325
0.00
121566
	
1328
0.00
121590
	
1327
0.00
121591
	
1328
0.00
121738
	
1314
0.00
121739
	
1317
0.00
121763
	
1323
0.00
121764
	
1325
0.00
121789
	
1325
0.00
121790
	
1327
0.00
121814
	
1329
0.00
121815
	
1328
0.00
121839
	
1327
0.00
121840
	
1328
0.00
121987
	
1325
0.00
121988
	
1326
0.00
122012
	
1331
0.00
122013
	
1326
0.00
122037
	
1328
0.00
122038
	
1330
0.00
122062
	
1321
0.00
122063
	
1319
0.00
122087
	
1324
0.00
122113
	
1389
0.00
122114
	
1385
26.68
122138
	
1408
68.60
122282
	
1414
68.60
122283
	
1415
68.19
122308
	
1454
68.19
122309
	
1453
46.54
122333
	
1414
46.54
122334
	
1395
10.79
122358
	
1355
10.79
122359
	
1365
0.00
122383
	
1335
0.00
122384
	
1328
0.00
122531
	
1328
0.00
122532
	
1330
0.00
122556
	
1325
0.00
122557
	
1327
0.00
122581
	
1327
0.00
122582
	
1325
0.00
122606
	
1329
0.00
122607
	
1328
0.00
122632
	
1327
0.00
122633
	
1326
0.00
122779
	
1328
0.00
122780
	
1322
0.00
122805
	
1307
0.00
122806
	
1325
0.00
122830
	
1324
0.00
122831
	
1325
0.00
122855
	
1328
0.00
122856
	
1328
0.00
122880
	
1328
0.00
122881
	
1330
0.00
123028
	
1327
0.00
123029
	
1325
0.00
123053
	
1325
0.00
123054
	
1324
0.00
123078
	
1323
0.00
123079
	
1326
0.00
123103
	
1325
0.00
123104
	
1310
0.00
123128
	
1330
0.00
123154
	
1374
0.00
123155
	
1384
28.72
123179
	
1397
68.88
123323
	
1411
68.88
123324
	
1413
68.59
123349
	
1462
68.59
123350
	
1445
44.99
123374
	
1422
44.99
123375
	
1389
9.89
123399
	
1357
9.89
123400
	
1360
0.00
123424
	
1333
0.00
123425
	
1326
0.00
123572
	
1325
0.00
123573
	
1328
0.00
123597
	
1326
0.00
123598
	
1327
0.00
123622
	
1326
0.00
123623
	
1326
0.00
123647
	
1330
0.00
123648
	
1328
0.00
123673
	
1328
0.00
123674
	
1322
0.00
123820
	
1323
0.00
123821
	
1325
0.00
123846
	
1325
0.00
123847
	
1317
0.00
123871
	
1325
0.00
123872
	
1326
0.00
123896
	
1325
0.00
123897
	
1322
0.00
123921
	
1327
0.00
123922
	
1322
0.00
124069
	
1327
0.00
124070
	
1327
0.00
124094
	
1330
0.00
124095
	
1328
0.00
124119
	
1328
0.00
124120
	
1330
0.00
124144
	
1326
0.00
124145
	
1328
0.00
124170
	
1327
0.00
124195
	
1385
0.00
124196
	
1368
31.09
124220
	
1390
68.48
124365
	
1417
68.48
124366
	
1413
67.95
124390
	
1455
67.95
124391
	
1456
42.59
124415
	
1408
42.59
124416
	
1390
8.85
124440
	
1351
8.85
124441
	
1351
0.00
124465
	
1331
0.00
124466
	
1323
0.00
124613
	
1323
0.00
124614
	
1318
0.00
124638
	
1329
0.00
124639
	
1327
0.00
124663
	
1322
0.00
124664
	
1324
0.00
124689
	
1328
0.00
124690
	
1331
0.00
124714
	
1325
0.00
124715
	
1323
0.00
124862
	
1325
0.00
124863
	
1327
0.00
124887
	
1327
0.00
124888
	
1328
0.00
124912
	
1326
0.00
124913
	
1326
0.00
124937
	
1327
0.00
124938
	
1327
0.00
124962
	
1302
0.00
124963
	
1315
0.00
125110
	
1329
0.00
125111
	
1328
0.00
125135
	
1327
0.00
125136
	
1325
0.00
125160
	
1326
0.00
125161
	
1323
0.00
125185
	
1328
0.00
125186
	
1328
0.00
125211
	
1327
0.00
125236
	
1378
0.00
125237
	
1381
32.70
125261
	
1395
68.73
125406
	
1411
68.73
125407
	
1413
68.00
125431
	
1435
68.00
125432
	
1453
41.26
125456
	
1392
41.26
125457
	
1391
8.24
125481
	
1358
8.24
125482
	
1349
0.00
125506
	
1330
0.00
125507
	
1330
0.00
125654
	
1327
0.00
125655
	
1323
0.00
125679
	
1322
0.00
125680
	
1322
0.00
125704
	
1327
0.00
125705
	
1312
0.00
125730
	
1328
0.00
125731
	
1327
0.00
125755
	
1325
0.00
125756
	
1326
0.00
125903
	
1328
0.00
125904
	
1328
0.00
125928
	
1326
0.00
125929
	
1328
0.00
125953
	
1328
0.00
125954
	
1328
0.00
125978
	
1329
0.00
125979
	
1327
0.00
126003
	
1328
0.00
126004
	
1324
0.00
126151
	
1327
0.00
126152
	
1328
0.00
126176
	
1327
0.00
126177
	
1328
0.00
126201
	
1328
0.00
126202
	
1327
0.00
126227
	
1327
0.00
126228
	
1325
0.00
126252
	
1329
0.32
126277
	
1397
0.32
126278
	
1379
35.31
126302
	
1391
68.80
126447
	
1423
68.80
126448
	
1418
67.87
126472
	
1455
67.87
126473
	
1453
39.13
126497
	
1394
39.13
126498
	
1378
7.29
126522
	
1344
7.29
126523
	
1349
0.00
126547
	
1329
0.00
126548
	
1328
0.00
126695
	
1328
0.00
126696
	
1327
0.00
126720
	
1327
0.00
126721
	
1327
0.00
126746
	
1328
0.00
126747
	
1323
0.00
126771
	
1317
0.00
126772
	
1328
0.00
126796
	
1322
0.00
126797
	
1325
0.00
126944
	
1325
0.00
126945
	
1327
0.00
126969
	
1323
0.00
126970
	
1325
0.00
126994
	
1323
0.00
126995
	
1328
0.00
127019
	
1326
0.00
127020
	
1325
0.00
127044
	
1326
0.00
127045
	
1328
0.00
127192
	
1325
0.00
127193
	
1324
0.00
127217
	
1317
0.00
127218
	
1325
0.00
127242
	
1323
0.00
127243
	
1323
0.00
127268
	
1325
0.00
127269
	
1327
0.00
127293
	
1328
0.00
127318
	
1331
0.00
127319
	
1335
4.05
127343
	
1410
68.70
127488
	
1412
68.70
127489
	
1417
67.42
127513
	
1469
67.42
127514
	
1461
37.22
127538
	
1399
37.22
127539
	
1395
6.56
127563
	
1351
6.56
127564
	
1341
0.00
127588
	
1333
0.00
127589
	
1325
0.00
127736
	
1328
0.00
127737
	
1325
0.00
127761
	
1334
0.00
127762
	
1328
0.00
127787
	
1330
0.00
127788
	
1328
0.00
127812
	
1329
0.00
127813
	
1328
0.00
127837
	
1327
0.00
127838
	
1318
0.00
127985
	
1326
0.00
127986
	
1327
0.00
128010
	
1322
0.00
128011
	
1326
0.00
128035
	
1326
0.00
128036
	
1326
0.00
128060
	
1326
0.00
128061
	
1327
0.00
128085
	
1327
0.00
128086
	
1327
0.00
128233
	
1327
0.00
128234
	
1328
0.00
128258
	
1309
0.00
128259
	
1324
0.00
128283
	
1326
0.00
128284
	
1327
0.00
128309
	
1328
0.00
128310
	
1330
0.00
128334
	
1326
0.00
128359
	
1333
0.00
128360
	
1333
4.98
128384
	
1392
68.88
128529
	
1414
68.88
128530
	
1413
67.18
128554
	
1456
67.18
128555
	
1458
34.68
128579
	
1388
34.68
128580
	
1393
6.05
128604
	
1348
6.05
128605
	
1343
0.00
128629
	
1328
0.00
128630
	
1326
0.00
128777
	
1325
0.00
128778
	
1328
0.00
128802
	
1327
0.00
128803
	
1328
0.00
128828
	
1328
0.00
128829
	
1326
0.00
128853
	
1322
0.00
128854
	
1322
0.00
128878
	
1327
0.00
128879
	
1325
0.00
129026
	
1325
0.00
129027
	
1325
0.00
129051
	
1326
0.00
129052
	
1325
0.00
129076
	
1326
0.00
129077
	
1327
0.00
129101
	
1324
0.00
129102
	
1327
0.00
129126
	
1327
0.00
129127
	
1325
0.00
129274
	
1329
0.00
129275
	
1328
0.00
129299
	
1326
0.00
129300
	
1323
0.00
129324
	
1327
0.00
129325
	
1318
0.00
129350
	
1327
0.00
129351
	
1326
0.00
129375
	
1330
0.00
129400
	
1337
0.00
129401
	
1354
6.34
129425
	
1379
68.89
129570
	
1418
68.89
129571
	
1424
67.09
129595
	
1455
67.09
129596
	
1445
33.79
129620
	
