=~=~=~=~=~=~=~=~=~=~=~= PuTTY log 2024.12.02 12:45:57 =~=~=~=~=~=~=~=~=~=~=~=
1328
0.00
10680
	
1322
0.00
10683
	
1327
0.00
10685
	
1328
0.00
10686
	
1328
0.00
10688
	
1328
0.00
10690
	
1330
0.00
10714
	
1330
0.00
10838
	
1331
15.55
10862
	
1333
15.55
10863
	
1342
15.60
10887
	
1330
15.60
10888
	
1329
15.45
10912
	
1334
15.45
10913
	
1333
9.22
10937
	
1328
9.22
10938
	
1331
0.12
10963
	
1328
0.12
10964
	
1329
0.00
11110
	
1328
0.00
11111
	
1328
0.00
11136
	
1327
0.00
11137
	
1327
0.00
11161
	
1322
0.00
11162
	
1331
0.00
11186
	
1328
0.00
11187
	
1328
0.00
11211
	
1330
0.00
11212
	
1329
0.00
11236
	
1329
0.00
11237
	
1333
0.00
11384
	
1328
0.00
11385
	
1328
0.00
11409
	
1324
0.00
11410
	
1329
0.00
11435
	
1327
0.00
11436
	
1331
0.00
11460
	
1328
0.00
11461
	
1324
0.00
11485
	
1328
0.00
11486
	
1328
0.00
11510
	
1328
0.00
11511
	
1331
0.00
11658
	
1328
0.00
11659
	
1327
0.00
11683
	
1329
0.00
11684
	
1328
0.00
11708
	
1328
0.00
11733
	
1333
0.00
11734
	
1332
3.70
11759
	
1331
3.70
11760
	
1330
13.76
11784
	
1331
13.76
11785
	
1325
14.11
11809
	
1328
14.11
11810
	
1330
14.70
11957
	
1328
14.70
11958
	
1330
14.83
11982
	
1328
14.83
11983
	
1329
13.16
12007
	
1335
13.16
12008
	
1333
2.48
12032
	
1328
2.48
12033
	
1331
0.23
12058
	
1326
0.23
12059
	
1329
0.00
12205
	
1328
0.00
12206
	
1331
0.00
12231
	
1329
0.00
12232
	
1328
0.00
12256
	
1328
0.00
12257
	
1329
0.00
12281
	
1330
0.00
12282
	
1328
0.00
12306
	
1328
0.00
12307
	
1328
0.00
12331
	
1332
0.00
12332
	
1328
0.00
12479
	
1330
0.00
12480
	
1331
0.00
12504
	
1328
0.00
12505
	
1329
0.00
12529
	
1328
0.00
12530
	
1328
0.00
12555
	
1331
0.00
12556
	
1333
0.00
12580
	
1328
0.00
12581
	
1328
0.00
12605
	
1331
0.00
12606
	
1328
0.00
12753
	
1328
0.00
12754
	
1328
0.00
12781
	
1329
0.00
12782
	
1328
0.00
12806
	
1330
0.00
12807
	
1330
10.39
12832
	
1333
10.39
12833
	
1330
14.24
12857
	
1335
14.24
12858
	
1333
14.29
12882
	
1329
14.29
13006
	
1330
14.88
13030
	
1335
14.88
13031
	
1329
14.55
13055
	
1323
14.55
13056
	
1331
8.24
13080
	
1330
8.24
13081
	
1332
1.21
13105
	
1328
1.21
13106
	
1330
1.05
13130
	
1329
1.05
13131
	
1328
0.86
13278
	
1328
0.86
13279
	
1328
0.76
13304
	
1334
0.76
13305
	
1331
0.67
13329
	
1319
0.67
13330
	
1327
0.58
13354
	
1328
0.58
13355
	
1328
0.65
13379
	
1326
0.65
13380
	
1326
0.56
13404
	
1329
0.56
13405
	
1329
0.00
13552
	
1326
0.00
13553
	
1331
0.00
13577
	
1328
0.00
13578
	
1330
0.00
13602
	
1328
0.00
13603
	
1328
0.00
13628
	
1324
0.00
13629
	
1328
0.00
13653
	
1328
0.00
13654
	
1328
0.00
13678
	
1321
0.00
13679
	
1328
0.00
13826
	
1328
0.00
13827
	
1333
0.00
13854
	
1333
0.00
13855
	
1334
5.07
13879
	
1330
5.07
13880
	
1331
15.66
13904
	
1328
15.66
13905
	
1327
16.11
13930
	
1328
16.11
13931
	
1328
16.22
13955
	
1333
16.22
14079
	
1333
16.15
14103
	
1329
16.15
14105
	
1327
16.03
14128
	
1333
16.03
14129
	
1327
12.24
14153
	
1333
12.24
14154
	
1326
2.04
14178
	
1330
2.04
14179
	
1327
1.18
14203
	
1326
1.18
14204
	
1328
0.29
14351
	
1329
0.29
14352
	
1328
0.00
14376
	
1328
0.00
14377
	
1328
0.00
14402
	
1328
0.00
14403
	
1328
0.00
14427
	
1328
0.00
14428
	
1328
0.00
14452
	
1331
0.00
14453
	
1330
0.00
14477
	
1328
0.00
14478
	
1326
0.00
14625
	
1328
0.00
14626
	
1328
0.00
14650
	
1329
0.00
14651
	
1328
0.00
14675
	
1332
0.00
14676
	
1328
0.00
14700
	
1328
0.00
14701
	
1328
0.00
14726
	
1328
0.00
14727
	
1332
0.00
14751
	
1328
0.00
14752
	
1328
0.00
14899
	
1330
0.00
14900
	
1328
0.00
14927
	
1331
0.00
14928
	
1334
0.88
14952
	
1328
0.88
14953
	
1330
12.61
14977
	
1332
12.61
14978
	
1331
14.04
15002
	
1329
14.04
15003
	
1328
14.21
15028
	
1333
14.21
15152
	
1329
14.93
15175
	
1329
14.93
15177
	
1335
15.06
15201
	
1329
15.06
15202
	
1329
13.54
15226
	
1331
13.54
15227
	
1330
3.26
15251
	
1328
3.26
15252
	
1328
0.38
15276
	
1328
0.38
15277
	
1328
0.00
15424
	
1329
0.00
15425
	
1323
0.00
15449
	
1327
0.00
15450
	
1328
0.00
15474
	
1329
0.00
15475
	
1328
0.00
15499
	
1328
0.00
15500
	
1328
0.00
15525
	
1328
0.00
15526
	
1329
0.00
15550
	
1328
0.00
15551
	
1328
0.00
15698
	
1329
0.00
15699
	
1329
0.00
15723
	
1328
0.00
15724
	
1319
0.00
15748
	
1323
0.00
15749
	
1332
0.00
15773
	
1328
0.00
15774
	
1328
0.00
15798
	
1325
0.00
15799
	
1331
0.00
15823
	
1325
0.00
15824
	
1328
0.00
15971
	
1330
0.00
15972
	
1328
0.00
15996
	
1325
0.00
15997
	
1331
0.00
16022
	
1330
0.00
16023
	
1331
8.43
16047
	
1328
8.43
16048
	
1328
14.74
16072
	
1324
14.74
16073
	
1319
15.06
16097
	
1331
15.06
16221
	
1329
15.00
16245
	
1328
15.00
16246
	
1330
14.82
16270
	
1330
14.82
16271
	
1334
10.20
16295
	
1329
10.20
16296
	
1329
1.17
16320
	
1328
1.17
16321
	
1328
1.01
16346
	
1328
1.01
16347
	
1328
0.42
16493
	
1323
0.42
16494
	
1331
0.34
16519
	
1328
0.34
16520
	
1329
0.35
16544
	
1329
0.35
16545
	
1330
0.44
16569
	
1328
0.44
16570
	
1328
0.39
16594
	
1328
0.39
16595
	
1331
0.42
16619
	
1329
0.42
16620
	
1319
0.38
16767
	
1328
0.38
16768
	
1323
0.48
16792
	
1329
0.48
16793
	
1329
0.41
16817
	
1327
0.41
16818
	
1328
0.48
16843
	
1327
0.48
16844
	
1328
0.41
16868
	
1331
0.41
16869
	
1328
0.54
16893
	
1324
0.54
16894
	
1328
0.32
17041
	
1331
0.32
17042
	
1326
0.42
17069
	
1332
0.42
17070
	
1339
3.59
17094
	
1330
3.59
17095
	
1328
15.06
17119
	
1329
15.06
17120
	
1328
15.63
17145
	
1328
15.63
17146
	
1330
15.95
17170
	
1329
15.95
17294
	
1326
16.11
17318
	
1327
16.11
17319
	
1328
16.11
17343
	
1331
16.11
17344
	
1328
13.82
17368
	
1326
13.82
17369
	
1331
3.51
17393
	
1330
3.51
17394
	
1328
1.76
17418
	
1331
1.76
17419
	
1330
1.18
17566
	
1329
1.18
17567
	
1326
1.36
17591
	
1328
1.36
17592
	
1325
1.34
17616
	
1327
1.34
17617
	
1328
1.30
17642
	
1328
1.30
17643
	
1328
1.37
17667
	
1328
1.37
17668
	
1328
1.41
17692
	
1328
1.41
17693
	
1331
1.17
17840
	
1328
1.17
17841
	
1328
1.20
17865
	
1328
1.20
17866
	
1328
1.09
17890
	
1329
1.09
17891
	
1330
0.95
17915
	
1330
0.95
17916
	
1329
0.83
17940
	
1328
0.83
17941
	
1328
0.90
17966
	
1326
0.90
17967
	
1328
0.71
18113
	
1333
0.71
18114
	
1331
0.83
18139
	
1328
0.83
18140
	
1329
1.39
18164
	
1333
1.39
18165
	
1331
11.52
18189
	
1328
11.52
18190
	
1330
15.63
18214
	
1331
15.63
18215
	
1329
15.55
18239
	
1333
15.55
18363
	
1330
15.43
18387
	
1330
15.43
18389
	
1334
15.43
18412
	
1330
15.43
18413
	
1332
9.38
18437
	
1329
9.38
18438
	
1328
1.52
18463
	
1328
1.52
18464
	
1328
1.21
18488
	
1331
1.21
18489
	
1332
1.09
18636
	
1329
1.09
18637
	
1322
1.11
18661
	
1331
1.11
18662
	
1328
0.97
18686
	
1329
0.97
18687
	
1328
0.78
18711
	
1329
0.78
18712
	
1331
0.59
18736
	
1331
0.59
18737
	
1329
0.40
18761
	
1330
0.40
18762
	
1327
0.19
18909
	
1328
0.19
18910
	
1327
0.14
18934
	
1328
0.14
18935
	
1330
0.11
18960
	
1328
0.11
18961
	
1328
0.10
18985
	
1321
0.10
18986
	
1329
0.08
19010
	
1335
0.08
19011
	
1329
0.00
19035
	
1328
0.00
19036
	
1328
0.07
19183
	
1329
0.07
19184
	
1326
0.02
19208
	
1331
0.02
19209
	
1332
2.74
19233
	
1329
2.74
19234
	
1328
14.35
19258
	
1331
14.35
19259
	
1328
15.61
19284
	
1327
15.61
19285
	
1329
15.64
19309
	
1328
15.64
19433
	
1338
15.85
19457
	
1331
15.85
19458
	
1335
15.75
19482
	
1331
15.75
19483
	
1329
13.80
19507
	
1330
13.80
19508
	
1328
3.07
19532
	
1331
3.07
19533
	
1323
0.58
19557
	
1329
0.58
19558
	
1328
0.00
19705
	
1329
0.00
19706
	
1334
0.00
19730
	
1329
0.00
19731
	
1328
0.00
19755
	
1328
0.00
19756
	
1329
0.00
19781
	
1331
0.00
19782
	
1334
0.00
19806
	
1328
0.00
19807
	
1329
0.00
19831
	
1328
0.00
19832
	
1327
0.00
19979
	
1318
0.00
19980
	
1330
0.00
20004
	
1328
0.00
20005
	
1328
0.00
20029
	
1328
0.00
20030
	
1327
0.00
20054
	
1329
0.00
20055
	
1329
0.00
20079
	
1328
0.00
20080
	
1328
0.00
20105
	
1328
0.00
20106
	
1328
0.00
20253
	
1327
0.00
20254
	
1328
0.00
20281
	
1328
0.00
20282
	
1328
0.61
20306
	
1329
0.61
20307
	
1333
10.99
20331
	
1333
10.99
20332
	
1329
14.95
20356
	
1330
14.95
20357
	
1330
15.08
20381
	
1331
15.08
20505
	
1332
15.10
20529
	
1329
15.10
20530
	
1330
14.76
20555
	
1333
14.76
20556
	
1329
8.04
20580
	
1328
8.04
20581
	
1329
0.41
20605
	
1328
0.41
20606
	
1329
0.47
20630
	
1330
0.47
20631
	
1329
0.05
20778
	
1328
0.05
20779
	
1323
0.00
20803
	
1328
0.00
20804
	
1329
0.00
20828
	
1328
0.00
20829
	
1323
0.00
20853
	
1328
0.00
20854
	
1328
0.00
20879
	
1328
0.00
20880
	
1333
0.00
20904
	
1328
0.00
20905
	
1331
0.00
21052
	
1330
0.00
21053
	
1327
0.00
21077
	
1328
0.00
21078
	
1328
0.00
21102
	
1329
0.00
21103
	
1327
0.00
21127
	
1328
0.00
21128
	
1328
0.00
21152
	
1325
0.00
21153
	
1326
0.00
21177
	
1321
0.00
21178
	
1328
0.00
21325
	
1328
0.00
21326
	
1331
0.00
21350
	
1339
0.00
21351
	
1335
3.09
21376
	
1329
3.09
21377
	
1329
14.35
21401
	
1332
14.35
21402
	
1323
14.97
21426
	
1330
14.97
21427
	
1328
15.06
21451
	
1329
15.06
21575
	
1331
15.08
21599
	
1331
15.08
21600
	
1333
15.09
21624
	
1329
15.09
21625
	
1328
12.49
21649
	
1328
12.49
21650
	
1329
2.22
21674
	
1328
2.22
21675
	
1329
0.46
21700
	
1334
0.46
21701
	
1326
0.16
21847
	
1328
0.16
21848
	
1329
0.12
21873
	
1328
0.12
21874
	
1323
0.00
21898
	
1329
0.00
21899
	
1328
0.00
21923
	
1329
0.00
21924
	
1328
0.00
21948
	
1328
0.00
21949
	
1334
0.00
21973
	
1328
0.00
21974
	
1328
0.00
22121
	
1328
0.00
22122
	
1328
0.00
22146
	
1326
0.00
22147
	
1328
0.00
22172
	
1323
0.00
22173
	
1329
0.00
22197
	
1328
0.00
22198
	
1328
0.00
22222
	
1331
0.00
22223
	
1327
0.00
22247
	
1328
0.00
22248
	
1328
0.00
22395
	
1328
0.00
22396
	
1328
0.00
22423
	
1328
0.00
22424
	
1330
0.00
22448
	
1328
0.00
22449
	
1334
7.69
22474
	
1331
7.69
22475
	
1333
8.34
22499
	
1329
8.34
22500
	
1330
5.36
22524
	
1331
5.36
22525
	
1329
0.00
22672
	
1328
0.00
22673
	
1333
0.00
22697
	
1328
0.00
22698
	
1322
0.00
22722
	
1329
0.00
22723
	
1333
0.00
22747
	
1325
0.00
22748
	
1328
0.00
22773
	
1329
0.00
22774
	
1328
0.00
22798
	
1328
0.00
22799
	
1328
0.00
22946
	
1330
0.00
22947
	
1325
0.00
22971
	
1329
0.00
22972
	
1326
0.00
22996
	
1329
0.00
22997
	
1325
0.00
23021
	
1328
0.00
23022
	
1323
0.00
23046
	
1322
0.00
23047
	
1329
0.00
23071
	
1328
0.00
23072
	
1328
0.00
23219
	
1331
0.00
23220
	
1328
4.82
23244
	
1330
4.82
23245
	
1328
18.69
23270
	
1328
18.69
23271
	
1325
26.13
23295
	
1328
26.13
23296
	
1328
29.43
23320
	
1323
29.43
23321
	
1323
31.75
23345
	
1329
48.75
23490
	
1328
48.75
23491
	
1328
51.21
23515
	
1328
52.00
23540
	
1329
52.00
23541
	
1329
52.56
23565
	
1334
52.56
23566
	
1331
62.06
23591
	
1331
62.06
23592
	
1330
65.18
23616
	
1334
65.18
23617
	
1328
62.48
23641
	
1331
44.70
23786
	
1331
44.70
23787
	
1331
42.81
23811
	
1328
42.81
23812
	
1329
36.81
23836
	
1328
36.81
23837
	
1328
26.82
23861
	
1322
26.82
23862
	
1328
24.98
23886
	
1328
24.98
23887
	
1328
19.08
24034
	
1328
19.08
24035
	
1329
18.10
24059
	
1328
18.10
24060
	
1328
17.10
24085
	
1329
17.10
24086
	
1323
16.22
24110
	
1328
16.22
24111
	
1328
15.70
24135
	
1328
15.70
24136
	
1327
14.40
24283
	
1328
14.40
24284
	
1331
13.27
24308
	
1328
13.27
24309
	
1330
10.95
24333
	
1328
10.95
24334
	
1329
7.68
24358
	
1328
7.68
24359
	
1329
3.80
24383
	
1328
3.80
24384
	
1329
0.00
24409
	
1328
0.00
24533
	
1328
0.00
24557
	
1328
0.00
24558
	
1326
0.00
24585
	
1328
0.00
24586
	
1330
0.00
24610
	
1329
0.00
24611
	
1328
0.00
24635
	
1331
0.00
24636
	
1331
0.00
24660
	
1334
0.00
24661
	
1328
0.00
24686
	
1328
0.00
24687
	
1330
0.00
24833
	
1330
0.00
24835
	
1333
0.00
24859
	
1329
0.00
24860
	
1329
0.00
24884
	
1328
0.00
24885
	
1331
0.00
24909
	
1328
0.00
24910
	
1331
0.00
24934
	
1328
0.00
24935
	
1330
0.00
24959
	
1331
0.00
25083
	
1328
0.00
25107
	
1319
0.00
25108
	
1328
0.00
25132
	
1328
0.00
25133
	
1328
0.00
25158
	
1328
0.00
25159
	
1328
0.00
25183
	
1328
0.00
25184
	
1329
0.00
25208
	
1331
0.00
25209
	
1328
0.00
25233
	
1328
0.00
25357
	
1328
0.00
25381
	
1325
0.00
25382
	
1326
0.00
25406
	
1319
0.00
25407
	
1328
0.00
25431
	
1329
0.00
25432
	
1329
0.00
25456
	
1328
0.00
25457
	
1328
0.00
25482
	
1328
0.00
25483
	
1329
0.00
25507
	
1328
0.00
25631
	
1328
4.81
25655
	
1329
4.81
25656
	
1328
5.38
25683
	
1328
5.38
25684
	
1329
6.22
25708
	
1329
6.22
25709
	
1331
16.00
25733
	
1335
16.00
25734
	
1327
18.23
25758
	
1329
18.23
25759
	
1328
20.26
25906
	
1332
20.26
25907
	
1327
21.43
25931
	
1330
21.43
25932
	
1331
17.22
25957
	
1328
17.22
25958
	
1329
9.60
25982
	
1328
9.60
25983
	
1328
9.63
26007
	
1328
9.63
26008
	
1328
9.43
26032
	
1332
9.43
26156
	
1328
6.91
26180
	
1328
6.91
26181
	
1328
5.84
26205
	
1329
5.84
26206
	
1325
4.63
26230
	
1328
4.63
26231
	
1329
3.36
26256
	
1328
3.36
26257
	
1328
2.19
26281
	
1326
2.19
26282
	
1330
1.00
26306
	
1328
1.00
26430
	
1328
0.00
26454
	
1329
0.00
26455
	
1328
0.00
26479
	
1328
0.00
26480
	
1328
0.00
26504
	
1328
0.00
26505
	
1325
0.00
26529
	
1328
0.00
26530
	
1326
0.00
26554
	
1325
0.00
26555
	
1329
0.00
26580
	
1328
0.00
26704
	
1330
0.00
26728
	
1328
0.00
26729
	
1328
0.00
26756
	
1329
0.00
26757
	
1325
4.31
26781
	
1330
4.31
26782
	
1329
11.66
26806
	
1328
11.66
26807
	
1328
11.27
26831
	
1332
11.27
26832
	
1328
11.13
26979
	
1329
11.13
26980
	
1332
11.50
27004
	
1330
11.50
27005
	
1331
9.33
27030
	
1333
9.33
27031
	
1329
0.00
27055
	
1329
0.00
27056
	
1327
0.00
27080
	
1329
0.00
27081
	
1325
0.00
27105
	
1328
0.00
27106
	
1330
0.00
27253
	
1327
0.00
27254
	
1330
0.00
27278
	
1328
0.00
27279
	
1326
0.00
27303
	
1328
0.00
27304
	
1329
0.00
27328
	
1328
0.00
27329
	
1334
0.00
27354
	
1329
0.00
27355
	
1329
0.00
27379
	
1328
0.00
27503
	
1328
0.00
27527
	
1325
0.00
27528
	
1327
0.00
27552
	
1328
0.00
27553
	
1328
0.00
27577
	
1332
0.00
27578
	
1328
0.00
27602
	
1328
0.00
27603
	
1328
0.00
27627
	
1329
0.00
27628
	
1329
0.00
27652
	
1328
0.00
27776
	
1326
0.00
27800
	
1323
0.00
27801
	
1329
0.00
27826
	
1328
0.00
27827
	
1340
0.93
27851
	
1328
0.93
27852
	
1329
12.43
27876
	
1328
12.43
27877
	
1341
13.97
27901
	
1331
13.97
27902
	
1329
14.47
28049
	
1328
14.47
28050
	
1329
14.14
28074
	
1333
14.14
28075
	
1327
7.83
28099
	
1328
7.83
28100
	
1329
0.93
28124
	
1322
0.93
28125
	
1328
0.92
28150
	
1328
0.92
28151
	
1328
0.80
28175
	
1328
0.80
28176
	
1324
1.11
28323
	
1329
1.11
28324
	
1328
1.19
28348
	
1330
1.19
28349
	
1328
1.32
28373
	
1330
1.32
28374
	
1328
1.41
28398
	
1326
1.41
28399
	
1321
1.55
28423
	
1327
1.55
28424
	
1328
1.48
28448
	
1329
1.48
28572
	
1329
1.89
28596
	
1329
1.89
28597
	
1329
1.92
28621
	
1328
1.92
28622
	
1329
1.95
28647
	
1328
1.95
28648
	
1328
1.75
28672
	
1329
1.75
28673
	
1328
1.61
28697
	
1328
1.61
28698
	
1322
1.49
28722
	
1328
1.49
28846
	
1329
1.59
28870
	
1328
1.59
28871
	
1328
1.67
28898
	
1328
1.67
28899
	
1328
2.26
28923
	
1334
2.26
28924
	
1336
11.82
28949
	
1329
11.82
28950
	
1328
15.94
28974
	
1328
15.94
28975
	
1333
15.76
28999
	
1328
15.74
29144
	
1328
15.74
29145
	
1333
15.86
29169
	
1329
15.86
29170
	
1329
11.75
29194
	
1329
11.75
29195
	
1331
3.29
29219
	
1330
3.29
29220
	
1328
2.91
29244
	
1328
2.91
29245
	
1328
3.04
29269
	
1329
3.04
29393
	
1328
2.58
29417
	
1328
2.58
29418
	
1329
2.39
29443
	
1329
2.39
29444
	
1330
2.22
29468
	
1323
2.22
29469
	
1328
2.15
29493
	
1331
2.15
29494
	
1328
2.24
29518
	
1329
2.24
29519
	
1329
2.23
29543
	
1327
2.23
29667
	
1334
1.61
29691
	
1328
1.61
29692
	
1328
1.60
29716
	
1329
1.60
29717
	
1322
1.60
29741
	
1323
1.60
29742
	
1329
1.51
29767
	
1327
1.51
29768
	
1328
1.49
29792
	
1328
1.49
29793
	
1328
1.44
29817
	
1328
1.44
29941
	
1325
0.73
29965
	
1328
0.73
29966
	
1327
0.90
29993
	
1330
0.90
29994
	
1328
5.41
30018
	
1335
5.41
30019
	
1339
14.07
30043
	
1330
14.07
30044
	
1330
14.19
30069
	
1328
14.19
30070
	
1328
14.31
30216
	
1328
14.31
30217
	
1330
14.32
30242
	
1329
14.32
30243
	
1327
12.72
30267
	
1331
12.72
30268
	
1328
2.87
30292
	
1331
2.87
30293
	
1325
1.30
30317
	
1328
1.30
30318
	
1323
1.34
30342
	
1324
1.34
30466
	
1335
0.81
30490
	
1328
0.81
30491
	
1328
0.83
30515
	
1329
0.83
30516
	
1327
0.86
30541
	
1329
0.86
30542
	
1328
0.83
30566
	
1327
0.83
30567
	
1312
0.74
30591
	
1328
0.74
30592
	
1328
0.95
30616
	
1328
0.95
30740
	
1328
1.18
30764
	
1328
1.18
30765
	
1329
1.35
30789
	
1328
1.35
30790
	
1329
1.51
30814
	
1328
1.51
30815
	
1330
1.61
30839
	
1328
1.61
30840
	
1333
1.68
30865
	
1328
1.68
30866
	
1328
1.76
30890
	
1328
1.76
31014
	
1328
1.99
31038
	
1330
1.99
31039
	
1328
1.98
31066
	
1329
1.98
31067
	
1329
4.07
31091
	
1328
4.07
31092
	
1329
15.46
31116
	
1329
15.46
31117
	
1331
16.30
31141
	
1328
16.30
31142
	
1326
16.68
31289
	
1329
16.68
31290
	
1329
16.78
31314
	
1334
16.78
31315
	
1331
10.95
31340
	
1332
10.95
31341
	
1329
3.86
31365
	
1331
3.86
31366
	
1329
3.82
31390
	
1328
3.82
31391
	
1328
3.89
31415
	
1328
3.89
31539
	
1326
2.79
31563
	
1328
2.79
31564
	
1331
2.44
31588
	
1328
2.44
31589
	
1328
2.12
31613
	
1328
2.12
31614
	
1328
2.80
31638
	
1328
2.80
31639
	
1328
3.09
31664
	
1329
3.09
31665
	
1329
3.34
31689
	
1329
3.34
31813
	
1325
4.03
31837
	
1333
4.03
31838
	
1329
4.11
31862
	
1322
4.11
31863
	
1328
4.43
31887
	
1328
4.43
31888
	
1328
5.28
31912
	
1318
5.28
31913
	
1328
6.31
31937
	
1330
6.31
31938
	
1332
6.22
31963
	
1329
6.22
32087
	
1330
7.53
32110
	
1329
7.53
32111
	
1322
7.17
32136
	
1328
7.17
32137
	
1321
7.27
32161
	
1330
7.27
32162
	
1328
15.57
32186
	
1328
15.57
32187
	
1328
20.24
32211
	
1332
20.24
32212
	
1328
17.62
32359
	
1327
17.62
32360
	
1333
17.90
32384
	
1322
17.90
32385
	
1329
15.62
32409
	
1328
15.62
32410
	
1328
6.23
32434
	
1333
6.23
32435
	
1328
4.63
32460
	
1328
4.63
32461
	
1329
5.09
32485
	
1328
5.09
32609
	
1334
5.52
32633
	
1328
5.52
32634
	
1329
6.11
32658
	
1328
6.11
32659
	
1328
7.23
32683
	
1328
7.23
32684
	
1327
7.96
32708
	
1328
7.96
32709
	
1330
8.44
32733
	
1328
8.44
32734
	
1329
8.84
32758
	
1328
8.84
32882
	
1328
10.73
32906
	
1327
10.73
32907
	
1333
11.51
32931
	
1328
11.51
32932
	
1327
12.12
32957
	
1331
12.12
32958
	
1329
12.03
32982
	
1329
12.03
32983
	
1329
10.91
33007
	
1329
10.91
33008
	
1321
0.00
33155
	
1327
0.00
33156
	
1328
0.00
33183
	
1328
0.00
33184
	
1328
0.00
33208
	
1335
0.00
33209
	
1331
5.16
33233
	
1328
5.16
33234
	
1333
7.65
33259
	
1328
7.65
33260
	
1329
8.13
33284
	
1328
8.13
33285
	
1328
8.59
33432
	
1328
8.59
33433
	
1334
7.84
33457
	
1330
7.84
33458
	
1325
5.68
33482
	
1328
5.68
33483
	
1327
0.00
33507
	
1330
0.00
33508
	
1328
0.00
33532
	
1331
0.00
33533
	
1328
0.00
33557
	
1327
0.00
33558
	
1328
0.00
33705
	
1328
0.00
33706
	
1328
0.00
33730
	
1327
0.00
33731
	
1328
0.00
33756
	
1327
0.00
33757
	
1328
0.00
33781
	
1328
0.00
33782
	
1329
0.00
33806
	
1328
0.00
33807
	
1328
0.00
33831
	
1328
0.00
33832
	
1328
0.00
33979
	
1329
0.00
33980
	
1331
0.00
34004
	
1328
0.00
34005
	
1328
0.00
34029
	
1329
0.00
34030
	
1329
0.00
34054
	
1325
0.00
34055
	
1327
0.00
34080
	
1327
0.00
34081
	
1328
0.00
34105
	
1328
0.00
34106
	
1328
0.00
34253
	
1328
0.00
34254
	
1328
0.00
34281
	
1328
0.00
34282
	
1328
0.00
34306
	
1329
0.00
34307
	
1328
0.00
34331
	
1329
0.00
34332
	
1337
0.00
34356
	
1322
0.00
34357
	
1329
0.00
34382
	
1329
0.00
34383
	
1329
1.51
34529
	
1328
1.51
34530
	
1328
1.59
34555
	
1329
1.59
34556
	
1327
0.00
34580
	
1329
0.00
34581
	
1318
0.00
34605
	
1321
0.00
34606
	
1324
0.00
34630
	
1328
0.00
34631
	
1329
0.00
34655
	
1325
0.00
34656
	
1326
0.00
34803
	
1328
0.00
34804
	
1328
0.00
34828
	
1328
0.00
34829
	
1332
0.00
34853
	
1328
0.00
34854
	
1328
0.00
34879
	
1328
0.00
34880
	
1324
0.00
34904
	
1325
0.00
34905
	
1328
0.00
34929
	
1323
0.00
34930
	
1330
0.00
35077
	
1328
0.00
35078
	
1329
0.00
35102
	
1328
0.00
35103
	
1329
0.00
35127
	
1328
0.00
35128
	
1328
0.00
35152
	
1328
0.00
35153
	
1330
0.00
35177
	
1330
0.00
35178
	
1332
0.00
35203
	
1328
0.00
35327
	
1328
0.00
35350
	
1322
0.00
35351
	
1333
0.00
35376
	
1328
0.00
35377
	
1328
0.00
35401
	
1329
0.00
35402
	
1331
0.00
35426
	
1328
0.00
35427
	
1329
4.90
35451
	
1328
4.90
35452
	
1326
5.07
35476
	
1333
5.07
35600
	
1325
4.37
35624
	
1329
4.37
35625
	
1326
4.01
35649
	
1328
4.01
35650
	
1335
0.00
35674
	
1329
0.00
35675
	
1328
0.00
35700
	
1328
0.00
35701
	
1328
0.00
35725
	
1327
0.00
35726
	
1327
0.00
35750
	
1326
0.00
35874
	
1328
0.00
35898
	
1327
0.00
35899
	
1328
0.00
35923
	
1321
0.00
35924
	
1327
0.00
35948
	
1328
0.00
35949
	
1329
0.00
35973
	
1325
0.00
35974
	
1329
0.00
35998
	
1327
0.00
35999
	
1328
0.00
36146
	
1328
0.00
36147
	
1328
0.00
36171
	
1327
0.00
36172
	
1328
0.00
36197
	
1328
0.00
36198
	
1323
0.00
36222
	
1328
0.00
36223
	
1322
0.00
36247
	
1319
0.00
36248
	
1323
0.00
36272
	
1328
0.00
36273
	
1328
0.00
36420
	
1328
0.00
36421
	
1328
0.00
36448
	
1334
0.00
36449
	
1327
0.00
36473
	
1329
0.00
36474
	
1329
0.00
36498
	
1328
0.00
36499
	
1328
0.00
36524
	
1328
0.00
36525
	
1328
0.00
36549
	
1328
0.00
36550
	
1331
2.83
36697
	
1338
2.83
36698
	
1330
3.63
36722
	
1328
3.63
36723
	
1329
2.03
36747
	
1328
2.03
36748
	
1328
0.00
36772
	
1328
0.00
36773
	
1316
0.00
36797
	
1323
0.00
36798
	
1328
0.00
36822
	
1327
0.00
36823
	
1330
0.00
36970
	
1328
0.00
36971
	
1328
0.00
36995
	
1329
0.00
36996
	
1334
0.00
37021
	
1328
0.00
37022
	
1328
0.00
37046
	
1328
0.00
37047
	
1328
0.00
37071
	
1328
0.00
37072
	
1325
0.00
37096
	
1330
0.00
37097
	
1328
0.00
37244
	
1328
0.00
37245
	
1328
0.00
37269
	
1328
0.00
37270
	
1328
0.00
37294
	
1329
0.00
37295
	
1328
0.00
37320
	
1329
0.00
37321
	
1328
0.00
37345
	
1328
0.00
37346
	
1328
0.00
37370
	
1328
0.00
37371
	
1319
0.00
37518
	
1326
0.00
37519
	
1328
0.00
37546
	
1328
0.00
37547
	
1330
0.00
37571
	
1331
0.00
37572
	
1328
2.14
37596
	
1329
2.14
37597
	
1335
3.79
37621
	
1328
3.79
37622
	
1328
4.06
37647
	
1328
4.06
37648
	
1330
4.70
37794
	
1327
4.70
37795
	
1328
4.93
37820
	
1329
4.93
37821
	
1333
4.11
37845
	
1331
4.11
37846
	
1330
0.00
37870
	
1328
0.00
37871
	
1329
0.00
37895
	
1329
0.00
37896
	
1328
0.00
37920
	
1328
0.00
37921
	
1329
0.00
38068
	
1329
0.00
38069
	
1329
0.00
38093
	
1325
0.00
38094
	
1328
0.00
38119
	
1328
0.00
38120
	
1328
0.00
38144
	
1327
0.00
38145
	
1328
0.00
38169
	
1333
0.00
38170
	
1329
0.00
38194
	
1328
0.00
38195
	
1327
0.00
38342
	
1328
0.00
38343
	
1327
0.00
38367
	
1319
0.00
38368
	
1322
0.00
38392
	
1328
0.00
38393
	
1328
0.00
38417
	
1328
0.00
38418
	
1328
0.00
38442
	
1329
0.00
38443
	
1328
0.00
38468
	
1328
0.00
38592
	
1324
0.00
38615
	
1328
0.00
38616
	
1328
0.00
38641
	
1328
0.00
38642
	
1331
0.00
38666
	
1325
0.00
38667
	
1325
0.55
38691
	
1331
0.55
38692
	
1330
3.08
38716
	
1328
3.08
38717
	
1328
3.28
38741
	
1337
3.28
38865
	
1329
3.42
38889
	
1329
3.42
38890
	
1328
3.36
38914
	
1329
3.36
38915
	
1328
0.00
38939
	
1331
0.00
38940
	
1330
0.00
38965
	
1326
0.00
38966
	
1328
0.00
38990
	
1319
0.00
38991
	
1327
0.00
39015
	
1319
0.00
39139
	
1328
0.00
39163
	
1329
0.00
39164
	
1328
0.00
39188
	
1328
0.00
39189
	
1329
0.00
39213
	
1328
0.00
39214
	
1325
0.00
39238
	
1328
0.00
39239
	
1326
0.00
39263
	
1333
0.00
39264
	
1333
0.00
39411
	
1327
0.00
39412
	
1331
0.00
39436
	
1328
0.00
39437
	
1328
0.00
39462
	
1328
0.00
39463
	
1328
0.00
39487
	
1328
0.00
39488
	
1328
0.00
39512
	
1331
0.00
39513
	
1329
0.00
39537
	
1331
0.00
40546
	
1330
0.00
40547
	
1323
0.00
40551
	
1328
0.00
40553
	
1331
0.00
40554
	
1330
0.00
40556
	
1328
0.00
40580
	
1331
0.00
40704
	
1331
12.93
40728
	
1328
12.93
40729
	
1332
13.22
40753
	
1335
13.22
40754
	
1330
13.28
40778
	
1330
13.28
40779
	
1338
9.22
40803
	
1331
9.22
40804
	
1330
0.00
40829
	
1328
0.00
40830
	
1329
0.00
40976
	
