=~=~=~=~=~=~=~=~=~=~=~= PuTTY log 2024.12.01 13:16:01 =~=~=~=~=~=~=~=~=~=~=~=
1331
0.00
203898
	
1327
0.00
203922
	
1326
0.00
203923
	
1327
0.00
203947
	
1328
0.00
203948
	
1327
0.00
203973
	
1326
0.00
203974
	
1317
0.00
203998
	
1319
0.00
203999
	
1329
0.00
204146
	
1324
0.00
204147
	
1326
0.00
204171
	
1327
0.00
204172
	
1326
0.00
204196
	
1326
0.00
204197
	
1325
0.00
204221
	
1328
0.00
204222
	
1327
0.00
204246
	
1327
0.00
204247
	
1327
0.00
204394
	
1319
0.00
204395
	
1316
0.00
204419
	
1328
0.00
204420
	
1318
0.00
204444
	
1323
0.00
204445
	
1327
0.00
204470
	
1322
0.00
204471
	
1326
0.00
204495
	
1326
0.00
204496
	
1323
0.00
204642
	
1321
0.00
204668
	
1362
0.00
204669
	
1349
22.64
204693
	
1370
22.64
204694
	
1372
67.47
204718
	
1392
67.47
204719
	
1397
106.40
204743
	
1383
106.40
204744
	
1394
114.59
204768
	
1407
114.59
204769
	
1328
0.00
204916
	
1327
0.00
204917
	
1327
0.00
204941
	
1329
0.00
204942
	
1325
0.00
204966
	
1327
0.00
204967
	
1327
0.00
204992
	
1319
0.00
204993
	
1330
0.00
205017
	
1317
0.00
205018
	
1312
0.00
205165
	
1326
0.00
205166
	
1327
0.00
205190
	
1326
0.00
205191
	
1328
0.00
205215
	
1327
0.00
205216
	
1328
0.00
205240
	
1323
0.00
205241
	
1323
0.00
205265
	
1325
0.00
205266
	
1326
0.00
205413
	
1326
0.00
205414
	
1325
0.00
205438
	
1317
0.00
205439
	
1321
0.00
205463
	
1326
0.00
205464
	
1328
0.00
205489
	
1328
0.00
205490
	
1323
0.00
205514
	
1326
0.00
205515
	
1328
0.00
205662
	
1326
0.00
205663
	
1320
0.00
205687
	
1322
0.00
205712
	
1335
0.00
205713
	
1363
31.59
205737
	
1361
31.59
205738
	
1381
71.42
205762
	
1394
71.42
205763
	
1399
123.43
205787
	
1398
123.43
205788
	
1405
159.68
205935
	
1406
159.68
205936
	
1398
159.99
205960
	
1393
159.99
205961
	
1395
143.08
205986
	
1392
143.08
205987
	
1397
29.62
206011
	
1341
29.62
206012
	
1341
1.30
206036
	
1331
1.30
206037
	
1327
0.00
206184
	
1326
0.00
206185
	
1327
0.00
206209
	
1325
0.00
206210
	
1328
0.00
206234
	
1326
0.00
206235
	
1325
0.00
206259
	
1327
0.00
206260
	
1323
0.00
206284
	
1328
0.00
206285
	
1313
0.00
206432
	
1318
0.00
206433
	
1325
0.00
206457
	
1326
0.00
206458
	
1321
0.00
206482
	
1325
0.00
206483
	
1325
0.00
206508
	
1326
0.00
206509
	
1328
0.00
206533
	
1325
0.00
206534
	
1325
0.00
206681
	
1322
0.00
206682
	
1326
0.00
206706
	
1319
0.00
206707
	
1321
0.00
206731
	
1326
0.00
206756
	
1385
0.00
206757
	
1374
41.47
206781
	
1393
41.47
206782
	
1395
78.06
206806
	
1399
78.06
206807
	
1403
168.02
206954
	
1399
168.02
206955
	
1397
168.36
206979
	
1392
168.36
206980
	
1392
154.70
207005
	
1391
154.70
207006
	
1399
38.54
207030
	
1357
38.54
207031
	
1343
3.03
207055
	
1328
3.03
207056
	
1327
0.00
207203
	
1328
0.00
207204
	
1323
0.00
207228
	
1327
0.00
207229
	
1328
0.00
207253
	
1327
0.00
207254
	
1324
0.00
207278
	
1326
0.00
207279
	
1325
0.00
207303
	
1325
0.00
207304
	
1327
0.00
207451
	
1326
0.00
207452
	
1326
0.00
207476
	
1328
0.00
207477
	
1328
0.00
207501
	
1327
0.00
207502
	
1321
0.00
207527
	
1325
0.00
207528
	
1326
0.00
207552
	
1327
0.00
207553
	
1327
0.00
207700
	
1317
0.00
207701
	
1312
0.00
207725
	
1327
0.00
207726
	
1318
0.00
207750
	
1319
0.00
207751
	
1327
0.00
207775
	
1325
0.00
207800
	
1339
0.00
207801
	
1335
8.37
207825
	
1394
8.37
207826
	
1371
169.82
207973
	
1404
169.82
207974
	
1398
170.50
207998
	
1397
170.50
207999
	
1383
157.84
208024
	
1392
157.84
208025
	
1392
39.70
208049
	
1362
39.70
208050
	
1350
3.07
208074
	
1330
3.07
208075
	
1327
0.00
208222
	
1326
0.00
208223
	
1328
0.00
208247
	
1318
0.00
208248
	
1325
0.00
208272
	
1325
0.00
208273
	
1327
0.00
208297
	
1327
0.00
208298
	
1319
0.00
208322
	
1327
0.00
208323
	
1323
0.00
208470
	
1326
0.00
208471
	
1325
0.00
208495
	
1326
0.00
208496
	
1326
0.00
208521
	
1321
0.00
208522
	
1327
0.00
208546
	
1323
0.00
208547
	
1325
0.00
208571
	
1325
0.00
208572
	
1322
0.00
208719
	
1315
0.00
208720
	
1319
0.00
208744
	
1312
0.00
208745
	
1325
0.00
208769
	
1321
0.00
208770
	
1327
0.00
208794
	
1317
0.00
208795
	
1317
0.00
208819
	
1322
0.00
208845
	
1349
0.00
208846
	
1378
17.51
208870
	
1371
172.01
209014
	
1410
172.01
209015
	
1398
172.65
209040
	
1393
172.65
209041
	
1392
157.45
209065
	
1405
157.45
209066
	
1399
37.31
209090
	
1349
37.31
209091
	
1343
3.03
209115
	
1337
3.03
209116
	
1327
0.00
209263
	
1326
0.00
209264
	
1326
0.00
209288
	
1326
0.00
209289
	
1328
0.00
209313
	
1327
0.00
209314
	
1328
0.00
209338
	
1327
0.00
209339
	
1325
0.00
209364
	
1328
0.00
209365
	
1328
0.00
209511
	
1318
0.00
209512
	
1328
0.00
209537
	
1325
0.00
209538
	
1325
0.12
209562
	
1325
0.12
209563
	
1327
0.12
209587
	
1329
0.12
209588
	
1327
0.13
209612
	
1326
0.13
209613
	
1328
0.26
209760
	
1329
0.26
209761
	
1323
0.24
209785
	
1320
0.24
209786
	
1319
0.28
209810
	
1325
0.28
209811
	
1325
0.30
209835
	
1322
0.30
209836
	
1324
0.26
209861
	
1328
0.37
209886
	
1351
0.37
209887
	
1360
20.35
209911
	
