=~=~=~=~=~=~=~=~=~=~=~= PuTTY log 2024.11.29 13:23:54 =~=~=~=~=~=~=~=~=~=~=~=
386
14036.50
	
367
14036.50
	
239
14023.38
	
254
14023.38
	
133
14043.05
	
267
14043.05
	
857
14083.96
	
387
14083.96
	
260
14084.70
	
259
14084.70
	
122
14137.83
	
212
14137.83
	
120
14213.49
	
271
14213.49
	
208
14166.64
	
320
14166.64
	
198
14155.62
	
251
14155.62
	
112
14155.40
	
190
14155.40
	
100
14155.12
	
303
14155.12
	
238
14154.95
	
361
14154.95
	
223
14163.74
	
239
14163.74
	
748
14156.69
	
314
14156.69
	
250
14156.00
	
347
14156.00
	
240
14155.53
	
285
14155.53
	
130
14155.40
	
175
14155.40
	
220
14154.78
	
226
14154.78
	
181
14154.74
	
337
14154.74
	
222
14154.73
	
272
14154.73
	
110
14163.41
	
179
14163.41
	
80
14201.97
	
247
14201.97
	
207
14262.45
	
331
14262.45
	
779
14283.52
	
241
14283.52
	
131
14277.69
	
192
14277.69
	
151
14295.29
	
332
14295.29
	
240
14239.02
	
302
14239.02
	
145
14209.42
	
170
14209.42
	
214
14251.05
	
217
14251.05
	
176
14290.14
	
336
14290.14
	
232
14313.86
	
291
14313.86
	
142
14336.30
	
176
14336.30
	
218
14353.28
	
258
14353.28
	
864
14368.60
	
385
14368.60
	
240
14383.11
	
199
14383.11
	
90
14377.28
	
203
14377.28
	
155
14371.01
	
326
14371.01
	
241
14370.55
	
319
14370.55
	
181
14381.14
	
194
14381.14
	
87
14391.73
	
189
14391.73
	
145
14403.37
	
318
14403.37
	
237
14413.39
	
304
14413.39
	
159
14436.36
	
176
14436.36
	
449
14527.67
	
336
14527.67
	
272
14521.87
	
341
14521.87
	
208
14521.48
	
233
14521.48
	
89
14539.33
	
176
14539.33
	
130
14568.68
	
293
14568.68
	
240
14572.74
	
341
14572.74
	
208
14568.44
	
206
14568.44
	
87
14564.99
	
192
14564.99
	
144
14560.53
	
310
14560.53
	
237
14558.37
	
318
14558.37
	
554
14585.00
	
343
14585.00
	
129
14587.54
	
242
14587.54
	
207
14619.04
	
327
14619.04
	
210
14761.29
	
269
14761.29
	
106
14775.22
	
189
14775.22
	
135
14791.27
	
283
14791.27
	
239
14781.07
	
337
14781.07
	
205
14775.57
	
249
14775.57
	
94
14778.62
	
181
14778.62
	
128
14773.69
	
282
14773.69
	
638
14522.20
	
371
14522.20
	
202
14533.98
	
187
14533.98
	
73
14548.60
	
271
14548.60
	
224
14555.80
	
368
14555.80
	
246
14556.80
	
284
14556.80
	
119
14566.00
	
279
14566.00
	
70
14581.82
	
240
14581.82
	
201
14586.18
	
339
14586.18
	
224
14588.51
	
245
14588.51
	
95
14595.05
	
161
14595.05
	
502
14647.85
	
389
14647.85
	
280
14653.31
	
307
14653.31
	
158
14658.90
	
180
14658.90
	
64
14663.73
	
214
14663.73
	
173
14666.71
	
336
14666.71
	
238
14674.37
	
304
14674.37
	
161
14679.85
	
281
14679.85
	
65
14680.89
	
238
14680.89
	
198
14678.82
	
339
14678.82
	
235
14678.96
	
284
14678.96
	
813
14695.51
	
238
14695.51
	
176
14691.82
	
293
14691.82
	
219
14744.91
	
314
14744.91
	
181
14951.66
	
194
14951.66
	
208
14971.64
	
209
14971.64
	
164
14985.11
	
330
14985.11
	
239
14975.41
	
307
14975.41
	
163
14968.01
	
178
14968.01
	
57
14965.63
	
204
14965.63
	
160
14961.12
	
326
14961.12
	
827
14637.52
	
290
14637.52
	
128
14653.48
	
172
14653.48
	
125
14651.17
	
316
14651.17
	
249
14647.26
	
321
14647.26
	
186
14648.75
	
202
14648.75
	
203
14650.30
	
192
14650.30
	
144
14649.54
	
313
14649.54
	
243
14648.16
	
321
14648.16
	
187
14649.60
	
179
14649.60
	
61
14655.00
	
204
14655.00
	
879
14684.67
	
402
14684.67
	
267
14689.71
	
250
14689.71
	
97
14694.85
	
175
14694.85
	
118
14698.35
	
274
14698.35
	
232
14705.13
	
336
14705.13
	
208
14708.49
	
269
14708.49
	
105
14705.77
	
182
14705.77
	
138
14703.21
	
304
14703.21
	
240
14705.94
	
336
14705.94
	
203
14711.31
	
213
14711.31
	
682
14737.19
	
298
14737.19
	
250
14739.90
	
347
14739.90
	
237
14824.89
	
291
14824.89
	
121
15031.63
	
165
15031.63
	
93
15054.53
	
287
15054.53
	
243
15049.76
	
336
15049.76
	
215
15033.87
	
256
15033.87
	
97
15032.81
	
164
15032.81
	
112
15032.64
	
256
15032.64
	
222
15025.74
	
355
15025.74
	
800
14664.74
	
349
14664.74
	
109
14670.57
	
240
14670.57
	
190
14680.12
	
361
14680.12
	
253
14687.11
	
304
14687.11
	
137
14692.51
	
178
14692.51
	
95
14699.80
	
237
14699.80
	
200
14702.94
	
340
14702.94
	
237
14705.78
	
304
14705.78
	
139
14705.55
	
181
14705.55
	
118
14708.83
	
255
14708.83
	
885
14713.08
	
374
14713.08
	
225
14718.30
	
300
14718.30
	
66
14726.19
	
211
14726.19
	
167
14730.07
	
335
14730.07
	
240
14728.55
	
318
14728.55
	
176
14726.55
	
297
14726.55
	
62
14726.51
	
208
14726.51
	
161
14729.52
	
353
14729.52
	
247
14729.72
	
301
14729.72
	
144
14730.41
	
163
14730.41
	
723
14739.01
	
359
14739.01
	
288
14738.83
	
316
14738.83
	
182
14856.51
	
208
14856.51
	
48
15073.64
	
206
15073.64
	
156
15105.67
	
310
15105.67
	
251
15101.36
	
317
15101.36
	
181
15086.53
	
300
15086.53
	
61
15074.80
	
194
15074.80
	
149
15076.43
	
331
15076.43
	
242
15080.31
	
304
15080.31
	
853
14653.86
	
207
14653.86
	
144
14537.35
	
279
14537.35
	
240
14268.72
	
347
14268.72
	
218
14152.04
	
223
14152.04
	
61
14159.97
	
201
14159.97
	
144
14157.03
	
293
14157.03
	
218
14157.02
	
322
14157.02
	
192
14156.90
	
229
14156.90
	
84
14156.70
	
209
14156.70
	
149
14156.15
	
302
14156.15
	
560
14155.08
	
317
14155.08
	
176
14155.16
	
215
14155.16
	
144
14154.43
	
278
14154.43
	
206
14154.44
	
307
14154.44
	
192
14154.46
	
247
14154.46
	
256
14154.55
	
218
14154.55
	
143
14154.51
	
262
14154.51
	
191
14154.21
	
284
14154.21
	
173
14154.01
	
219
14154.01
	
88
14154.55
	
213
14154.55
	
533
14153.76
	
359
14153.76
	
246
14154.42
	
247
14154.42
	
128
14122.12
	
209
14122.12
	
128
14046.79
	
255
14046.79
	
183
14032.69
	
302
14032.69
	
202
14039.22
	
290
14039.22
	
287
14060.45
	
237
14060.45
	
154
14069.68
	
278
14069.68
	
202
14074.84
	
294
14074.84
	
186
14078.27
	
256
14078.27
	
749
14156.79
	
321
14156.79
	
227
14156.11
	
306
14156.11
	
208
14155.67
	
285
14155.67
	
171
14154.46
	
235
14154.46
	
144
14154.04
	
256
14154.04
	
180
14153.62
	
303
14153.62
	
197
14153.44
	
272
14153.44
	
150
14152.94
	
208
14152.94
	
125
14152.46
	
247
14152.46
	
173
14151.24
	
352
14151.24
	
223
14151.60
	
341
