=~=~=~=~=~=~=~=~=~=~=~= PuTTY log 2024.12.02 12:22:23 =~=~=~=~=~=~=~=~=~=~=~=
1447
0.00
17468
	
1431
0.00
17471
	
1434
0.00
17473
	
1443
0.00
17474
	
1443
0.00
17476
	
1447
0.00
17478
	
1447
0.00
17502
	
1439
0.00
17626
	
1379
0.00
17650
	
1390
0.00
17651
	
1389
0.00
17675
	
1382
0.00
17676
	
1390
0.00
17700
	
1402
0.00
17701
	
1405
0.00
17725
	
1361
0.00
17726
	
1362
0.00
17751
	
1344
0.00
17752
	
1345
0.00
17776
	
1328
0.00
17900
	
1322
0.00
17924
	
1326
0.00
17925
	
1319
0.00
17949
	
1328
0.00
17950
	
1330
0.00
17974
	
1328
0.00
17975
	
1328
0.00
17999
	
1331
0.00
18000
	
1328
0.00
18024
	
1331
0.00
18025
	
1328
0.00
18049
	
1328
0.00
18173
	
1328
0.00
18197
	
1323
0.00
18198
	
1327
0.00
18222
	
1328
0.00
18223
	
1322
0.00
18248
	
1326
0.00
18249
	
1324
0.00
18273
	
1326
0.00
18274
	
1326
0.00
18298
	
1316
0.00
18299
	
1328
0.00
18446
	
1328
0.00
18447
	
1328
0.00
18471
	
1327
0.00
18472
	
1328
0.00
18496
	
1327
0.00
18521
	
1348
0.00
18522
	
1341
0.00
18546
	
1346
0.00
18547
	
1345
0.00
18572
	
1348
0.00
18573
	
1349
0.00
18597
	
1343
0.00
18598
	
1354
0.00
18745
	
1354
0.00
18747
	
1353
0.00
18770
	
1347
0.00
18771
	
1350
0.00
18795
	
1354
0.00
18796
	
1349
0.00
18820
	
1339
0.00
18821
	
1334
0.00
18845
	
1333
0.00
18846
	
1331
0.00
18870
	
1328
0.00
18871
	
1328
0.00
19018
	
1330
0.00
19019
	
1327
0.00
19043
	
1329
0.00
19044
	
1326
0.00
19069
	
1330
0.00
19070
	
1327
0.00
19094
	
1328
0.00
19095
	
1328
0.00
19119
	
1326
0.00
19120
	
1327
0.00
19144
	
1327
0.00
19145
	
1325
0.00
19292
	
1325
0.00
19293
	
1326
0.00
19317
	
1326
0.00
19318
	
1328
0.00
19342
	
1328
0.00
19343
	
1328
0.00
19368
	
1326
0.00
19369
	
1325
0.00
19393
	
1328
0.00
19394
	
1328
0.00
19418
	
1328
0.00
19419
	
1327
0.00
19566
	
1315
0.00
19567
	
1328
0.00
19594
	
1330
0.00
19595
	
1334
0.00
19619
	
1344
0.00
19620
	
1344
0.00
19644
	
1347
0.00
19645
	
1347
0.00
19670
	
1351
0.00
19671
	
1355
0.00
19695
	
1356
0.00
19696
	
1349
0.00
19843
	
1344
0.00
19845
	
1350
0.00
19868
	
1349
0.00
19869
	
1354
0.00
19893
	
1351
0.00
19894
	
1346
0.00
19918
	
1338
0.00
19919
	
1339
0.00
19943
	
1335
0.00
19944
	
1335
0.00
19968
	
1328
0.00
19969
	
1325
0.00
20116
	
1329
0.00
20117
	
1328
0.00
20141
	
1323
0.00
20142
	
1317
0.00
20167
	
1326
0.00
20168
	
1330
0.00
20192
	
1327
0.00
20193
	
1328
0.00
20217
	
1328
0.00
20218
	
1327
0.00
20242
	
1326
0.00
20243
	
1326
0.00
20390
	
1325
0.00
20391
	
1327
0.00
20415
	
1327
0.00
20416
	
1326
0.00
20440
	
1328
0.00
20441
	
1327
0.00
20465
	
1327
0.00
20466
	
1327
0.00
20491
	
1327
0.00
20492
	
1322
0.00
20516
	
1328
0.00
20640
	
1330
0.00
20664
	
1327
0.00
20665
	
1318
0.00
20692
	
1328
0.00
20693
	
1331
0.00
20717
	
1344
0.00
20718
	
1344
0.00
20742
	
1351
0.00
20743
	
1351
0.00
20767
	
1345
0.00
20768
	
1349
0.00
20793
	
1348
0.00
20794
	
1355
0.00
20940
	
1351
0.00
20942
	
1351
0.00
20966
	
1351
0.00
20967
	
1358
0.00
20991
	
1339
0.00
20992
	
1338
0.00
21016
	
1339
0.00
21017
	
1331
0.00
21041
	
1328
0.00
21042
	
1328
0.00
21066
	
1328
0.00
21190
	
1328
0.00
21214
	
1321
0.00
21215
	
1327
0.00
21239
	
1327
0.00
21240
	
1327
0.00
21264
	
1327
0.00
21265
	
1326
0.00
21290
	
1319
0.00
21291
	
1327
0.00
21315
	
1323
0.00
21316
	
1316
0.00
21340
	
1326
0.00
21464
	
1328
0.00
21488
	
1327
0.00
21489
	
1328
0.00
21513
	
1326
0.00
21514
	
1326
0.00
21538
	
1327
0.00
21539
	
1328
0.00
21563
	
1328
0.00
21564
	
1327
0.00
21588
	
1328
0.00
21589
	
1327
0.00
21614
	
1313
0.00
21738
	
1328
0.00
21761
	
1328
0.00
21762
	
1328
0.00
21787
	
1325
0.00
21788
	
1326
0.00
21812
	
1339
0.00
21813
	
1342
0.00
21837
	
1349
0.00
21838
	
1348
0.00
21862
	
1354
0.00
21863
	
1347
0.00
21887
	
1349
0.00
22011
	
1341
0.00
22035
	
1343
0.00
22037
	
1349
0.00
22060
	
1357
0.00
22061
	
1362
0.00
22085
	
1331
0.00
22086
	
1346
0.00
22111
	
1332
0.00
22112
	
1329
0.00
22136
	
1328
0.00
22137
	
1327
0.00
22284
	
1327
0.00
22285
	
1327
0.00
22309
	
1315
0.00
22310
	
1325
0.00
22334
	
1328
0.00
22335
	
1328
0.00
22359
	
1313
0.00
22360
	
1328
0.00
22384
	
1328
0.00
22385
	
1328
0.00
22410
	
1328
0.00
22411
	
1325
0.00
22557
	
1326
0.00
22558
	
1325
0.00
22583
	
1327
0.00
22584
	
1322
0.00
22608
	
1324
0.00
22609
	
1317
0.00
22633
	
1327
0.00
22634
	
1326
0.00
22658
	
1319
0.00
22659
	
1328
0.00
22683
	
1326
0.00
22684
	
1328
0.00
22831
	
1326
0.00
22832
	
1325
0.00
22856
	
1333
0.00
22857
	
1340
0.00
22881
	
1344
0.00
22882
	
1344
0.00
22907
	
1347
0.00
22908
	
1350
0.00
22932
	
1339
0.00
22933
	
1346
0.00
22957
	
1350
0.00
22958
	
1350
0.00
23105
	
1355
0.00
23107
	
1351
0.00
23130
	
1351
0.00
23131
	
1348
0.00
23155
	
1355
0.00
23156
	
1353
0.00
23180
	
1339
0.00
23181
	
1341
0.00
23205
	
1328
0.00
23206
	
1328
0.00
23231
	
1327
0.00
23232
	
1327
0.00
23378
	
1326
0.00
23379
	
1329
0.00
23404
	
1325
0.00
23405
	
1326
0.00
23429
	
1329
0.00
23430
	
1327
0.00
23454
	
1324
0.00
23455
	
1327
0.00
23479
	
1326
0.00
23480
	
1323
0.00
23504
	
1325
0.00
23628
	
1313
0.00
23652
	
1301
0.00
23653
	
1325
0.00
23677
	
1328
0.00
23678
	
1328
0.00
23702
	
1327
0.00
23703
	
1328
0.00
23728
	
1327
0.00
23729
	
1325
0.00
23753
	
1326
0.00
23754
	
1325
0.00
23778
	
1323
0.00
23902
	
1327
0.00
23926
	
1323
0.00
23927
	
1328
0.00
23954
	
1328
0.00
23955
	
1330
0.00
23979
	
1341
0.00
23980
	
1345
0.00
24004
	
1348
0.00
24005
	
1341
0.00
24030
	
1346
0.00
24031
	
1347
0.00
24055
	
1357
0.00
24179
	
1333
0.00
24203
	
1351
0.00
24205
	
1350
0.00
24228
	
1351
0.00
24229
	
1350
0.00
24253
	
1355
0.00
24254
	
1360
0.00
24278
	
1343
0.00
24279
	
1339
0.00
24303
	
1328
0.00
24304
	
1329
0.00
24328
	
1328
0.00
24452
	
1328
0.00
24476
	
1324
0.00
24477
	
1328
0.00
24501
	
1317
0.00
24502
	
1317
0.00
24527
	
1319
0.00
24528
	
1327
0.00
24552
	
1327
0.00
24553
	
1328
0.00
24577
	
1327
0.00
24578
	
1325
0.00
24602
	
1328
0.00
24726
	
1327
0.00
24750
	
1326
0.00
24751
	
1321
0.00
24775
	
1326
0.00
24776
	
1317
0.00
24800
	
1323
0.00
24801
	
1327
0.00
24825
	
1323
0.00
24826
	
1326
0.00
24851
	
1327
0.00
24852
	
1323
0.00
24876
	
1326
0.00
25000
	
1328
0.00
25024
	
1327
0.00
25025
	
1315
0.00
25052
	
1328
0.00
25053
	
1330
0.00
25077
	
1339
0.00
25078
	
1343
0.00
25102
	
1343
0.00
25103
	
1347
0.00
25127
	
1339
0.00
25128
	
1346
0.00
25153
	
1348
0.00
25277
	
1352
0.00
25300
	
1349
0.00
25302
	
1355
0.00
25326
	
1350
0.00
25327
	
1348
0.00
25351
	
1333
0.00
25352
	
1339
0.00
25376
	
1328
0.00
25377
	
1328
0.00
25401
	
1319
0.00
25402
	
1327
0.00
25426
	
1330
0.00
25550
	
1328
0.00
25574
	
1329
0.00
25575
	
1319
0.00
25599
	
1328
0.00
25600
	
1328
0.00
25624
	
1328
0.00
25625
	
1327
0.00
25650
	
1327
0.00
25651
	
1329
0.00
25675
	
1314
0.00
25676
	
1323
0.00
25823
	
1323
0.00
25824
	
1328
0.00
25848
	
1327
0.00
25849
	
1325
0.00
25873
	
1327
0.00
25874
	
1329
0.00
25898
	
1327
0.00
25899
	
1318
0.00
25923
	
1328
0.00
25924
	
1326
0.00
25949
	
1328
0.00
25950
	
1328
0.00
26096
	
1317
0.00
26097
	
1326
0.00
26122
	
1350
0.00
26123
	
1342
0.00
26147
	
1343
0.00
26148
	
1343
0.00
26172
	
1346
0.00
26173
	
1354
0.00
26197
	
1349
0.00
26198
	
1348
0.00
26222
	
1348
0.00
26223
	
1350
0.00
26370
	
1339
0.00
26372
	
1342
0.00
26395
	
1349
0.00
26396
	
1351
0.00
26420
	
1344
0.00
26421
	
1344
0.00
26446
	
1331
0.00
26447
	
1331
0.00
26471
	
1327
0.00
26472
	
1328
0.00
26496
	
1329
0.00
26497
	
1326
0.00
26644
	
1327
0.00
26645
	
1328
0.00
26669
	
1328
0.00
26670
	
1323
0.00
26694
	
1327
0.00
26695
	
1328
0.00
26719
	
1327
0.00
26720
	
1325
0.00
26744
	
1328
0.00
26745
	
1325
0.00
26770
	
1325
0.00
26771
	
1326
0.00
26917
	
1327
0.00
26918
	
1327
0.00
26943
	
1328
0.00
26944
	
1315
0.00
26968
	
1326
0.00
26969
	
1325
0.00
26993
	
1317
0.00
26994
	
1321
0.00
27018
	
1309
0.00
27019
	
1325
0.00
27043
	
1325
0.00
27167
	
1325
0.00
27191
	
1331
0.00
27192
	
1328
0.00
27216
	
1333
0.00
27217
	
1333
0.00
27241
	
1349
0.00
27242
	
1354
0.00
27267
	
1342
0.00
27268
	
1344
0.00
27292
	
1338
0.00
27293
	
1347
0.00
27317
	
1346
0.00
27441
	
1355
0.00
27465
	
1351
0.00
27467
	
1350
0.00
27490
	
1346
0.00
27491
	
1348
0.00
27515
	
1355
0.00
27516
	
1359
0.00
27540
	
1343
0.00
27541
	
1337
0.00
27566
	
1328
0.00
27567
	
1326
0.00
27591
	
1323
0.00
27715
	
1326
0.00
27739
	
1328
0.00
27740
	
1329
0.00
27764
	
1327
0.00
27765
	
1321
0.00
27789
	
1325
0.00
27790
	
1328
0.00
27814
	
1325
0.00
27815
	
1327
0.00
27839
	
1326
0.00
27840
	
1326
0.00
27987
	
1319
0.00
27988
	
1327
0.00
28012
	
1324
0.00
28013
	
1326
0.00
28037
	
1322
0.00
28038
	
1328
0.00
28063
	
1326
0.00
28064
	
1325
0.00
28088
	
1327
0.00
28089
	
1323
0.00
28113
	
1328
0.00
28114
	
1319
0.00
28261
	
1326
0.00
28262
	
1317
0.00
28289
	
1327
0.00
28290
	
1326
0.00
28314
	
1343
0.00
28315
	
1344
0.00
28339
	
1346
0.00
28340
	
1346
0.00
28365
	
1350
0.00
28366
	
1349
0.00
28390
	
1345
0.00
28391
	
1355
0.00
28538
	
1351
0.00
28540
	
1344
0.00
28563
	
1361
0.00
28564
	
1351
0.00
28588
	
1341
0.00
28589
	
1341
0.00
28613
	
1328
0.00
28614
	
1328
0.00
28638
	
1328
0.00
28639
	
1325
0.00
28663
	
1325
0.00
28664
	
1325
0.00
28811
	
1326
0.00
28812
	
1322
0.00
28836
	
1328
0.00
28837
	
1320
0.00
28862
	
1328
0.00
28863
	
1326
0.00
28887
	
1318
0.00
28888
	
1324
0.00
28912
	
1316
0.00
28913
	
1324
0.00
28937
	
1325
0.00
28938
	
1325
0.00
29085
	
1318
0.00
29086
	
1327
0.00
29110
	
1325
0.00
29111
	
1324
0.00
29135
	
1328
0.00
29136
	
1317
0.00
29160
	
1324
0.00
29161
	
1323
0.00
29186
	
1326
0.00
29187
	
1325
0.00
29211
	
1313
0.00
29212
	
1327
0.00
29359
	
1326
0.00
29360
	
1326
0.00
29387
	
1328
0.00
29388
	
1321
0.00
29412
	
1328
0.00
29413
	
1343
0.00
29437
	
1341
0.00
29438
	
1347
0.00
29462
	
1337
0.00
29463
	
1345
2.20
29488
	
1347
2.20
29489
	
1350
0.00
29635
	
1349
0.00
29637
	
1349
0.00
29661
	
1354
0.00
29662
	
1354
0.00
29686
	
1347
0.00
29687
	
1341
0.00
29711
	
1330
0.00
29712
	
1328
0.00
29736
	
1315
0.00
29737
	
1319
0.00
29761
	
1327
0.00
29762
	
1325
0.00
29909
	
1324
0.00
29910
	
1325
0.00
29934
	
1326
0.00
29935
	
1328
0.00
29959
	
1328
0.00
29960
	
1327
0.00
29985
	
1328
0.00
29986
	
1313
0.00
30010
	
1328
0.00
30011
	
1323
0.00
30035
	
1323
0.00
30036
	
1326
0.00
30183
	
1328
0.00
30184
	
1326
0.00
30208
	
1327
0.00
30209
	
1327
0.00
30233
	
1326
0.00
30234
	
1327
0.00
30258
	
1325
0.00
30259
	
1328
0.00
30283
	
1322
0.00
30284
	
1323
0.00
30309
	
1325
0.00
30433
	
1326
0.00
30456
	
1328
0.00
30457
	
1326
0.00
30482
	
1346
0.00
30483
	
1340
0.00
30507
	
1345
0.00
30508
	
1343
0.00
30532
	
1344
0.00
30533
	
1345
0.00
30557
	
1346
0.00
30558
	
1347
0.00
30582
	
1348
0.00
30706
	
1344
0.00
30730
	
1345
0.00
30732
	
1346
0.00
30755
	
1354
0.00
30756
	
1351
0.00
30780
	
1334
0.00
30781
	
1344
0.00
30806
	
1332
0.00
30807
	
1335
0.00
30831
	
1327
0.00
30832
	
1327
0.00
30856
	
1328
0.00
30980
	
1323
0.00
31004
	
1328
0.00
31005
	
1315
0.00
31029
	
1328
0.00
31030
	
1327
0.00
31054
	
1317
0.00
31055
	
1323
0.00
31079
	
1328
0.00
31080
	
1328
0.00
31104
	
1325
0.00
31105
	
1321
0.00
31252
	
1325
0.00
31253
	
1326
0.00
31278
	
1327
0.00
31279
	
1326
0.00
31303
	
1315
0.00
31304
	
1329
0.00
31328
	
1327
0.00
31329
	
1326
0.00
31353
	
1325
0.00
31354
	
1296
0.00
31378
	
1328
0.00
31379
	
1326
0.00
31526
	
1327
0.00
31527
	
1328
0.00
31551
	
1328
0.00
31552
	
1327
0.00
31576
	
1341
0.00
31577
	
1327
0.00
31602
	
1345
0.00
31603
	
1345
0.00
31627
	
1346
0.00
31628
	
1340
0.00
31652
	
1344
0.00
31653
	
1350
0.00
31800
	
1347
0.00
31802
	
1356
0.00
31825
	
1357
0.00
31826
	
1341
0.00
31850
	
1342
0.00
31851
	
1340
0.00
31875
	
1328
0.00
31876
	
1332
0.00
31900
	
1329
0.00
31901
	
1328
0.00
31926
	
1326
0.00
31927
	
1323
0.00
32073
	
1326
0.00
32074
	
1327
0.00
32099
	
1327
0.00
32100
	
1328
0.00
32124
	
1326
0.00
32125
	
1325
0.00
32149
	
1327
0.00
32150
	
1326
0.00
32174
	
1328
0.00
32175
	
1329
0.00
32199
	
1327
0.00
32200
	
1317
0.00
32347
	
1328
0.00
32348
	
1321
0.00
32372
	
1328
0.00
32373
	
1303
0.00
32397
	
1318
0.00
32398
	
1327
0.00
32423
	
1326
0.00
32424
	
1328
0.00
32448
	
1325
0.00
32449
	
1326
0.00
32473
	
1325
0.00
32597
	
1326
0.00
32621
	
1326
0.00
32622
	
1324
0.00
32649
	
1328
0.00
32650
	
1328
0.00
32674
	
1343
0.00
32675
	
1341
0.00
32699
	
1345
0.00
32700
	
1345
0.00
32725
	
1351
0.00
32726
	
1347
0.00
32750
	
1345
0.00
32751
	
1341
0.00
32898
	
1349
0.00
32900
	
1346
0.00
32923
	
1335
0.00
32924
	
1355
0.00
32948
	
1339
0.00
32949
	
1339
0.00
32973
	
1330
0.00
32974
	
1327
0.00
32998
	
1326
0.00
32999
	
1328
0.00
33024
	
1327
0.00
33025
	
1328
0.00
33171
	
1323
0.00
33172
	
1327
0.00
33197
	
1326
0.00
33198
	
1327
0.00
33222
	
1326
0.00
33223
	
1317
0.00
33247
	
1327
0.00
33248
	
1325
0.00
33272
	
1314
0.00
33273
	
1326
0.00
33297
	
1325
0.00
33421
	
1325
0.00
33445
	
1327
0.00
33446
	
1327
0.00
33470
	
1314
0.00
33471
	
1326
0.00
33495
	
1324
0.00
33496
	
1327
0.00
33521
	
1322
0.00
33522
	
1315
0.00
33546
	
1326
0.00
33547
	
1324
0.00
33571
	
1319
0.00
33695
	
1325
0.00
33719
	
1327
0.00
33720
	
1326
0.00
33747
	
1313
0.00
33748
	
1323
0.00
33772
	
1339
0.00
33773
	
1343
0.00
33798
	
1342
0.00
33799
	
1348
0.00
33823
	
1339
0.00
33824
	
1344
0.00
33848
	
1344
0.00
33972
	
1347
0.00
33996
	
1348
0.00
33998
	
1347
0.00
34021
	
1355
0.00
34022
	
1347
0.00
34046
	
1347
0.00
34047
	
1349
0.00
34071
	
1321
0.00
34072
	
1315
0.00
34096
	
1318
0.00
34097
	
1325
0.00
34122
	
1314
0.00
34246
	
1323
0.00
34269
	
1324
0.00
34270
	
1328
0.00
34295
	
1323
0.00
34296
	
1323
0.00
34320
	
1326
0.00
34321
	
1325
0.00
34345
	
1328
0.00
34346
	
1325
0.00
34370
	
1328
0.00
34371
	
1311
0.00
34395
	
1325
0.00
34519
	
1327
0.00
34543
	
1323
0.00
34544
	
1322
0.00
34568
	
1327
0.00
34569
	
1328
0.00
34593
	
1325
0.00
34594
	
1323
0.00
34619
	
1324
0.00
34620
	
1327
0.00
34644
	
1330
0.00
34645
	
1327
0.00
34669
	
1323
0.00
34793
	
1317
0.00
34817
	
1318
0.00
34818
	
1327
0.00
34845
	
1335
0.00
34846
	
1330
0.00
34870
	
1351
0.00
34871
	
1345
0.00
34896
	
1351
0.00
34897
	
1344
0.00
34921
	
1347
0.00
34922
	
1330
0.00
34946
	
1345
0.00
35070
	
1346
0.00
35094
	
1349
0.00
35096
	
1348
0.00
35119
	
1356
0.00
35120
	
1356
0.00
35144
	
1350
0.00
35145
	
1348
0.00
35169
	
1333
0.00
35170
	
1329
0.00
35194
	
1328
0.00
35195
	
1326
0.00
35220
	
1327
0.00
35344
	
1323
0.00
35367
	
1325
0.00
35368
	
1325
0.00
35393
	
1327
0.00
35394
	
1323
0.00
35418
	
1327
0.00
35419
	
1328
0.00
35443
	
1325
0.00
35444
	
1325
0.00
35468
	
1327
0.00
35469
	
1325
0.00
35616
	
1323
0.00
35617
	
1319
0.00
35641
	
1314
0.00
35642
	
1323
0.00
35666
	
1317
0.00
35667
	
1323
0.00
35691
	
1325
0.00
35692
	
1326
0.00
35717
	
1326
0.00
35718
	
1325
0.00
35742
	
1323
0.00
35743
	
1325
0.00
35890
	
1328
0.00
35891
	
1323
0.00
35918
	
1343
0.00
35919
	
1335
0.00
35943
	
1338
0.00
35944
	
1344
0.00
35968
	
1347
0.00
35969
	
1345
0.00
35993
	
1349
0.00
35994
	
1347
0.00
36019
	
1344
0.00
36020
	
1346
0.00
36166
	
1350
0.00
36168
	
1347
0.00
36192
	
1347
0.00
36193
	
1345
0.00
36217
	
1344
0.00
36218
	
1335
0.00
36242
	
1329
0.00
36243
	
1332
0.00
36267
	
1325
0.00
36268
	
1328
0.00
36292
	
1328
0.00
36293
	
1317
0.00
36440
	
1327
0.00
36441
	
1328
0.00
36465
	
1325
0.00
36466
	
1328
0.00
36490
	
1326
0.00
36491
	
1321
0.00
36516
	
1297
0.00
36517
	
1323
0.00
36541
	
1328
0.00
36542
	
1328
0.00
36566
	
1326
0.00
36567
	
1325
0.00
36714
	
1327
0.00
36715
	
1328
0.00
36739
	
1327
0.00
36740
	
1325
0.00
36764
	
1327
0.00
36765
	
1326
0.00
36789
	
1325
0.00
36790
	
1325
0.00
36814
	
1328
0.00
36815
	
1321
0.00
36840
	
1327
0.00
36841
	
1327
0.00
36987
	
1325
0.00
36988
	
1321
0.00
37013
	
1329
0.00
37014
	
1333
0.00
37038
	
1342
0.00
37039
	
1344
0.00
37063
	
1350
0.00
37064
	
1346
0.00
37088
	
1349
0.00
37089
	
1346
0.00
37113
	
1349
0.00
37114
	
1338
0.00
37261
	
1351
0.00
37263
	
1349
0.00
37286
	
1346
0.00
37287
	
1345
0.00
37312
	
1354
0.00
37313
	
1354
0.00
37337
	
1341
0.00
37338
	
1333
0.00
37362
	
1328
0.00
37363
	
1328
0.00
37387
	
1329
0.00
37511
	
1328
0.00
37535
	
1315
0.00
37536
	
1323
0.00
37560
	
1316
0.00
37561
	
1327
0.00
37585
	
1318
0.00
37586
	
1326
0.00
37610
	
1327
0.00
37611
	
1325
0.00
37636
	
1326
0.00
37637
	
1327
0.00
37661
	
1325
0.00
37785
	
1322
0.00
37809
	
1325
0.00
37810
	
1328
0.00
37834
	
1313
0.00
37835
	
1324
0.00
37859
	
1325
0.00
37860
	
1329
0.00
37884
	
1315
0.00
37885
	
1328
0.00
37909
	
1326
0.00
37910
	
1325
0.00
37934
	
1328
0.00
38058
	
1323
0.00
38082
	
1323
0.00
38083
	
1321
0.00
38107
	
1328
0.00
38108
	
1315
0.00
38133
	
1335
0.00
38134
	
1335
0.00
38158
	
1345
0.00
38159
	
1333
0.00
38183
	
1344
0.00
38184
	
1347
0.00
38208
	
1345
0.00
38332
	
1349
0.00
38356
	
1353
0.00
38358
	
1349
0.00
38381
	
1360
0.00
38382
	
1354
0.00
38406
	
1342
0.00
38407
	
1332
0.00
38431
	
1328
0.00
38432
	
1317
0.00
38457
	
1312
0.00
38458
	
1327
0.00
38604
	
1328
0.00
38605
	
1328
0.00
38630
	
1326
0.00
38631
	
1326
0.00
38655
	
1325
0.00
38656
	
1328
0.00
38680
	
1328
0.00
38681
	
1326
0.00
38705
	
1328
0.00
38706
	
1323
0.00
38730
	
1326
0.00
38731
	
1312
0.00
38878
	
1300
0.00
38879
	
1323
0.00
38903
	
1327
0.00
38904
	
1325
0.00
38929
	
1323
0.00
38930
	
1328
0.00
38954
	
1327
0.00
38955
	
1326
0.00
38979
	
1328
0.00
38980
	
1327
0.00
39004
	
1324
0.00
39005
	
1311
0.00
39152
	
1325
0.00
39153
	
1327
0.00
39180
	
1344
0.00
39181
	
1338
0.00
39205
	
1338
0.00
39206
	
1346
0.00
39231
	
1345
0.00
39232
	
1346
0.00
39256
	
1347
0.00
39257
	
1346
0.00
39281
	
1350
0.00
39282
	
1344
0.00
39429
	
1343
0.00
39431
	
1355
0.00
39454
	
1347
0.00
39455
	
1351
0.00
39479
	
1345
0.00
39480
	
1344
0.00
39504
	
1333
0.00
39505
	
1332
0.00
39529
	
1328
0.00
39530
	
1327
0.00
39555
	
1328
0.00
39556
	
1315
0.00
39702
	
1328
0.00
39703
	
1327
0.00
39728
	
1328
0.00
39729
	
1326
0.00
39753
	
1323
0.00
39754
	
1326
0.00
39778
	
1326
0.00
39779
	
1327
0.00
39803
	
1327
0.00
39804
	
1325
0.00
39828
	
1325
0.00
39829
	
1326
0.00
39976
	
1324
0.00
39977
	
1325
0.00
40001
	
1326
0.00
40002
	
1311
0.00
40026
	
1314
0.00
40027
	
1324
0.00
40052
	
1321
0.00
40053
	
1316
0.00
40077
	
1328
0.00
40078
	
1324
0.00
40102
	
1326
0.00
40103
	
1326
0.00
40250
	
1327
0.00
40251
	
1328
0.00
40278
	
1338
0.00
40279
	
1339
0.00
40303
	
1346
0.00
40304
	
1344
0.00
40329
	
1353
0.00
40330
	
1353
0.00
40354
	
1350
0.00
40355
	
1345
0.00
40379
	
1347
0.00
40380
	
1348
0.00
40527
	
1353
0.00
40529
	
1348
0.00
40552
	
1348
0.00
40553
	
1339
0.00
40577
	
1341
0.00
40578
	
1344
0.00
40602
	
1329
0.00
40603
	
1329
0.00
40627
	
1317
0.00
40628
	
1328
0.00
40653
	
1323
0.00
40654
	
1321
0.00
40800
	
1326
0.00
40801
	
1328
0.00
40826
	
1325
0.00
40827
	
1326
0.00
40851
	
1328
0.00
40852
	
1311
0.00
40876
	
1313
0.00
40877
	
1326
0.00
40901
	
1325
0.00
40902
	
1324
0.00
40926
	
1316
0.00
40927
	
1326
0.00
41074
	
1326
0.00
41075
	
1327
0.00
41099
	
1325
0.00
41100
	
1328
0.00
41124
	
1326
0.00
41125
	
1326
0.00
41150
	
1329
0.00
41151
	
1326
0.00
41175
	
1327
0.00
41176
	
1315
0.00
41200
	
1328
0.00
41324
	
1328
0.00
41348
	
1327
0.00
41349
	
1325
0.00
41376
	
1329
0.00
41377
	
1337
0.00
41401
	
1344
0.00
41402
	
1343
0.00
41426
	
1346
0.00
41427
	
1344
0.00
41452
	
1331
0.00
41453
	
1342
0.00
41477
	
1347
0.00
41478
	
1348
0.00
41625
	
1347
0.00
41627
	
1346
0.00
41650
	
1344
0.00
41651
	
1346
0.00
41675
	
1351
0.00
41676
	
1357
0.00
41700
	
1337
0.00
41701
	
1331
0.00
41725
	
1327
0.00
41726
	
1328
0.00
41751
	
1326
0.00
41752
	
1326
0.00
41898
	
1327
0.00
41899
	
1327
0.00
41924
	
1326
0.00
41925
	
1327
0.00
41949
	
1328
0.00
41950
	
1327
0.00
41974
	
1326
0.00
41975
	
1325
0.00
41999
	
1327
0.00
42000
	
1325
0.00
42024
	
1327
0.00
42148
	
1316
0.00
42172
	
1326
0.00
42173
	
1327
0.00
42197
	
1328
0.00
42198
	
1323
0.00
42222
	
1324
0.00
42223
	
1326
0.00
42248
	
1325
0.00
42249
	
1327
0.00
42273
	
1327
0.00
42274
	
1326
0.00
42298
	
1326
0.00
42422
	
1314
0.00
42446
	
1311
0.00
42447
	
1326
0.00
42474
	
1328
0.00
42475
	
1326
0.00
42499
	
1341
0.00
42500
	
1344
0.00
42524
	
1344
0.00
42525
	
1349
0.00
42550
	
1349
0.00
42551
	
1346
0.00
42575
	
1347
0.00
42699
	
1348
0.00
42723
	
1335
0.00
42725
	
1345
0.00
42748
	
1337
0.00
42749
	
1346
0.00
42773
	
1354
0.00
42774
	
1350
0.00
42798
	
1341
0.00
42799
	
1329
0.00
42823
	
1328
0.00
42824
	
1328
0.00
42849
	
1329
0.00
42973
	
1327
0.00
42996
	
1325
0.00
42997
	
1312
0.00
43022
	
1326
0.00
43023
	
1310
0.00
43047
	
1317
0.00
43048
	
1328
0.00
43072
	
1325
0.00
43073
	
1326
0.00
43097
	
1328
0.00
43098
	
1327
0.00
43122
	
1328
0.00
43246
	
1326
0.00
43270
	
1323
0.00
43271
	
1327
0.00
43295
	
1322
0.00
43296
	
1319
0.00
43320
	
1325
0.00
43321
	
1324
0.00
43346
	
1326
0.00
43347
	
1326
0.00
43371
	
1326
0.00
43372
	
1323
0.00
43396
	
1325
0.00
43520
	
1326
0.00
43544
	
1329
0.00
43545
	
1329
0.00
43572
	
1327
0.00
43573
	
1338
0.00
43597
	
1335
0.00
43598
	
1339
0.00
43622
	
1341
0.00
43623
	
1345
0.00
43648
	
1350
0.00
43649
	
1349
0.00
43673
	
1346
0.00
43797
	
1348
0.00
43821
	
1350
0.00
43823
	
1355
0.00
43846
	
1345
0.00
43847
	
1346
0.00
43871
	
1347
0.00
43872
	
1344
0.00
43896
	
1328
0.00
43897
	
1337
0.00
43921
	
1328
0.00
43922
	
1328
0.00
43946
	
1317
0.00
44070
	
1325
0.00
44094
	
1327
0.00
44095
	
1315
0.00
44120
	
1328
0.00
44121
	
1325
0.00
44145
	
1328
0.00
44146
	
1324
0.00
44170
	
1328
0.00
44171
	
1321
0.00
44195
	
1319
0.00
44196
	
1319
0.00
44343
	
1324
0.00
44344
	
1326
0.00
44368
	
1326
0.00
44369
	
1328
0.00
44393
	
1326
0.00
44394
	
1327
0.00
44418
	
1325
0.00
44419
	
1327
0.00
44444
	
1327
0.00
44445
	
1319
0.00
44469
	
1327
0.00
44470
	
1326
0.00
44617
	
1323
0.00
44618
	
1326
0.00
44645
	
1337
0.00
44646
	
1344
0.00
44670
	
1342
0.00
44671
	
1344
0.00
44695
	
1343
0.00
44696
	
1347
0.00
44720
	
1345
0.00
44721
	
1348
0.00
44746
	
1347
0.00
44747
	
1348
0.00
44893
	
1345
0.00
44895
	
1342
0.00
44919
	
1354
0.00
44920
	
1351
0.00
44944
	
1342
0.00
44945
	
1344
0.00
44969
	
1333
0.00
44970
	
1331
0.00
44994
	
1328
0.00
44995
	
1328
0.00
45019
	
1330
0.00
45020
	
1315
0.00
45167
	
1327
0.00
45168
	
1327
0.00
45192
	
1325
0.00
45193
	
1327
0.00
45217
	
1327
0.00
45218
	
1325
0.00
45243
	
1325
0.00
45244
	
1328
0.00
45268
	
1326
0.00
45269
	
1326
0.00
45293
	
1328
0.00
45294
	
1309
0.00
45441
	
1324
0.00
45442
	
1317
0.00
45466
	
1326
0.00
45467
	
1325
0.00
45491
	
1305
0.00
45492
	
1321
0.00
45516
	
1328
0.00
45517
	
1325
0.00
45541
	
1325
0.00
45542
	
1326
0.00
45567
	
1323
0.00
45568
	
1324
0.00
45715
	
1325
0.00
45716
	
1326
0.00
45743
	
1343
0.00
45744
	
1337
0.00
45768
	
1345
0.00
45769
	
1344
0.00
45793
	
1346
0.00
45794
	
1347
0.00
45818
	
1345
0.00
45819
	
1346
0.00
45844
	
1346
0.00
45845
	
1337
0.00
45991
	
1347
0.00
45993
	
1338
0.00
46017
	
1351
0.00
46018
	
1351
0.00
46042
	
1337
0.00
46043
	
1343
0.00
46067
	
1331
0.00
46068
	
1333
0.00
46092
	
1328
0.00
46093
	
1328
0.00
46117
	
1328
0.00
46118
	
1327
0.00
46265
	
1322
0.00
46266
	
1331
0.00
46290
	
1326
0.00
46291
	
1306
0.00
46315
	
1326
0.00
46316
	
1329
0.00
46341
	
1325
0.00
46342
	
1327
0.00
46366
	
1325
0.00
46367
	
1327
0.00
46391
	
1328
0.00
46392
	
1323
0.00
46539
	
1328
0.00
46540
	
1317
0.00
46564
	
1327
0.00
46565
	
1327
0.00
46589
	
1325
0.00
46590
	
1324
0.00
46614
	
1328
0.00
46615
	
1311
0.00
46639
	
1322
0.00
46640
	
1327
0.00
46665
	
1291
0.00
46666
	
1325
0.00
46813
	
1327
0.00
46814
	
1324
0.00
46841
	
1338
0.00
46842
	
1334
0.00
46866
	
1343
0.00
46867
	
1343
0.00
46891
	
1337
0.00
46892
	
1343
0.00
46916
	
1343
0.00
46917
	
1346
0.00
46941
	
1349
0.00
46942
	
1345
0.00
47089
	
1350
0.00
47091
	
1346
0.00
47115
	
1345
0.00
47116
	
1349
0.00
47140
	
1344
0.00
47141
	
1333
0.00
47165
	
1332
0.00
47166
	
1317
0.00
47190
	
1309
0.00
47191
	
1328
0.00
47215
	
1328
0.00
47216
	
1323
0.00
47363
	
1326
0.00
47364
	
1327
0.00
47388
	
1328
0.00
47389
	
1323
0.00
47413
	
1325
0.00
47414
	
1324
0.00
47439
	
1325
0.00
47440
	
1327
0.00
47464
	
1327
0.00
47465
	
1324
0.00
47489
	
1327
0.00
47613
	
1326
0.00
47637
	
1324
0.00
47638
	
1328
0.00
47662
	
1322
0.00
47663
	
1326
0.00
47687
	
1327
0.00
47688
	
1326
0.00
47712
	
1325
0.00
47713
	
1326
0.00
47737
	
1324
0.00
47738
	
1327
0.00
47763
	
1324
0.00
47887
	
1315
0.00
47910
	
1315
0.00
47911
	
1322
0.00
47936
	
1341
0.00
47937
	
1338
0.00
47961
	
1349
0.00
47962
	
1344
0.00
47986
	
1344
0.00
47987
	
1344
0.00
48011
	
1352
0.00
48012
	
1347
0.00
48036
	
1346
0.00
48160
	
1340
0.00
48184
	
1344
0.00
48186
	
1352
0.00
48209
	
1343
0.00
48210
	
1345
0.00
48234
	
1340
0.00
48235
	
1345
0.00
48260
	
1331
0.00
48261
	
1335
0.00
48285
	
1328
0.00
48286
	
1327
0.00
48310
	
1327
0.00
48434
	
1323
0.00
48458
	
1327
0.00
48459
	
1323
0.00
48483
	
1322
0.00
48484
	
1325
0.00
48508
	
1322
0.00
48509
	
1310
0.00
48533
	
1328
0.00
48534
	
1326
0.00
48558
	
1322
0.00
48559
	
1327
0.00
48706
	
1322
0.00
48707
	
1322
0.00
48732
	
1326
0.00
48733
	
1322
0.00
48757
	
1324
0.00
48758
	
1326
0.00
48782
	
1326
0.00
48783
	
1318
0.00
48807
	
1310
0.00
48808
	
1328
0.00
48832
	
1325
0.00
48833
	
1327
0.00
48980
	
1323
0.00
48981
	
1325
0.00
49005
	
1326
0.00
49006
	
1328
0.00
49030
	
1328
0.00
49031
	
1334
0.00
49056
	
1345
0.00
49057
	
1347
0.00
49081
	
1347
0.00
49082
	
1328
0.00
49106
	
1338
0.00
49107
	
1345
0.00
49254
	
1347
0.00
49256
	
1347
0.00
49279
	
1346
0.00
49280
	
1354
0.00
49304
	
1345
0.00
49305
	
1345
0.00
49329
	
1331
0.00
49330
	
1328
0.00
49354
	
1328
0.00
49355
	
1313
0.00
49380
	
1327
0.00
49381
	
1322
0.00
49527
	
1324
0.00
49528
	
1323
0.00
49553
	
1325
0.00
49554
	
1328
0.00
49578
	
1323
0.00
49579
	
1320
0.00
49603
	
1326
0.00
49604
	
1326
0.00
49628
	
1323
0.00
49629
	
1327
0.00
49653
	
1325
0.00
49654
	
1322
0.00
49801
	
1328
0.00
49802
	
1314
0.00
49826
	
1296
0.00
49827
	
1314
0.00
49851
	
1312
0.00
49852
	
1325
0.00
49877
	
1325
0.00
49878
	
1323
0.00
49902
	
1325
0.00
49903
	
1323
0.00
49927
	
1323
0.00
50051
	
1325
0.00
50075
	
1324
0.00
50076
	
1323
0.00
50103
	
1328
0.00
50104
	
1338
0.00
50128
	
1343
0.00
50129
	
1344
0.00
50153
	
1344
0.00
50154
	
1351
0.00
50179
	
1349
0.00
50180
	
1344
0.00
50204
	
1345
0.00
50205
	
1323
0.00
50352
	
1353
0.00
50354
	
1345
0.00
50377
	
1355
0.00
50378
	
1338
0.00
50402
	
1333
0.00
50403
	
1341
0.00
50427
	
1328
0.00
50428
	
1337
0.00
50452
	
1329
0.00
50453
	
1328
0.00
50477
	
1326
0.00
50601
	
1323
0.00
50625
	
1325
0.00
50626
	
1317
0.00
50650
	
1328
0.00
50651
	
1302
0.00
50676
	
1317
0.00
50677
	
1327
0.00
50701
	
1326
0.00
50702
	
1310
0.00
50726
	
1321
0.00
50727
	
1319
0.00
50751
	
1328
0.00
50875
	
1325
0.00
50899
	
1321
0.00
50900
	
1323
0.00
50924
	
1325
0.00
50925
	
1321
0.00
50949
	
1323
0.00
50950
	
1320
0.00
50974
	
1328
0.00
50975
	
1305
0.00
51000
	
1327
0.00
51001
	
1324
0.00
51025
	
1313
0.00
51149
	
1327
0.00
51173
	
1325
0.00
51174
	
1322
0.00
51201
	
1344
0.00
51202
	
1346
0.00
51226
	
1343
0.00
51227
	
1345
0.00
51251
	
1348
0.00
51252
	
1343
0.00
51277
	
1341
0.00
51278
	
1344
0.00
51302
	
1345
0.00
51426
	
1346
0.00
51450
	
1350
0.00
51452
	
1344
0.00
51475
	
1350
0.00
51476
	
1355
0.00
51500
	
1344
0.00
51501
	
1343
0.00
51525
	
1329
0.00
51526
	
1327
0.00
51550
	
1319
0.00
51551
	
1327
0.00
51575
	
1326
0.00
51699
	
1328
0.00
51723
	
1326
0.00
51724
	
1326
0.00
51748
	
1326
0.00
51749
	
1328
0.00
51774
	
1313
0.00
51775
	
1323
0.00
51799
	
1327
0.00
51800
	
1326
0.00
51824
	
1325
0.00
51825
	
1325
0.00
51849
	
1327
0.00
51973
	
1325
0.00
51997
	
1327
0.00
51998
	
1323
0.00
52022
	
1327
0.00
52023
	
1327
0.00
52047
	
1326
0.00
52048
	
1326
0.00
52072
	
1326
0.00
52073
	
1323
0.00
52098
	
1323
0.00
52099
	
1325
0.00
52123
	
1323
0.00
52247
	
1319
0.00
52271
	
1316
0.00
52272
	
1327
0.00
52299
	
1331
0.00
52300
	
1338
0.00
52324
	
1341
0.00
52325
	
1343
0.00
52349
	
1343
0.00
52350
	
1345
0.00
52374
	
1347
0.00
52375
	
1347
0.00
52400
	
1349
0.00
52524
	
1346
0.00
52547
	
1347
0.00
52549
	
1345
0.00
52573
	
1347
0.00
52574
	
1347
0.00
52598
	
1345
0.00
52599
	
1344
0.00
52623
	
1331
0.00
52624
	
1325
0.00
52648
	
1327
0.00
52649
	
1328
0.00
52673
	
1326
0.00
52797
	
1326
0.00
52821
	
1328
0.00
52822
	
1326
0.00
52846
	
1316
0.00
52847
	
1325
0.00
52871
	
1325
0.00
52872
	
1324
0.00
52897
	
1326
0.00
52898
	
1326
0.00
52922
	
1328
0.00
52923
	
1326
0.00
53070
	
1325
0.00
53071
	
1315
0.00
53095
	
1309
0.00
53096
	
1325
0.00
53120
	
1316
0.00
53121
	
1324
0.00
53145
	
1312
0.00
53146
	
1328
0.00
53170
	
1325
0.00
53171
	
1328
0.00
53195
	
1326
0.00
53196
	
1326
0.00
53343
	
1326
0.00
53344
	
1324
0.00
53369
	
1326
0.00
53370
	
1318
0.00
53394
	
1342
0.00
53395
	
1341
0.00
53419
	
1345
0.00
53420
	
1328
0.00
53444
	
1349
0.00
53445
	
1348
0.00
53469
	
1347
0.00
53470
	
1345
0.00
53617
	
1345
0.00
53619
	
1346
0.00
53642
	
1355
0.00
53643
	
1351
0.00
53667
	
1341
0.00
53668
	
1343
0.00
53693
	
1335
0.00
53694
	
1328
0.00
53718
	
1328
0.00
53719
	
1321
0.00
53743
	
1325
0.00
53744
	
1326
0.00
53891
	
1325
0.00
53892
	
1326
0.00
53916
	
1325
0.00
53917
	
1325
0.00
53941
	
1328
0.00
53942
	
1328
0.00
53966
	
1326
0.00
53967
	
1328
0.00
53991
	
1325
0.00
53992
	
1327
0.00
54017
	
1328
0.00
54018
	
1326
0.00
54164
	
1318
0.00
54165
	
1327
0.00
54190
	
1326
0.00
54191
	
1323
0.00
54215
	
1327
0.00
54216
	
1311
0.00
54240
	
1328
0.00
54241
	
1325
0.00
54265
	
1323
0.00
54266
	
1323
0.00
54290
	
1326
0.00
54414
	
1327
0.00
54438
	
1325
0.00
54439
	
1326
0.00
54463
	
1327
0.00
54464
	
1328
0.00
54488
	
1345
0.00
54489
	
1347
0.00
54514
	
1345
0.00
54515
	
1345
0.00
54539
	
1351
0.00
54540
	
1349
0.00
54564
	
1349
0.00
54688
	
1344
0.00
54712
	
1345
0.00
54714
	
1334
0.00
54737
	
1349
0.00
54738
	
1357
0.00
54762
	
1346
0.00
54763
	
1345
0.00
54787
	
1331
0.00
54788
	
1330
0.00
54813
	
1326
0.00
54814
	
1328
0.00
54838
	
1327
0.00
54962
	
1326
0.00
54986
	
1325
0.00
54987
	
1315
0.00
55011
	
1326
0.00
55012
	
1326
0.00
55036
	
1311
0.00
55037
	
1323
0.00
55061
	
1325
0.00
55062
	
1327
0.00
55086
	
1325
0.00
55087
	
1327
0.00
55234
	
1325
0.00
55235
	
1327
0.00
55259
	
1324
0.00
55260
	
1324
0.00
55284
	
1326
0.00
55285
	
1326
0.00
55310
	
1328
0.00
55311
	
1325
0.00
55335
	
1325
0.00
55336
	
1322
0.00
55360
	
1309
0.00
55361
	
