=~=~=~=~=~=~=~=~=~=~=~= PuTTY log 2024.12.02 12:29:11 =~=~=~=~=~=~=~=~=~=~=~=
1328
0.00
27988
	
1328
0.00
27991
	
1326
0.00
27993
	
1327
0.00
27994
	
1326
0.00
27996
	
1326
0.00
27998
	
1328
0.40
28022
	
1339
0.40
28146
	
1355
35.54
28170
	
1350
35.54
28171
	
1349
35.43
28195
	
1351
35.43
28196
	
1357
35.33
28220
	
1362
35.33
28221
	
1355
20.69
28245
	
1344
20.69
28246
	
1346
0.00
28271
	
1334
0.00
28272
	
1323
0.00
28418
	
1328
0.00
28419
	
1328
0.00
28444
	
1331
0.00
28445
	
1327
0.00
28469
	
1329
0.00
28470
	
1330
0.00
28494
	
1328
0.00
28495
	
1328
0.00
28519
	
1330
0.00
28520
	
1329
0.00
28544
	
1325
0.00
28545
	
1328
0.00
28692
	
1328
0.00
28693
	
1327
0.00
28717
	
1333
0.00
28718
	
1328
0.00
28743
	
1326
0.00
28744
	
1328
0.00
28768
	
1327
0.00
28769
	
1328
0.00
28793
	
1327
0.00
28794
	
1328
2.00
28818
	
1328
2.00
28819
	
1328
16.79
28966
	
1328
16.79
28967
	
1330
18.06
28991
	
1328
18.06
28992
	
1328
18.32
29016
	
1329
19.28
29041
	
1358
19.28
29042
	
1343
38.79
29067
	
1354
38.79
29068
	
1356
62.16
29092
	
1345
62.16
29093
	
1353
12.62
29240
	
1331
12.62
29241
	
1331
12.56
29265
	
1328
12.56
29266
	
1328
11.61
29290
	
1328
11.61
29291
	
1329
9.58
29315
	
1328
9.58
29316
	
1329
5.40
29340
	
1328
5.40
29341
	
1327
0.00
29365
	
1329
0.00
29489
	
1327
0.00
29513
	
1333
0.00
29514
	
1328
0.00
29538
	
1328
0.00
29539
	
1330
0.00
29564
	
1328
0.00
29565
	
1327
0.00
29589
	
1328
0.00
29590
	
1327
0.00
29614
	
1328
0.00
29615
	
1325
0.00
29639
	
1328
0.00
29763
	
1328
0.00
29787
	
1328
0.00
29788
	
1328
0.00
29812
	
1328
0.00
29813
	
1328
1.79
29837
	
1328
1.79
29838
	
1329
8.58
29863
	
1329
8.58
29864
	
1328
15.62
29888
	
1329
15.62
29889
	
1329
34.46
30036
	
1330
34.46
30037
	
1328
35.55
30061
	
1327
36.33
30086
	
1323
36.33
30087
	
1328
39.92
30111
	
1345
39.92
30112
	
1344
70.39
30136
	
1355
70.39
30138
	
1349
87.36
30161
	
1351
87.36
30162
	
1359
31.88
30309
	
1331
31.88
30310
	
1329
31.59
30334
	
1328
31.59
30335
	
1326
31.76
30360
	
1328
31.76
30361
	
1327
32.08
30385
	
1328
32.08
30386
	
1326
32.30
30410
	
1323
32.30
30411
	
1328
32.88
30558
	
1328
32.88
30559
	
1328
33.25
30583
	
1334
33.25
30584
	
1328
33.54
30608
	
1328
33.54
30609
	
1329
33.16
30633
	
1328
33.16
30634
	
1329
32.75
30659
	
1328
32.75
30660
	
1327
30.58
30806
	
1321
30.58
30807
	
1328
30.40
30832
	
1328
30.40
30833
	
1328
30.12
30857
	
1328
30.12
30858
	
1328
29.87
30882
	
1326
29.87
30883
	
1330
29.64
30907
	
1328
29.64
30908
	
1328
28.49
31055
	
1323
28.49
31056
	
1319
28.66
31080
	
1328
28.66
31081
	
1328
28.53
31105
	
1328
28.27
31130
	
1330
28.27
31131
	
1334
34.16
31156
	
1351
34.16
31157
	
1350
65.23
31181
	
1350
65.23
31182
	
1349
78.01
31206
	
1347
24.23
31351
	
1330
24.23
31352
	
1328
24.68
31376
	
1328
24.68
31377
	
1328
24.95
31401
	
1328
24.95
31402
	
1326
25.29
31426
	
1328
25.29
31427
	
1329
25.31
31451
	
1327
25.31
31452
	
1322
25.66
31599
	
1329
25.66
31600
	
1329
25.52
31624
	
1328
25.52
31625
	
1328
25.36
31650
	
1328
25.36
31651
	
1325
25.38
31675
	
1329
25.38
31676
	
1329
25.57
31700
	
1328
25.57
31701
	
1323
25.15
31848
	
1327
25.15
31849
	
1328
25.03
31873
	
1326
25.03
31874
	
1328
24.99
31898
	
1330
24.99
31899
	
1328
25.09
31923
	
1325
25.09
31924
	
1328
25.17
31948
	
1328
25.17
31949
	
1327
24.79
32096
	
1326
24.79
32097
	
1327
24.62
32121
	
1328
24.62
32122
	
1330
24.51
32147
	
1328
24.50
32172
	
1331
24.50
32173
	
1332
31.48
32197
	
1345
31.48
32198
	
1350
62.48
32222
	
1348
62.48
32223
	
1349
75.19
32247
	
1349
22.65
32392
	
1328
22.65
32393
	
1328
22.82
32417
	
1325
22.82
32418
	
1326
22.66
32442
	
1330
22.66
32443
	
1328
22.54
32468
	
1328
22.54
32469
	
1328
23.01
32493
	
1318
23.01
32494
	
1326
23.90
32641
	
1328
23.90
32642
	
1331
24.14
32666
	
1328
24.14
32667
	
1328
24.39
32691
	
1327
24.39
32692
	
1328
25.20
32716
	
1326
25.20
32717
	
1328
26.08
32741
	
1327
26.08
32742
	
1328
17.34
32889
	
1327
17.34
32890
	
1328
12.25
32914
	
1326
12.25
32915
	
1327
10.09
32940
	
1328
10.09
32941
	
1326
8.96
32965
	
1328
8.96
32966
	
1329
8.64
32990
	
1328
8.64
32991
	
1328
9.10
33015
	
1328
9.10
33139
	
1319
27.38
33163
	
1328
27.38
33164
	
1327
32.23
33188
	
1327
38.52
33213
	
1331
38.52
33214
	
1334
57.51
33238
	
1344
57.51
33239
	
1344
98.46
33264
	
1347
98.46
33265
	
1344
93.64
33289
	
1338
93.64
33290
	
1328
64.32
33437
	
1328
64.32
33438
	
1325
66.21
33462
	
1328
66.21
33463
	
1322
67.10
33487
	
1323
67.10
33488
	
1329
67.51
33512
	
1328
67.51
33513
	
1331
69.47
33537
	
1326
69.47
33538
	
1328
32.00
33685
	
1328
32.00
33686
	
1328
12.07
33710
	
1327
12.07
33711
	
1330
0.00
33736
	
1328
0.00
33737
	
1331
0.06
33761
	
1328
0.06
33762
	
1322
3.22
33786
	
1328
3.22
33787
	
1327
4.71
33811
	
1328
4.71
33812
	
1328
4.83
33959
	
1328
4.83
33960
	
1328
4.66
33984
	
1331
4.66
33985
	
1328
3.78
34009
	
1327
3.78
34010
	
1328
2.52
34034
	
1328
2.52
34035
	
1327
0.73
34060
	
1328
0.73
34061
	
1327
0.00
34085
	
1328
0.00
34209
	
1326
0.00
34233
	
1328
0.00
34234
	
1326
0.00
34261
	
1342
0.00
34262
	
1335
0.00
34286
	
1346
0.00
34287
	
1350
9.76
34311
	
1356
9.76
34312
	
1349
15.11
34336
	
1354
15.11
34337
	
1345
17.47
34362
	
1349
17.47
34486
	
1355
27.42
34510
	
1351
27.42
34512
	
1353
27.67
34535
	
1355
27.67
34536
	
1358
19.15
34560
	
1347
19.15
34561
	
1347
0.00
34585
	
1338
0.00
34586
	
1338
0.00
34610
	
1329
0.00
34611
	
1328
0.00
34758
	
1328
0.00
34759
	
1331
0.00
34783
	
1328
0.00
34784
	
1328
0.00
34808
	
1328
0.00
34809
	
1328
0.00
34834
	
1328
0.00
34835
	
1328
0.00
34859
	
1329
0.00
34860
	
1328
0.00
34884
	
1328
0.00
34885
	
1327
0.00
35032
	
1328
0.00
35033
	
1327
0.00
35057
	
1328
0.00
35058
	
1326
0.00
35082
	
1321
0.00
35083
	
1327
0.00
35107
	
1326
0.00
35108
	
1328
0.00
35132
	
1328
0.00
35133
	
1325
0.00
35158
	
1328
0.00
35159
	
1327
0.00
35306
	
1328
0.00
35307
	
1329
0.00
35334
	
1336
0.00
35335
	
1341
4.80
35359
	
1347
4.80
35360
	
1347
25.88
35384
	
1346
25.88
35385
	
1350
30.79
35409
	
1351
30.79
35410
	
1349
30.07
35435
	
1351
30.07
35559
	
1355
27.01
35582
	
1353
27.01
35584
	
1345
31.10
35608
	
1350
31.10
35609
	
1348
34.13
35633
	
1344
34.13
35634
	
1352
16.65
35658
	
1343
16.65
35659
	
1339
10.38
35683
	
1334
10.38
35684
	
1328
52.59
35831
	
1327
52.59
35832
	
1328
57.85
35856
	
1328
57.85
35857
	
1328
62.00
35881
	
1328
62.00
35882
	
1323
64.59
35906
	
1328
64.59
35907
	
1328
66.00
35932
	
1328
66.00
35933
	
1328
74.40
36080
	
1329
74.40
36081
	
1330
74.45
36105
	
1328
74.45
36106
	
1328
74.26
36130
	
1328
74.26
36131
	
1328
73.58
36155
	
1331
73.58
36156
	
1329
73.34
36180
	
1328
73.34
36181
	
1327
70.02
36328
	
1328
70.02
36329
	
1328
69.56
36353
	
1328
69.26
36378
	
1341
69.26
36379
	
1344
83.56
36404
	
1338
83.56
36405
	
1341
90.13
36429
	
1332
90.13
36430
	
1328
74.27
36454
	
1330
74.27
36455
	
1329
70.18
36479
	
1331
66.96
36624
	
1330
66.96
36625
	
1330
66.67
36649
	
1327
66.67
36650
	
1328
66.32
36674
	
1319
66.32
36675
	
1327
65.71
36699
	
1328
65.71
36700
	
1328
65.31
36725
	
1328
65.31
36726
	
1328
62.10
36872
	
1327
62.10
36873
	
1328
61.46
36898
	
1328
61.46
36899
	
1328
60.80
36923
	
1329
60.80
36924
	
1328
59.99
36948
	
1327
59.99
36949
	
1327
59.59
36973
	
1326
59.59
36974
	
1328
57.87
37121
	
1325
57.87
37122
	
1327
57.95
37146
	
1329
57.95
37147
	
1328
58.13
37171
	
1328
58.13
37172
	
1327
58.24
37197
	
1328
58.24
37198
	
1328
58.22
37222
	
1328
58.22
37223
	
1328
58.99
37370
	
1325
58.99
37371
	
1328
59.09
37395
	
1325
59.21
37420
	
1351
59.21
37421
	
1351
76.16
37445
	
1344
76.16
37446
	
1344
99.59
37470
	
1349
99.59
37471
	
1344
79.80
37495
	
1337
79.80
37496
	
1337
57.00
37643
	
1328
57.00
37644
	
1331
56.87
37668
	
1323
56.87
37669
	
1328
56.90
37694
	
1321
56.90
37695
	
1332
56.80
37719
	
1328
56.80
37720
	
1328
56.85
37744
	
1328
56.85
37745
	
1328
56.27
37892
	
1328
56.27
37893
	
1329
56.21
37917
	
1328
56.21
37918
	
1328
56.56
37942
	
1326
56.56
37943
	
1327
56.90
37967
	
1328
56.90
37968
	
1327
56.94
37993
	
1322
56.94
37994
	
1328
56.83
38140
	
1327
56.83
38141
	
1328
56.98
38166
	
1328
56.98
38167
	
1328
56.85
38191
	
1328
56.85
38192
	
1328
56.74
38216
	
1328
56.74
38217
	
1328
56.61
38241
	
1330
56.61
38242
	
1327
56.39
38389
	
1321
56.39
38390
	
1327
56.29
38414
	
1330
56.29
38415
	
1328
56.09
38439
	
1327
56.57
38464
	
1338
56.57
38465
	
1335
80.46
38490
	
1342
80.46
38491
	
1343
97.15
38515
	
1353
97.15
38516
	
1343
72.46
38540
	
1335
54.41
38685
	
1328
54.41
38686
	
1327
54.34
38710
	
1317
54.34
38711
	
1325
54.45
38735
	
1328
54.45
38736
	
1328
54.68
38760
	
1326
54.68
38761
	
1328
54.79
38785
	
1328
54.79
38786
	
1329
56.02
38933
	
1325
56.02
38934
	
1328
56.04
38959
	
1325
56.04
38960
	
1328
56.46
38984
	
1328
56.46
38985
	
1328
56.83
39009
	
1327
56.83
39010
	
1329
56.87
39034
	
1322
56.87
39035
	
1322
59.99
39182
	
1325
59.99
39183
	
1330
60.71
39207
	
1328
60.71
39208
	
1328
61.67
39232
	
1328
61.67
39233
	
1328
62.81
39257
	
1328
62.81
39258
	
1328
63.69
39283
	
1328
63.69
39284
	
1328
67.40
39430
	
1328
67.40
39431
	
1328
67.53
39456
	
1328
67.53
39457
	
1331
67.67
39481
	
1328
67.41
39506
	
1328
67.41
39507
	
1329
69.92
39531
	
1330
69.92
39532
	
1330
91.85
39556
	
1332
91.85
39557
	
1334
79.28
39582
	
1328
79.28
39706
	
1328
66.35
39729
	
1319
66.35
39730
	
1328
66.24
39755
	
1328
66.24
39756
	
1330
66.06
39780
	
1328
66.06
39781
	
1328
65.44
39805
	
1328
65.44
39806
	
1328
65.09
39830
	
1328
65.09
39831
	
1328
64.24
39978
	
1327
64.24
39979
	
1319
64.14
40003
	
1328
64.14
40004
	
1328
64.06
40028
	
1315
64.06
40029
	
1328
63.90
40053
	
1328
63.90
40054
	
1328
64.13
40079
	
1328
64.13
40080
	
1328
64.79
40226
	
1330
64.79
40227
	
1329
64.97
40252
	
1328
64.97
40253
	
1327
64.79
40277
	
1327
64.79
40278
	
1329
64.24
40302
	
1329
64.24
40303
	
1331
64.59
40327
	
1326
64.59
40328
	
1328
64.81
40475
	
1328
64.81
40476
	
1328
65.01
40500
	
1328
65.01
40501
	
1326
65.10
40525
	
1328
65.12
40551
	
1337
65.12
40552
	
1338
71.42
40576
	
1333
71.42
40577
	
1335
90.44
40601
	
1331
90.44
40602
	
1329
75.45
40626
	
1331
66.12
40771
	
1317
66.12
40772
	
1315
66.50
40796
	
1328
66.50
40797
	
1319
66.68
40821
	
1323
66.68
40822
	
1330
67.01
40846
	
1328
67.01
40847
	
1330
67.42
40871
	
1328
67.42
40872
	
1328
69.21
41019
	
1329
69.21
41020
	
1327
69.51
41045
	
1328
69.51
41046
	
1328
69.46
41070
	
1328
69.46
41071
	
1325
69.26
41095
	
1328
69.26
41096
	
1327
69.80
41120
	
1327
69.80
41121
	
1328
69.84
41268
	
1327
69.84
41269
	
1328
69.95
41293
	
1328
69.95
41294
	
1328
69.88
41318
	
1327
69.88
41319
	
1328
69.91
41343
	
1325
69.91
41344
	
1329
70.22
41369
	
1328
70.22
41370
	
1329
71.44
41516
	
1315
71.44
41517
	
1328
71.74
41542
	
1327
71.74
41543
	
1327
72.18
41567
	
1331
72.91
41592
	
1329
72.91
41593
	
1333
80.62
41617
	
1338
80.62
41618
	
1331
98.35
41642
	
1339
98.35
41643
	
1330
81.75
41667
	
1328
71.85
41812
	
1328
71.85
41813
	
1319
71.36
41837
	
1327
71.36
41838
	
1326
71.15
41863
	
1326
71.15
41864
	
1328
70.98
41888
	
1329
70.98
41889
	
1328
70.88
41913
	
1328
70.88
41914
	
1327
69.87
42061
	
1328
69.87
42062
	
1328
69.68
42086
	
1329
69.68
42087
	
1327
69.35
42111
	
1328
69.35
42112
	
1326
69.19
42136
	
1327
69.19
42137
	
1329
68.83
42161
	
1328
68.83
42162
	
1329
67.23
42309
	
1326
67.23
42310
	
1328
66.99
42334
	
1328
66.99
42335
	
1328
67.00
42360
	
1328
67.00
42361
	
1333
67.09
42385
	
1329
67.09
42386
	
1330
66.93
42410
	
1327
66.93
42411
	
1327
66.90
42558
	
1317
66.90
42559
	
1328
66.98
42583
	
1328
66.98
42584
	
1328
67.20
42608
	
1327
67.22
42633
	
1339
67.22
42634
	
1345
76.55
42659
	
1340
76.55
42660
	
1328
91.95
42684
	
1339
91.95
42685
	
1331
75.60
42709
	
1328
67.21
42854
	
1332
67.21
42855
	
1317
67.30
42879
	
1328
67.30
42880
	
1328
67.10
42904
	
1328
67.10
42905
	
1319
66.99
42929
	
1306
66.99
42930
	
1328
66.94
42954
	
1330
66.94
42955
	
1330
66.08
43102
	
1328
66.08
43103
	
1328
66.28
43127
	
1328
66.28
43128
	
1328
65.95
43153
	
1329
65.95
43154
	
1318
65.89
43178
	
1328
65.89
43179
	
1329
65.78
43203
	
1323
65.78
43204
	
1315
65.15
43351
	
1328
65.15
43352
	
1329
65.09
43376
	
1328
65.09
43377
	
1332
64.83
43401
	
1328
64.83
43402
	
1327
64.55
43426
	
1327
64.55
43427
	
1326
64.44
43451
	
1328
64.44
43452
	
1328
63.28
43599
	
1328
63.28
43600
	
1328
62.59
43624
	
1329
62.59
43625
	
1331
62.41
43650
	
1327
62.09
43675
	
1335
62.09
43676
	
1341
71.47
43700
	
1337
71.47
43701
	
1337
84.18
43725
	
1331
84.18
43726
	
1331
68.19
43750
	
1328
62.98
43895
	
1328
62.98
43896
	
1328
63.23
43920
	
1328
63.23
43921
	
1325
63.40
43945
	
1325
63.40
43946
	
1331
63.71
43971
	
1328
63.71
43972
	
1328
64.29
43996
	
1328
64.29
43997
	
1328
67.42
44144
	
1327
67.42
44145
	
1326
67.04
44169
	
1328
67.04
44170
	
1328
66.96
44194
	
1328
66.96
44195
	
1328
66.83
44219
	
1329
66.83
44220
	
1325
66.71
44244
	
1328
66.71
44245
	
1328
31.94
44392
	
1327
31.94
44393
	
1328
14.74
44417
	
1327
14.74
44418
	
1327
5.79
44442
	
1328
5.79
44443
	
1326
6.08
44468
	
1328
6.08
44469
	
1328
8.54
44493
	
1327
8.54
44494
	
1328
9.51
44518
	
1328
9.51
44519
	
1327
9.12
44666
	
1321
9.12
44667
	
1327
8.89
44691
	
1328
8.48
44716
	
1341
8.48
44717
	
1339
15.11
44741
	
1344
15.11
44742
	
1346
29.10
44766
	
1354
29.10
44767
	
1349
33.48
44792
	
1350
33.48
44793
	
1350
35.85
44817
	
1347
66.03
44961
	
1349
66.03
44963
	
1348
69.20
44987
	
1349
69.20
44988
	
1348
67.43
45012
	
1342
67.43
45013
	
1341
45.25
45037
	
1341
45.25
45038
	
1340
30.82
45062
	
1328
30.82
45063
	
1328
33.24
45210
	
1330
33.24
45211
	
1328
34.33
45235
	
1327
34.33
45236
	
1329
35.11
45260
	
1326
35.11
45261
	
1327
35.66
45286
	
1328
35.66
45287
	
1328
35.78
45311
	
1326
35.78
45312
	
1330
39.64
45459
	
1328
39.64
45460
	
1328
40.05
45484
	
1328
40.05
45485
	
1328
40.62
45509
	
1329
40.62
45510
	
1328
41.32
45534
	
1328
41.32
45535
	
1327
41.72
45559
	
1328
41.72
45560
	
1322
42.56
45707
	
1322
42.56
45708
	
1318
42.89
45732
	
1328
42.95
45757
	
1332
42.95
45758
	
1338
56.00
45783
	
1344
56.00
45785
	
1345
85.08
45808
	
1339
85.08
45809
	
1345
87.20
45833
	
1348
87.20
45834
	
1351
57.17
45858
	
1335
23.71
46003
	
1328
23.71
46004
	
1328
24.92
46028
	
1327
24.92
46029
	
1327
27.18
46053
	
1328
27.18
46054
	
1325
29.79
46078
	
1326
29.79
46079
	
1325
31.51
46104
	
1329
31.51
46105
	
1329
42.91
46251
	
1328
42.91
46252
	
1327
44.79
46277
	
1328
44.79
46278
	
1329
46.62
46302
	
1328
46.62
46303
	
1328
47.79
46327
	
1328
47.79
46328
	
1328
48.96
46352
	
1331
48.96
46353
	
1311
54.49
46500
	
1317
54.49
46501
	
1328
54.70
46525
	
1328
54.70
46526
	
1328
54.93
46550
	
1328
54.93
46551
	
1328
55.29
46575
	
1327
55.29
46576
	
1328
55.62
46601
	
1328
55.62
46602
	
1328
56.57
46749
	
1327
56.57
46750
	
1321
56.30
46774
	
1327
56.55
46799
	
1334
56.55
46800
	
1339
72.52
46824
	
1335
72.52
46825
	
1335
78.37
46849
	
1328
78.37
46850
	
1330
62.12
46874
	
1328
62.12
46875
	
1328
58.17
47022
	
1328
58.17
47023
	
1328
58.12
47047
	
1330
58.12
47048
	
1327
58.40
47073
	
1317
58.40
47074
	
1328
58.65
47098
	
1327
58.65
47099
	
1328
58.69
47123
	
1327
58.69
47124
	
1328
59.61
47271
	
1328
59.61
47272
	
1330
59.58
47296
	
1328
59.58
47297
	
1328
59.84
47321
	
1328
59.84
47322
	
1326
60.12
47346
	
1328
60.12
47347
	
1325
60.01
47371
	
1328
60.01
47372
	
1329
58.95
47519
	
1330
58.95
47520
	
1328
58.79
47545
	
1327
58.79
47546
	
1331
58.40
47570
	
1328
58.40
47571
	
1328
58.31
47595
	
1328
58.31
47596
	
1326
58.25
47620
	
1327
58.25
47621
	
1328
58.18
47768
	
1327
58.18
47769
	
1328
58.10
47793
	
1323
58.10
47794
	
1319
58.04
47818
	
1328
58.35
47843
	
1344
58.35
47844
	
1344
81.33
47869
	
1341
81.33
47870
	
1340
99.65
47894
	
1337
99.65
47895
	
1343
74.47
47919
	
1332
56.93
48064
	
1329
56.93
48065
	
1326
56.61
48089
	
1327
56.61
48090
	
1326
56.31
48114
	
1328
56.31
48115
	
1328
56.14
48139
	
1325
56.14
48140
	
1323
55.73
48164
	
1328
55.73
48165
	
1328
52.99
48312
	
1327
52.99
48313
	
1328
52.53
48337
	
1327
52.53
48338
	
1327
51.76
48362
	
1328
51.76
48363
	
1327
50.76
48388
	
1328
50.76
48389
	
1329
50.03
48413
	
1327
50.03
48414
	
1325
50.97
48561
	
1328
50.97
48562
	
1326
51.49
48586
	
1326
51.49
48587
	
1328
51.95
48611
	
1328
51.95
48612
	
1328
52.40
48636
	
1330
52.40
48637
	
1328
52.38
48661
	
1327
52.38
48662
	
1328
52.33
48809
	
1325
52.33
48810
	
1328
52.16
48834
	
1326
52.16
48835
	
1328
52.29
48860
	
1328
52.70
48885
	
1329
52.70
48886
	
1328
55.18
48910
	
1330
55.18
48911
	
1332
78.47
48935
	
1334
78.47
48936
	
1331
67.02
48960
	
1330
55.85
49105
	
1329
55.85
49106
	
1327
56.09
49130
	
1328
56.09
49131
	
1328
56.40
49155
	
1328
56.40
49156
	
1324
56.51
49180
	
1328
56.51
49181
	
1328
56.38
49206
	
1327
56.38
49207
	
1327
61.66
49354
	
1328
61.66
49355
	
1327
62.76
49379
	
1328
62.76
49380
	
1328
63.69
49404
	
1328
63.69
49405
	
1328
64.38
49429
	
1328
64.38
49430
	
1330
64.92
49454
	
1327
64.92
49455
	
1319
63.77
49602
	
1327
63.77
49603
	
1327
59.87
49627
	
1327
59.87
49628
	
1328
51.48
49652
	
1328
51.48
49653
	
1328
40.16
49678
	
1328
40.16
49679
	
1327
27.36
49703
	
1324
27.36
49704
	
1327
8.32
49851
	
1328
8.32
49852
	
1327
8.40
49876
	
1318
8.40
49877
	
1323
8.34
49901
	
1321
8.20
49926
	
1325
8.20
49927
	
1326
10.13
49951
	
1341
10.13
49952
	
1342
27.21
49976
	
1348
27.21
49977
	
1347
32.88
50002
	
1350
32.88
50003
	
1347
66.98
50150
	
1347
66.98
50151
	
1344
75.89
50175
	
1347
75.89
50176
	
1353
74.50
50200
	
1344
74.50
50201
	
1340
57.40
50225
	
1331
57.40
50226
	
1330
50.20
50250
	
1334
50.20
50251
	
1328
63.88
50398
	
1327
63.88
50399
	
1328
65.57
50423
	
1328
65.57
50424
	
1327
66.59
50448
	
1328
66.59
50449
	
1328
67.12
50474
	
1326
67.12
50475
	
1328
68.89
50499
	
1324
68.89
50500
	
1322
75.45
50647
	
1328
75.45
50648
	
1326
76.31
50672
	
1328
76.31
50673
	
1327
77.19
50697
	
1328
77.19
50698
	
1328
77.67
50722
	
1324
77.67
50723
	
1328
77.65
50747
	
1319
77.65
50748
	
1328
77.19
50895
	
1326
77.19
50896
	
1327
77.71
50920
	
1318
77.71
50921
	
1327
77.76
50945
	
1328
77.84
50971
	
1330
77.84
50972
	
1337
84.30
50996
	
1329
84.30
50997
	
1335
102.79
51021
	
1330
102.79
51022
	
1330
82.61
51169
	
1327
82.61
51170
	
1327
82.29
51194
	
1328
82.29
51195
	
1323
82.11
51219
	
1328
82.11
51220
	
1328
82.27
51244
	
1319
82.27
51245
	
1328
82.13
51270
	
1328
82.13
51271
	
1328
81.16
51417
	
1327
81.16
51418
	
1328
81.30
51443
	
1328
81.30
51444
	
1327
81.27
51468
	
1328
81.27
51469
	
1319
80.62
51493
	
1326
80.62
51494
	
1328
80.33
51518
	
1321
80.33
51519
	
1328
78.20
51666
	
1328
78.20
51667
	
1328
77.37
51691
	
1328
77.37
51692
	
1328
73.84
51716
	
1328
73.84
51717
	
1325
67.36
51741
	
1328
67.36
51742
	
1328
58.98
51767
	
1328
58.98
51768
	
1307
9.54
51914
	
1325
9.54
51915
	
1328
10.54
51940
	
1327
10.54
51941
	
1327
10.81
51965
	
1328
10.81
51966
	
1327
10.71
51990
	
1328
10.58
52015
	
1334
10.58
52016
	
1335
17.39
52040
	
1347
17.39
52041
	
1350
31.89
52065
	
1348
31.89
52189
	
1349
27.39
52213
	
1353
27.39
52215
	
1348
29.26
52239
	
1356
29.26
52240
	
1359
20.74
52264
	
1347
20.74
52265
	
1345
6.12
52289
	
1334
6.12
52290
	
1335
4.83
52314
	
1328
4.83
52315
	
1328
25.66
52462
	
1328
25.66
52463
	
1325
26.64
52487
	
1328
26.64
52488
	
1328
27.07
52512
	
1327
27.07
52513
	
1318
28.13
52537
	
1327
28.13
52538
	
1328
29.08
52563
	
1328
29.08
52564
	
1330
30.55
52710
	
1329
30.55
52711
	
1328
30.88
52736
	
1328
30.88
52737
	
1327
31.36
52761
	
1327
31.36
52762
	
1327
31.71
52786
	
1329
31.71
52787
	
1321
31.95
52811
	
1327
31.95
52812
	
1323
33.03
52959
	
1328
33.03
52960
	
1328
33.56
52984
	
1328
33.56
52985
	
1326
33.63
53009
	
1326
33.63
53010
	
1327
33.69
53034
	
1328
33.83
53060
	
1344
33.83
53061
	
1344
51.00
53085
	
1347
51.00
53087
	
1351
79.43
53110
	
1343
34.19
53255
	
1327
34.19
53256
	
1326
34.48
53280
	
1323
34.48
53281
	
1328
34.71
53305
	
1328
34.71
53306
	
1327
34.53
53330
	
1328
34.53
53331
	
1331
34.57
53355
	
1328
34.57
53356
	
1328
35.06
53503
	
1327
35.06
53504
	
1328
34.95
53528
	
1328
34.95
53529
	
1322
35.17
53554
	
1323
35.17
53555
	
1324
35.24
53579
	
1328
35.24
53580
	
1328
35.39
53604
	
1326
35.39
53605
	
1331
35.94
53752
	
1323
35.94
53753
	
1328
35.81
53777
	
1328
35.81
53778
	
1329
35.94
53802
	
1328
35.94
53803
	
1328
36.35
53827
	
1328
36.35
53828
	
1328
36.47
53852
	
1327
36.47
53853
	
1325
36.85
54000
	
1330
36.85
54001
	
1329
37.05
54025
	
1327
37.05
54026
	
1326
36.93
54051
	
1328
36.93
54052
	
1327
36.89
54076
	
1331
37.16
54101
	
1339
37.16
54102
	
1342
55.78
54126
	
1347
55.78
54128
	
1351
82.67
54151
	
1344
35.54
54296
	
1328
35.54
54297
	
1328
35.59
54321
	
1326
35.59
54322
	
1322
35.41
54346
	
1323
35.41
54347
	
1328
34.66
54371
	
1322
34.66
54372
	
1329
33.32
54397
	
1328
33.32
54398
	
1328
7.50
54545
	
1328
7.50
54546
	
1327
1.32
54570
	
1328
1.32
54571
	
1328
0.00
54595
	
1326
0.00
54596
	
1317
0.00
54620
	
1322
0.00
54621
	
1328
1.83
54645
	
1328
1.83
54646
	
1324
3.33
54670
	
1318
3.33
54671
	
1328
7.25
54818
	
1328
7.25
54819
	
1327
7.21
54843
	
1326
7.21
54844
	
1327
7.11
54869
	
1327
7.11
54870
	
1326
7.22
54894
	
1328
7.22
54895
	
1325
7.19
54919
	
1327
7.19
54920
	
1322
7.02
54944
	
1318
7.02
54945
	
1327
7.76
55092
	
1327
7.76
55093
	
1328
7.69
55117
	
1326
8.07
55142
	
1346
8.07
55143
	
1338
22.38
55167
	
1347
22.38
55168
	
1346
36.06
55193
	
1349
36.06
55194
	
1347
38.00
55218
	
1354
38.00
55219
	
1354
36.50
55243
	
1344
36.50
55367
	
1347
34.96
55391
	
1347
34.96
55393
	
1349
34.81
55416
	
1356
34.81
55417
	
1357
25.32
55441
	
1344
25.32
55442
	
1349
4.92
55466
	
1339
4.92
55467
	
1335
0.00
55491
	
1329
0.00
55492
	
1328
0.00
55639
	
1324
0.00
55640
	
1324
0.00
55665
	
1329
0.00
55666
	
1328
0.00
55690
	
1328
0.00
55691
	
1329
0.00
55715
	
1328
0.00
55716
	
1327
0.00
55740
	
1324
0.00
55741
	
1327
0.00
55765
	
1328
0.00
55766
	
1328
0.00
55913
	
1328
0.00
55914
	
1329
0.00
55938
	
1323
0.00
55939
	
1327
0.00
55963
	
1328
0.00
55964
	
1328
0.00
55989
	
1328
0.00
55990
	
1328
0.00
56014
	
1328
0.00
56015
	
1330
0.00
56039
	
1329
0.00
56040
	
1328
0.00
56187
	
1326
0.00
56188
	
1327
0.00
56215
	
1343
0.00
56216
	
1335
7.86
56240
	
1344
7.86
56241
	
1349
30.38
56265
	
1355
30.38
56266
	
1349
35.67
56291
	
1345
35.67
56292
	
1347
35.44
56316
	
1349
35.44
56440
	
1353
34.34
56464
	
1354
34.34
56466
	
1347
34.41
56489
	
1345
34.41
56490
	
1342
30.02
56514
	
1350
30.02
56515
	
1348
6.73
56539
	
1328
6.73
56540
	
1334
0.00
56564
	
1331
0.00
56565
	
1328
0.00
56712
	
