=~=~=~=~=~=~=~=~=~=~=~= PuTTY log 2024.11.29 13:19:37 =~=~=~=~=~=~=~=~=~=~=~=
389
14038.18
	
318
14038.18
	
176
14024.52
	
244
14024.52
	
174
14036.56
	
304
14036.56
	
609
14080.06
	
346
14080.06
	
206
14081.48
	
217
14081.48
	
135
14134.88
	
263
14134.88
	
174
14213.39
	
310
14213.39
	
203
14165.49
	
269
14165.49
	
137
14155.95
	
206
14155.95
	
123
14154.84
	
246
14154.84
	
164
14155.14
	
336
14155.14
	
208
14154.23
	
251
14154.23
	
114
14153.05
	
205
14153.05
	
752
14151.60
	
361
14151.60
	
249
14150.90
	
293
14150.90
	
162
14151.34
	
196
14151.34
	
110
14151.02
	
231
14151.02
	
303
14150.72
	
313
14150.72
	
208
14150.46
	
269
14150.46
	
125
14151.33
	
181
14151.33
	
102
14158.20
	
241
14158.20
	
170
14200.71
	
321
14200.71
	
212
14246.12
	
272
14246.12
	
728
14324.11
	
273
14324.11
	
204
14335.16
	
305
14335.16
	
229
14345.39
	
301
14345.39
	
164
14345.88
	
192
14345.88
	
101
14387.34
	
223
14387.34
	
297
14443.18
	
320
14443.18
	
221
14497.52
	
288
14497.52
	
151
14542.66
	
183
14542.66
	
94
14577.53
	
247
14577.53
	
176
14486.25
	
329
14486.25
	
875
14480.89
	
283
14480.89
	
144
14477.79
	
211
14477.79
	
160
14476.25
	
298
14476.25
	
224
14466.00
	
337
14466.00
	
207
14474.32
	
218
14474.32
	
99
14534.68
	
207
14534.68
	
151
14606.78
	
325
14606.78
	
231
14647.36
	
306
14647.36
	
175
14685.93
	
207
14685.93
	
107
14724.43
	
240
14724.43
	
844
14812.28
	
384
14812.28
	
253
14808.11
	
257
14808.11
	
112
14805.30
	
187
14805.30
	
128
14800.98
	
289
14800.98
	
233
14798.15
	
329
14798.15
	
195
14799.15
	
215
14799.15
	
91
14800.72
	
190
14800.72
	
140
14803.63
	
288
14803.63
	
222
14808.62
	
325
14808.62
	
192
14821.18
	
220
14821.18
	
703
14897.77
	
438
14897.77
	
245
14913.07
	
321
14913.07
	
213
14971.00
	
256
14971.00
	
107
15174.20
	
189
15174.20
	
128
15039.64
	
283
15039.64
	
233
14940.33
	
363
14940.33
	
229
14923.56
	
256
14923.56
	
105
14925.42
	
177
14925.42
	
117
14927.88
	
295
14927.88
	
231
14932.46
	
321
14932.46
	
768
14923.67
	
237
14923.67
	
143
14921.49
	
362
14921.49
	
179
14921.32
	
331
14921.32
	
225
14919.67
	
282
14919.67
	
126
14916.87
	
176
14916.87
	
98
14913.51
	
354
14913.51
	
173
14913.24
	
351
14913.24
	
226
14912.91
	
279
14912.91
	
120
14912.26
	
192
14912.26
	
126
14911.46
	
260
14911.46
	
898
14912.95
	
360
14912.95
	
208
14912.18
	
188
14912.18
	
94
14910.56
	
223
14910.56
	
146
14909.85
	
320
14909.85
	
225
14909.60
	
315
14909.60
	
150
14910.04
	
175
14910.04
	
96
14909.95
	
349
14909.95
	
167
14910.58
	
321
14910.58
	
217
14910.92
	
278
14910.92
	
126
14910.22
	
176
14910.22
	
806
14916.67
	
350
14916.67
	
271
14918.68
	
336
14918.68
	
193
14994.81
	
192
14994.81
	
100
15198.63
	
225
15198.63
	
147
15020.68
	
326
15020.68
	
231
14908.35
	
307
14908.35
	
170
14885.97
	
186
14885.97
	
91
14891.15
	
232
14891.15
	
155
14896.37
	
349
14896.37
	
246
14899.72
	
294
14899.72
	
545
14912.53
	
257
14912.53
	
320
14913.01
	
309
14913.01
	
239
14913.54
	
320
14913.54
	
188
14917.16
	
209
14917.16
	
89
14919.79
	
208
14919.79
	
283
14921.14
	
301
14921.14
	
231
14920.52
	
306
14920.52
	
176
14919.87
	
187
14919.87
	
93
14919.27
	
209
14919.27
	
141
14919.31
	
319
14919.31
	
854
14928.21
	
306
14928.21
	
144
14931.77
	
188
14931.77
	
134
14936.56
	
290
14936.56
	
237
14937.94
	
336
14937.94
	
210
14939.39
	
220
14939.39
	
92
14942.37
	
203
14942.37
	
275
14946.75
	
298
14946.75
	
231
14948.19
	
323
14948.19
	
193
14949.39
	
215
14949.39
	
87
14950.03
	
208
14950.03
	
841
14952.55
	
401
14952.55
	
285
14952.98
	
265
14952.98
	
112
15063.11
	
183
15063.11
	
126
15249.51
	
270
15249.51
	
224
15057.70
	
336
15057.70
	
210
14951.78
	
273
14951.78
	
115
14932.68
	
183
14932.68
	
128
14934.28
	
261
14934.28
	
214
14940.63
	
334
14940.63
	
201
14945.51
	
221
14945.51
	
701
14907.59
	
306
14907.59
	
252
14859.56
	
343
14859.56
	
239
14758.12
	
281
14758.12
	
122
14686.45
	
169
14686.45
	
93
14635.75
	
239
14635.75
	
199
14529.04
	
349
14529.04
	
240
14334.85
	
263
14334.85
	
108
14185.48
	
173
14185.48
	
113
14168.08
	
272
14168.08
	
227
14179.08
	
334
14179.08
	
816
14162.49
	
240
14162.49
	
133
14176.84
	
345
14176.84
	
156
14203.81
	
321
14203.81
	
225
14228.68
	
326
14228.68
	
182
14227.57
	
182
14227.57
	
101
14227.66
	
245
14227.66
	
205
14232.72
	
333
14232.72
	
232
14240.43
	
285
14240.43
	
131
14239.02
	
176
14239.02
	
96
14238.51
	
237
14238.51
	
688
14244.21
	
370
14244.21
	
231
14247.41
	
192
14247.41
	
79
14297.31
	
332
14297.31
	
148
14362.50
	
332
14362.50
	
235
14370.05
	
303
14370.05
	
167
14376.85
	
205
14376.85
	
106
14384.32
	
334
14384.32
	
152
14386.97
	
326
14386.97
	
234
14388.19
	
301
14388.19
	
144
14385.35
	
159
14385.35
	
877
14215.92
	
359
14215.92
	
284
14223.42
	
337
14223.42
	
207
14230.07
	
213
14230.07
	
89
14235.75
	
192
14235.75
	
118
14240.41
	
306
14240.41
	
240
14242.78
	
320
14242.78
	
190
14243.87
	
203
14243.87
	
103
14243.19
	
322
14243.19
	
135
14245.15
	
315
14245.15
	
226
14248.54
	
308
14248.54
	
768
14260.02
	
243
14260.02
	
304
14259.90
	
277
14259.90
	
230
14262.90
	
334
14262.90
	
206
14266.60
	
240
14266.60
	
95
14268.64
	
182
14268.64
	
256
14269.11
	
303
14269.11
	
236
14271.55
	
319
14271.55
	
189
14271.67
	
215
14271.67
	
88
14273.09
	
186
14273.09
	
114
14272.99
	
299
14272.99
	
639
14277.87
	
336
14277.87
	
168
14279.91
	
163
14279.91
	
94
14374.78
	
238
14374.78
	
203
14510.64
	
369
14510.64
	
228
14512.42
	
244
14512.42
	
94
14467.16
	
179
14467.16
	
253
14336.55
	
289
14336.55
	
240
14235.96
	
336
14235.96
	
209
14228.54
	
256
14228.54
	
101
14236.04
	
196
14236.04
	
805
14258.89
	
402
14258.89
	
294
14261.95
	
318
14261.95
	
151
14264.48
	
183
14264.48
	
107
14266.17
	
237
14266.17
	
197
14266.24
	
334
14266.24
	
230
14267.34
	
283
14267.34
	
128
14269.58
	
192
14269.58
	
111
14272.33
	
261
14272.33
	
215
14275.50
	
334
14275.50
	
209
14277.13
	
246
14277.13
	
691
14291.19
	
298
14291.19
	
232
14292.75
	
342
14292.75
	
247
14292.20
	
315
14292.20
	
173
14292.27
	
182
14292.27
	
96
14294.73
	
209
14294.73
	
165
14295.35
	
368
14295.35
	
251
14297.32
	
281
14297.32
	
125
14299.66
	
190
14299.66
	
106
14300.72
	
234
14300.72
	
189
14302.12
	
336
14302.12
	
843
14308.12
	
262
14308.12
	
131
14314.00
	
303
14314.00
	
114
14458.23
	
312
14458.23
	
240
14641.90
	
305
14641.90
	
169
14606.61
	
190
14606.61
	
99
14406.77
	
219
14406.77
	
169
14285.61
	
327
14285.61
	
237
14281.38
	
304
14281.38
	
167
14299.29
	
181
14299.29
	
87
14308.53
	
229
14308.53
	
847
14332.41
	
381
14332.41
	
241
14334.64
	
230
14334.64
	
103
14336.36
	
314
14336.36
	
128
14337.95
	
325
14337.95
	
252
14339.10
	
323
14339.10
	
191
14339.56
	
219
14339.56
	
96
14340.38
	
315
14340.38
	
125
14342.07
	
333
14342.07
	
237
14342.95
	
302
14342.95
	
169
14344.41
	
179
14344.41
	
866
14351.50
	
339
14351.50
	
277
14352.44
	
362
14352.44
	
229
14354.40
	
240
14354.40
	
91
14355.24
	
177
14355.24
	
103
14355.38
	
269
14355.38
	
221
14354.69
	
336
14354.69
	
198
14355.38
	
209
14355.38
	
87
14355.85
	
330
14355.85
	
135
14356.41
	
323
14356.41
	
250
14355.98
	
331
14355.98
	
500
14360.96
	
253
14360.96
	
292
14360.94
	
239
14360.94
	
201
14384.51
	
329
14384.51
	
208
14623.26
	
246
14623.26
	
101
14752.19
	
171
14752.19
	
93
14636.30
	
274
14636.30
	
231
14414.12
	
353
14414.12
	
224
14311.45
	
249
14311.45
	
95
14315.42
	
176
14315.42
	
96
14329.47
	
304
14329.47
	
874
14348.72
	
353
14348.72
	
197
14347.53
	
181
14347.53
	
236
14348.64
	
254
14348.64
	
211
14348.92
	
339
14348.92
	
229
14350.64
	
284
14350.64
	
122
14352.70
	
175
14352.70
	
224
14354.62
	
254
14354.62
	
208
14353.62
	
336
14353.62
	
213
14355.98
	
266
14355.98
	
110
14358.90
	
194
14358.90
	
777
14382.56
	
386
14382.56
	
281
14425.81
	
318
14425.81
	
171
14496.18
	
179
14496.18
	
93
14571.95
	
211
14571.95
	
170
14607.16
	
342
14607.16
	
246
14624.15
	
291
14624.15
	
133
14637.62
	
177
14637.62
	
224
14652.41
	
243
14652.41
	
198
14668.98
	
334
14668.98
	
229
14687.08
	
274
14687.08
	
707
14765.21
	
262
14765.21
	
195
14767.69
	
313
14767.69
	
234
14813.11
	
343
14813.11
	
208
14989.51
	
190
14989.51
	
97
14864.57
	
209
14864.57
	
169
14768.77
	
326
14768.77
	
233
14755.27
	
304
14755.27
	
162
14757.08
	
183
14757.08
	
92
14764.12
	
208
14764.12
	
163
14767.94
	
340
14767.94
	
830
14811.44
	
285
14811.44
	
128
14813.66
	
217
14813.66
	
160
14813.69
	
307
14813.69
	
234
14810.89
	
317
14810.89
	
183
14807.85
	
208
14807.85
	
89
14805.64
	
192
14805.64
	
139
14804.34
	
301
14804.34
	
229
14801.71
	
326
14801.71
	
178
14799.00
	
182
14799.00
	
90
14797.10
	
217
14797.10
	
714
14790.76
	
381
14790.76
	
241
14788.62
	
246
14788.62
	
100
14788.32
	
288
14788.32
	
102
14785.62
	
272
14785.62
	
223
14783.66
	
327
14783.66
	
199
14783.08
	
234
14783.08
	
82
14782.15
	
177
14782.15
	
130
14780.87
	
295
14780.87
	
225
14779.46
	
311
14779.46
	
181
14778.12
	
208
14778.12
	
807
14774.27
	
302
14774.27
	
247
14773.56
	
318
14773.56
	
199
14836.64
	
300
14836.64
	
129
15021.49
	
165
15021.49
	
70
14867.40
	
269
14867.40
	
221
14762.73
	
356
14762.73
	
222
14741.24
	
245
14741.24
	
97
14741.06
	
283
14741.06
	
95
14743.81
	
284
14743.81
	
233
14744.46
	
327
14744.46
	
830
14747.74
	
240
14747.74
	
265
14747.62
	
243
14747.62
	
193
14746.35
	
339
14746.35
	
230
14745.85
	
277
14745.85
	
121
14725.45
	
181
14725.45
	
80
14598.42
	
238
14598.42
	
192
14225.45
	
320
14225.45
	
205
14156.86
	
256
14156.86
	
118
14154.51
	
341
14154.51
	
131
14154.97
	
267
14154.97
	
817
14155.65
	
319
14155.65
	
193
14155.90
	
220
14155.90
	
264
14155.97
	
256
14155.97
	
176
14156.20
	
303
14156.20
	
197
14156.16
	
284
14156.16
	
159
14156.28
	
210
14156.28
	
253
14156.21
	
240
14156.21
	
174
14156.47
	
283
14156.47
	
180
14156.51
	
255
14156.51
	
130
14156.44
	
229
14156.44
	
768
14157.22
	
333
14157.22
	
229
14156.57
	
268
14156.57
	
144
14135.19
	
225
14135.19
	
128
14054.90
	
227
14054.90
	
155
14036.76
	
297
14036.76
	
197
14034.63
	
268
14034.63
	
149
14058.81
	
218
14058.81
	
258
14067.35
	
230
14067.35
	
161
14072.28
	
286
14072.28
	
189
14081.43
	
268
