=~=~=~=~=~=~=~=~=~=~=~= PuTTY log 2024.12.02 10:17:32 =~=~=~=~=~=~=~=~=~=~=~=
1346
25.55
15913
	
1341
25.55
15914
	
1343
25.86
15938
	
1333
25.86
15939
	
1357
25.99
15963
	
1338
25.99
15964
	
1341
20.83
15988
	
1344
20.83
15989
	
1345
4.66
16013
	
1329
4.66
16014
	
1325
0.00
16161
	
1323
0.00
16162
	
1329
0.00
16186
	
1322
0.00
16187
	
1319
0.00
16212
	
1314
0.00
16213
	
1317
0.00
16237
	
1326
0.00
16238
	
1319
0.00
16262
	
1317
0.00
16263
	
1326
0.00
16287
	
1323
0.00
16288
	
1322
0.00
16435
	
1322
0.00
16436
	
1323
0.00
16460
	
1323
0.00
16461
	
1324
0.00
16485
	
1322
0.00
16486
	
1328
0.00
16510
	
1321
0.00
16511
	
1311
0.00
16535
	
1325
0.00
16536
	
1328
0.00
16561
	
1327
0.00
16562
	
1323
0.00
16708
	
1315
0.00
16709
	
1321
0.00
16734
	
1319
0.00
16735
	
1327
0.00
16759
	
1324
0.00
16784
	
1329
0.00
16785
	
1333
0.00
16809
	
1341
0.00
16810
	
1325
14.87
16834
	
1342
14.87
16835
	
1339
21.53
16859
	
1350
21.53
16983
	
1345
46.01
17007
	
1357
46.01
17009
	
1351
48.93
17032
	
1346
48.93
17033
	
1347
39.23
17057
	
1345
39.23
17058
	
1338
18.14
17083
	
1326
18.14
17084
	
1328
8.18
17108
	
1324
8.18
17109
	
1323
0.00
17256
	
1318
0.00
17257
	
1325
0.81
17281
	
1316
0.81
17282
	
1320
2.50
17306
	
1318
2.50
17307
	
1323
2.82
17331
	
1319
2.82
17332
	
1323
3.75
17356
	
1322
3.75
17357
	
1319
4.08
17381
	
1324
4.08
17382
	
1322
1.34
17529
	
1323
1.34
17530
	
1311
0.74
17554
	
1311
0.74
17555
	
1319
0.09
17579
	
1314
0.09
17580
	
1319
0.00
17605
	
1317
0.00
17606
	
1323
0.00
17630
	
1319
0.00
17631
	
1319
0.00
17655
	
1319
0.00
17656
	
1311
0.00
17803
	
1322
0.00
17804
	
1322
0.00
17831
	
1334
0.00
17832
	
1338
0.25
17856
	
1329
0.25
17857
	
1335
16.38
17881
	
1344
16.38
17882
	
1356
23.12
17907
	
1344
23.12
17908
	
1347
26.24
17932
	
1345
26.24
18056
	
1351
38.25
18080
	
1334
38.25
18082
	
1335
38.86
18105
	
1346
38.86
18106
	
1339
34.85
18130
	
1344
34.85
18131
	
1346
13.53
18155
	
1333
13.53
18156
	
1328
3.79
18180
	
1328
3.79
18181
	
1319
0.00
18328
	
1325
0.00
18329
	
1323
0.20
18353
	
1325
0.20
18354
	
1321
3.16
18378
	
1322
3.16
18379
	
1321
7.80
18403
	
1323
7.80
18404
	
1321
13.67
18429
	
1319
13.67
18430
	
1318
22.37
18454
	
1307
22.37
18455
	
1319
37.56
18602
	
1321
37.56
18603
	
1322
36.42
18627
	
1328
36.42
18628
	
1318
37.34
18652
	
1317
37.34
18653
	
1317
36.88
18677
	
1318
36.88
18678
	
1318
36.03
18702
	
1318
36.03
18703
	
1318
49.70
18850
	
1322
49.70
18851
	
1321
51.47
18875
	
1318
51.47
18876
	
1321
55.21
18900
	
1324
55.21
18901
	
1325
74.86
18926
	
1327
74.86
18927
	
1325
66.10
18951
	
1323
66.10
18952
	
1319
58.42
19098
	
1319
58.42
19099
	
1319
59.42
19124
	
1319
59.42
19125
	
1324
60.30
19149
	
1310
60.30
19150
	
1306
60.90
19174
	
1318
60.90
19175
	
1325
61.07
19199
	
1323
61.07
19200
	
1323
57.28
19347
	
1315
57.28
19348
	
1317
57.13
19372
	
1317
57.13
19373
	
1318
57.51
19397
	
1318
57.51
19398
	
1318
56.90
19422
	
1317
56.90
19423
	
1314
55.87
19448
	
1321
55.87
19449
	
1318
53.20
19595
	
1316
53.20
19596
	
1317
53.64
19620
	
1319
53.64
19621
	
1317
53.48
19646
	
1321
53.48
19647
	
1318
52.55
19671
	
1318
52.55
19672
	
1314
51.94
19696
	
1320
51.94
19697
	
1321
51.28
19844
	
1321
51.28
19845
	
1311
51.18
19869
	
1319
51.18
19870
	
1318
51.06
19894
	
1316
50.93
19919
	
1323
50.93
19920
	
1327
54.63
19944
	
1318
54.63
19945
	
1322
68.89
19970
	
1330
68.89
19971
	
1325
58.05
19995
	
1317
48.15
20139
	
1318
48.15
20140
	
1318
48.12
20165
	
1314
48.12
20166
	
1319
48.14
20190
	
1319
48.14
20191
	
1316
48.44
20215
	
1319
48.44
20216
	
1321
48.92
20240
	
1323
48.92
20241
	
1307
48.28
20388
	
1327
48.28
20389
	
1317
48.34
20413
	
1321
48.34
20414
	
1318
48.55
20438
	
1323
48.55
20439
	
1317
48.53
20463
	
1319
48.53
20464
	
1317
48.18
20488
	
1318
48.18
20489
	
1323
48.09
20636
	
1325
48.09
20637
	
1318
48.22
20661
	
1317
48.22
20662
	
1326
48.14
20686
	
1319
48.14
20687
	
1322
47.96
20712
	
1318
47.96
20713
	
1316
48.17
20737
	
1322
48.17
20738
	
1322
48.02
20885
	
1319
48.02
20886
	
1311
47.82
20910
	
1317
47.82
20911
	
1318
47.90
20935
	
1315
48.09
20960
	
1321
48.09
20961
	
1337
52.89
20985
	
1329
52.89
20986
	
1335
79.42
21010
	
1336
79.42
21011
	
1337
46.63
21158
	
1322
46.63
21159
	
1319
47.29
21183
	
1318
47.29
21184
	
1316
47.53
21208
	
1312
47.53
21209
	
1315
47.75
21234
	
1301
47.75
21235
	
1316
47.99
21259
	
1317
47.99
21260
	
1322
48.04
21407
	
1315
48.04
21408
	
1319
48.07
21432
	
1311
48.07
21433
	
1323
48.15
21457
	
1319
48.15
21458
	
1318
47.98
21482
	
1318
47.98
21483
	
1318
47.99
21507
	
1326
47.99
21508
	
1321
50.65
21655
	
1319
50.65
21656
	
1317
51.34
21680
	
1314
51.34
21681
	
1318
52.22
21705
	
1319
52.22
21706
	
1317
53.08
21730
	
1326
53.08
21731
	
1321
53.57
21756
	
1319
53.57
21757
	
1325
55.89
21903
	
1318
55.89
21904
	
1319
55.88
21929
	
1323
55.88
21930
	
1321
56.09
21954
	
1315
56.09
21955
	
1313
56.38
21979
	
1319
56.46
22004
	
1334
56.46
22005
	
1328
63.94
22029
	
1326
63.94
22030
	
1327
75.40
22054
	
1327
57.31
22199
	
1319
57.31
22200
	
1321
57.58
22224
	
1318
57.58
22225
	
1325
57.99
22249
	
1319
57.99
22250
	
1318
58.44
22274
	
1319
58.44
22275
	
1321
58.56
22300
	
1323
58.56
22301
	
1309
59.91
22447
	
1307
59.91
22448
	
1322
60.29
22473
	
1316
60.29
22474
	
1322
60.35
22498
	
1319
60.35
22499
	
1321
60.32
22523
	
1321
60.32
22524
	
1317
60.68
22548
	
1323
60.68
22549
	
1317
61.02
22696
	
1315
61.02
22697
	
1314
60.97
22721
	
1319
60.97
22722
	
1314
60.99
22746
	
1315
60.99
22747
	
1322
60.81
22771
	
1326
60.81
22772
	
1319
60.61
22796
	
1317
60.61
22797
	
1311
61.00
22944
	
1317
61.00
22945
	
1315
61.15
22969
	
1312
61.15
22970
	
1323
61.12
22994
	
1323
61.12
22995
	
1315
60.84
23020
	
1318
60.69
23045
	
1342
60.69
23046
	
1328
69.13
23070
	
1317
69.13
23071
	
1325
77.80
23095
	
1327
45.67
23240
	
1325
45.67
23241
	
1318
42.69
23265
	
1317
42.69
23266
	
1321
40.19
23290
	
1317
40.19
23291
	
1328
37.32
23315
	
1322
37.32
23316
	
1319
33.15
23340
	
1317
33.15
23341
	
1322
14.21
23488
	
1314
14.21
23489
	
1309
13.51
23513
	
1323
13.51
23514
	
1315
13.01
23538
	
1314
13.01
23539
	
1309
12.41
23564
	
1319
12.41
23565
	
1318
12.31
23589
	
1317
12.31
23590
	
1318
8.60
23737
	
1319
8.60
23738
	
1315
8.10
23762
	
1319
8.10
23763
	
1311
7.93
23787
	
1315
7.93
23788
	
1318
8.10
23812
	
1317
8.10
23813
	
1305
8.05
23837
	
1294
8.05
23838
	
1319
8.10
23862
	
1317
8.10
23863
	
1318
8.50
24010
	
1319
8.50
24011
	
1318
8.88
24035
	
1316
8.88
24036
	
1322
9.10
24060
	
1317
9.42
24086
	
1341
9.42
24087
	
1334
17.65
24111
	
1327
17.65
24112
	
1330
37.94
24136
	
1339
37.94
24137
	
1351
46.78
24161
	
1344
46.78
24285
	
1345
53.84
24309
	
1354
53.84
24310
	
1352
53.45
24334
	
1347
53.45
24335
	
1351
38.80
24359
	
1341
38.80
24360
	
1334
17.86
24384
	
1317
17.86
24385
	
1328
9.63
24409
	
1322
9.63
24410
	
1317
8.46
24557
	
1319
8.46
24558
	
1323
8.50
24582
	
1325
8.50
24583
	
1324
8.73
24608
	
1319
8.73
24609
	
1318
9.07
24633
	
1317
9.07
24634
	
1319
9.17
24658
	
1322
9.17
24659
	
1316
9.12
24683
	
1320
9.12
24684
	
1319
9.33
24831
	
1320
9.33
24832
	
1326
9.50
24856
	
1317
9.50
24857
	
1315
9.69
24881
	
1320
9.69
24882
	
1322
9.75
24906
	
1319
9.75
24907
	
1318
9.65
24931
	
1322
9.65
24932
	
1319
9.65
24957
	
1319
9.65
24958
	
1318
10.55
25104
	
1321
10.55
25105
	
1313
10.85
25129
	
1330
10.85
25130
	
1338
22.99
25155
	
1332
22.99
25156
	
1344
44.91
25180
	
1328
44.91
25181
	
1343
53.52
25205
	
1343
53.52
25206
	
1344
8.44
25353
	
1311
8.44
25354
	
1318
9.31
25378
	
1321
9.31
25379
	
1318
10.20
25403
	
1319
10.20
25404
	
1316
10.41
25428
	
1314
10.41
25429
	
1321
10.66
25453
	
1314
10.66
25454
	
1310
10.94
25479
	
1320
10.94
25603
	
1318
11.62
25626
	
1318
11.62
25627
	
1318
11.49
25651
	
1321
11.49
25652
	
1322
11.32
25677
	
1321
11.32
25678
	
1325
11.20
25702
	
1319
11.20
25703
	
1318
10.94
25727
	
1318
10.94
25728
	
1305
11.15
25875
	
1315
11.15
25876
	
1322
11.34
25900
	
1310
11.34
25901
	
1317
11.48
25925
	
1321
11.48
25926
	
1319
11.41
25950
	
1319
11.41
25951
	
1318
11.10
25975
	
1309
11.10
25976
	
1317
11.33
26123
	
1318
11.33
26124
	
1314
11.19
26148
	
1319
11.65
26173
	
1317
11.65
26174
	
1335
27.40
26199
	
1335
27.40
26200
	
1341
47.48
26224
	
1341
47.48
26225
	
1341
54.71
26249
	
1344
54.71
26250
	
1355
55.31
26274
	
1346
9.30
26419
	
1328
9.30
26420
	
1318
9.73
26444
	
1317
9.73
26445
	
1319
10.17
26469
	
1322
10.17
26470
	
1328
10.44
26494
	
1323
10.44
26495
	
1318
10.70
26519
	
1322
10.70
26520
	
1317
10.87
26544
	
1309
10.87
26668
	
1315
11.52
26692
	
1321
11.52
26693
	
1318
11.44
26717
	
1319
11.44
26718
	
1315
11.36
26742
	
1320
11.36
26743
	
1319
11.26
26768
	
1319
11.26
26769
	
1321
11.37
26793
	
1319
11.37
26794
	
1302
11.67
26941
	
1306
11.67
26942
	
1317
11.72
26966
	
1310
11.72
26967
	
1318
11.75
26991
	
1319
11.75
26992
	
1322
11.85
27016
	
1319
11.85
27017
	
1318
11.92
27041
	
1317
11.92
27042
	
1320
11.81
27189
	
1316
11.81
27190
	
1319
11.85
27214
	
1319
12.00
27239
	
1315
12.00
27240
	
1325
15.82
27264
	
1330
15.82
27265
	
1328
38.46
27290
	
1343
38.46
27291
	
1341
52.16
27315
	
1343
52.16
27316
	
1343
56.23
27340
	
1341
9.55
27484
	
1323
9.55
27485
	
1318
10.43
27510
	
1321
10.43
27511
	
1317
10.81
27535
	
1310
10.81
27536
	
1323
10.86
27560
	
1319
10.86
27561
	
1320
11.04
27585
	
1319
11.04
27586
	
1307
11.07
27610
	
1326
11.07
27734
	
1318
11.54
27758
	
1321
11.54
27759
	
1321
11.49
27783
	
1317
11.49
27784
	
1322
11.75
27808
	
1319
11.75
27809
	
1318
11.66
27834
	
1322
11.66
27835
	
1319
11.60
27859
	
1318
11.60
27860
	
1315
11.53
28006
	
1318
11.53
28007
	
1308
11.48
28032
	
1302
11.48
28033
	
1316
11.47
28057
	
1319
11.47
28058
	
1318
11.25
28082
	
1317
11.25
28083
	
1319
11.29
28107
	
1319
11.29
28108
	
1318
10.93
28255
	
1318
10.93
28256
	
1318
10.79
28280
	
1323
10.77
28305
	
1327
10.77
28306
	
1335
18.92
28330
	
1335
18.92
28331
	
1334
41.96
28355
	
1330
41.96
28356
	
1345
51.36
28381
	
1344
51.36
28382
	
1344
54.05
28406
	
1345
7.71
28550
	
1311
7.71
28551
	
1319
7.95
28576
	
1319
7.95
28577
	
1322
8.00
28601
	
1317
8.00
28602
	
1322
8.43
28626
	
1318
8.43
28627
	
1318
8.86
28651
	
1321
8.86
28652
	
1325
9.17
28676
	
1318
9.17
28677
	
1319
9.73
28824
	
1320
9.73
28825
	
1318
9.83
28849
	
1322
9.83
28850
	
1319
9.93
28874
	
1322
9.93
28875
	
1319
10.00
28899
	
1319
10.00
28900
	
1317
10.06
28925
	
1317
10.06
28926
	
1315
10.17
28950
	
1325
10.17
29074
	
1312
10.55
29098
	
1318
10.55
29099
	
1319
10.58
29123
	
1308
10.58
29124
	
1318
10.50
29148
	
1319
10.50
29149
	
1318
10.56
29173
	
1318
10.56
29174
	
1319
10.54
29198
	
1326
10.54
29199
	
1315
10.60
29346
	
1318
10.60
29347
	
1311
10.82
29371
	
1355
10.82
29372
	
1334
24.30
29396
	
1319
24.30
29397
	
1347
45.65
29421
	
1343
45.65
29422
	
1335
53.66
29447
	
1339
53.66
29448
	
1350
7.87
29594
	
1319
7.87
29595
	
1322
8.16
29620
	
1326
8.16
29621
	
1321
8.68
29645
	
1323
8.68
29646
	
1323
9.12
29670
	
1318
9.12
29671
	
1319
9.19
29695
	
1318
9.19
29696
	
1317
9.23
29720
	
1312
9.23
29721
	
1317
10.28
29868
	
1318
10.28
29869
	
1322
10.24
29893
	
1321
10.24
29894
	
1317
10.24
29918
	
1321
10.24
29919
	
1318
10.36
29943
	
1319
10.36
29944
	
1323
10.46
29969
	
1319
10.46
29970
	
1322
10.32
30116
	
1301
10.32
30117
	
1319
9.94
30141
	
1319
9.94
30142
	
1317
9.67
30167
	
1325
9.67
30168
	
1318
9.52
30192
	
1319
9.52
30193
	
1317
9.23
30217
	
1323
9.23
30218
	
1323
8.63
30242
	
1319
8.63
30243
	
1318
2.54
30390
	
1318
2.54
30391
	
1315
2.16
30418
	
1327
2.16
30419
	
1321
4.49
30443
	
1331
4.49
30444
	
1338
25.39
30468
	
1342
25.39
30469
	
1342
37.52
30494
	
1341
37.52
30495
	
1343
40.49
30519
	
1354
40.49
30643
	
1341
42.38
30667
	
1343
42.38
30669
	
1341
42.21
30692
	
1345
42.21
30693
	
1346
29.77
30717
	
1333
29.77
30718
	
1345
9.39
30742
	
1333
9.39
30743
	
1326
1.01
30767
	
1327
1.01
30768
	
1327
0.00
30915
	
1319
0.00
30916
	
1310
0.00
30940
	
1321
0.00
30941
	
1317
0.00
30965
	
1318
0.00
30966
	
1303
0.00
30990
	
1322
0.00
30991
	
1318
0.00
31016
	
1325
0.00
31017
	
1316
0.00
31041
	
1317
0.00
31042
	
1318
0.00
31189
	
1322
0.00
31190
	
1318
0.00
31214
	
1318
0.00
31215
	
1319
0.00
31239
	
1317
0.00
31240
	
1317
0.00
31264
	
1322
0.00
31265
	
1316
0.00
31289
	
1318
0.00
31290
	
1303
0.00
31314
	
1319
0.00
31315
	
1318
0.23
31462
	
1319
0.23
31463
	
1317
0.35
31487
	
1324
0.35
31488
	
1339
9.93
31512
	
1345
9.93
31513
	
1332
32.12
31538
	
1347
32.12
31539
	
1341
40.64
31563
	
1342
40.64
31564
	
1349
42.69
31588
	
1343
42.69
31712
	
1344
44.24
31736
	
1334
44.24
31738
	
1344
44.25
31761
	
1344
44.25
31762
	
1344
39.67
31786
	
1356
39.67
31787
	
1343
17.99
31811
	
1333
17.99
31812
	
1334
4.13
31836
	
1326
4.13
31837
	
1317
0.00
31984
	
1321
0.00
31985
	
1317
0.00
32009
	
1311
0.00
32010
	
1322
0.11
32034
	
1314
0.11
32035
	
1318
0.39
32060
	
1312
0.39
32061
	
1318
0.52
32085
	
1319
0.52
32086
	
1317
0.62
32110
	
1319
0.62
32111
	
1322
1.04
32258
	
1319
1.04
32259
	
1319
1.06
32283
	
1321
1.06
32284
	
1319
1.04
32308
	
1319
1.04
32309
	
1315
0.97
32333
	
1305
0.97
32334
	
1302
0.97
32358
	
1318
0.97
32359
	
1316
0.87
32383
	
1305
0.87
32384
	
1318
1.19
32531
	
1323
1.19
32532
	
1318
1.10
32556
	
1323
1.10
32557
	
1321
3.35
32581
	
1330
3.35
32582
	
1331
24.62
32607
	
1339
24.62
32608
	
1351
38.30
32632
	
1339
38.30
32633
	
1343
42.25
32657
	
1333
42.25
32781
	
1349
44.03
32805
	
1345
44.03
32807
	
1344
43.97
32830
	
1360
43.97
32831
	
1353
32.49
32855
	
1340
32.49
32856
	
1339
10.35
32880
	
1328
10.35
32881
	
1328
1.44
32905
	
1324
1.44
32906
	
1319
0.00
33053
	
1319
0.00
33054
	
1323
0.00
33078
	
1303
0.00
33079
	
1318
0.00
33103
	
1317
0.00
33104
	
1310
0.02
33129
	
1318
0.02
33130
	
1322
0.26
33154
	
1318
0.26
33155
	
1317
0.43
33179
	
1317
0.43
33180
	
1317
1.57
33327
	
1322
1.57
33328
	
1317
1.83
33352
	
1311
1.83
33353
	
1321
1.97
33377
	
1314
1.97
33378
	
1318
2.24
33402
	
1306
2.24
33403
	
1312
2.57
33427
	
1318
2.57
33428
	
1322
3.04
33452
	
1318
3.04
33453
	
1323
4.26
33600
	
1316
4.26
33601
	
1309
4.32
33625
	
1327
4.32
33626
	
1334
12.22
33651
	
1340
12.22
33652
	
1330
34.93
33676
	
1334
34.93
33677
	
1335
44.61
33701
	
1357
44.61
33702
	
1344
47.10
33726
	
1347
48.61
33871
	
1342
48.61
33872
	
1350
48.68
33896
	
1339
48.68
33897
	
1340
46.42
33921
	
1344
46.42
33922
	
1347
25.54
33946
	
1329
25.54
33947
	
1317
8.54
33971
	
1329
8.54
33972
	
1325
3.74
33996
	
1320
3.74
34120
	
1319
3.76
34144
	
1323
3.76
34145
	
1321
3.96
34169
	
1313
3.96
34170
	
1319
3.84
34195
	
1320
3.84
34196
	
1308
4.01
34220
	
1316
4.01
34221
	
1319
4.18
34245
	
1328
4.18
34246
	
1313
4.59
34393
	
1318
4.59
34394
	
1319
4.73
34418
	
1317
4.73
34419
	
1325
4.88
34443
	
1309
4.88
34444
	
1312
5.10
34468
	
1313
5.10
34469
	
1324
5.20
34493
	
1305
5.20
34494
	
1319
5.27
34518
	
1311
5.27
34519
	
1320
5.26
34666
	
1323
5.26
34667
	
1318
5.62
34691
	
1328
5.62
34692
	
1343
19.90
34716
	
1335
19.90
34717
	
1329
40.75
34742
	
1339
40.75
34743
	
1339
47.88
34767
	
1343
47.88
34768
	
1346
49.05
34792
	
1348
49.05
34916
	
1345
50.59
34940
	
1344
50.59
34942
	
1344
50.72
34965
	
1343
50.72
34966
	
1340
43.19
34990
	
1343
43.19
34991
	
1341
19.35
35015
	
1328
19.35
35016
	
1327
7.18
35040
	
1321
7.18
35041
	
1313
4.34
35188
	
1322
4.34
35189
	
1318
4.61
35213
	
1317
4.61
35214
	
1321
4.78
35238
	
1326
4.78
35239
	
1318
4.87
35264
	
1319
4.87
35265
	
1317
5.01
35289
	
1326
5.01
35290
	
1317
5.23
35314
	
1318
5.23
35315
	
1322
6.13
35462
	
1302
6.13
35463
	
1317
6.14
35487
	
1315
6.14
35488
	
1318
6.07
35512
	
1324
6.07
35513
	
1318
6.19
35537
	
1327
6.19
35538
	
1316
6.27
35562
	
1323
6.27
35563
	
1321
6.17
35587
	
1321
6.17
35588
	
1319
6.16
35735
	
1307
6.16
35736
	
1312
6.18
35760
	
1328
6.18
35761
	
1326
10.78
35786
	
1331
10.78
35787
	
1332
35.60
35811
	
1339
35.60
35812
	
1349
48.24
35836
	
1350
48.24
35837
	
1347
51.71
35984
	
1349
51.71
35986
	
1335
51.49
36009
	
1346
51.49
36010
	
1350
40.02
36034
	
1343
40.02
36035
	
1344
16.73
36059
	
1315
16.73
36060
	
1311
7.58
36084
	
1324
7.58
36085
	
1325
5.26
36109
	
1315
5.26
36233
	
1323
5.78
36257
	
1319
5.78
36258
	
1318
6.18
36282
	
1319
6.18
36283
	
1311
6.56
36308
	
1320
6.56
36309
	
1319
6.90
36333
	
1319
6.90
36334
	
1318
7.25
36358
	
1318
7.25
36359
	
1319
8.67
36506
	
1316
8.67
36507
	
1317
9.05
36531
	
1318
9.05
36532
	
1317
9.38
36556
	
1315
9.38
36557
	
1313
9.60
36581
	
1319
9.60
36582
	
1319
9.85
36606
	
1324
9.85
36607
	
1314
9.84
36631
	
1322
9.84
36632
	
1316
10.67
36779
	
1317
10.67
36780
	
1315
10.66
36804
	
1316
10.66
36805
	
1319
18.16
36829
	
1332
18.16
36830
	
1344
43.40
36855
	
1342
43.40
36856
	
1343
53.60
36880
	
1344
53.60
36881
	
1350
9.71
37027
	
1323
9.71
37028
	
1322
9.69
37053
	
1324
9.69
37054
	
1327
9.66
37078
	
1319
9.66
37079
	
1307
9.20
37103
	
1322
9.20
37104
	
1317
8.67
37128
	
1306
8.67
37129
	
1314
8.83
37153
	
1313
8.83
37154
	
1318
9.79
37301
	
1327
9.79
37302
	
1322
10.00
37326
	
1319
10.00
37327
	
1319
10.13
37351
	
1325
10.13
37352
	
1319
10.31
37377
	
1317
10.31
37378
	
1321
10.64
37402
	
1318
10.64
37403
	
1319
10.80
37427
	
1315
10.89
37571
	
1317
10.89
37572
	
1306
10.77
37597
	
1315
10.77
37598
	
1315
10.85
37622
	
1323
10.85
37623
	
1318
10.84
37647
	
1319
10.84
37648
	
1319
10.89
37672
	
1318
10.89
37673
	
1317
10.99
37820
	
1314
10.99
37821
	
1318
10.87
37845
	
1303
10.99
37870
	
1334
10.99
37871
	
1335
24.61
37895
	
1335
24.61
37896
	
1330
46.78
37920
	
1332
46.78
37921
	
1344
53.90
37946
	
1344
53.90
37947
	
1350
54.95
37971
	
1346
9.75
38115
	
1326
9.75
38116
	
1319
9.61
38141
	
1320
9.61
38142
	
1323
9.66
38166
	
1322
9.66
38167
	
1322
9.07
38191
	
1322
9.07
38192
	
1324
9.11
38216
	
1319
9.11
38217
	
1326
9.22
38241
	
1318
9.22
38242
	
1323
9.69
38389
	
1326
9.69
38390
	
1318
9.76
38414
	
1323
9.76
38415
	
1323
9.83
38439
	
1319
9.83
38440
	
1320
9.61
38464
	
1323
9.61
38465
	
1322
9.50
38490
	
1319
9.50
38491
	
1322
9.61
38515
	
1318
9.61
38516
	
1311
9.56
38663
	
1317
9.56
38664
	
1319
9.52
38688
	
1317
9.52
38689
	
1321
9.22
38713
	
1325
9.22
38714
	
1317
9.10
38738
	
1319
9.10
38739
	
1318
9.05
38763
	
1319
9.05
38764
	
1318
8.82
38788
	
1317
8.82
38789
	
1319
8.65
38936
	
1317
8.65
38937
	
1317
8.58
38961
	
1318
8.58
38962
	
1327
13.32
38986
	
1342
13.32
38987
	
1335
37.82
39012
	
1340
37.82
39013
	
1351
48.88
39037
	
1341
48.88
39038
	
1345
53.12
39184
	
1350
53.12
39186
	
1347
52.65
39210
	
1346
52.65
39211
	
1353
40.46
39235
	
1343
40.46
39236
	
1328
17.46
39260
	
1325
17.46
39261
	
1328
7.79
39285
	
1314
7.79
39286
	
1323
5.54
39310
	
1324
5.54
39434
	
1319
5.48
39458
	
1323
5.48
39459
	
1322
5.59
39483
	
1319
5.59
39484
	
1327
5.55
39508
	
1319
5.55
39509
	
1322
5.52
39533
	
1321
5.52
39534
	
1325
5.38
39559
	
1323
5.38
39560
	
1310
5.28
39584
	
1316
5.28
39708
	
1321
3.59
39732
	
1319
3.59
39733
	
1319
3.50
39757
	
1318
3.50
39758
	
1322
3.31
39782
	
1327
3.31
39783
	
1327
3.04
39807
	
1323
3.04
39808
	
1319
2.77
39832
	
1318
2.77
39833
	
1315
1.64
39980
	
1316
1.64
39981
	
1309
1.59
40005
	
1309
1.61
40030
	
1329
1.61
40031
	
1339
13.50
40055
	
1334
13.50
40056
	
1350
33.59
40081
	
1341
33.59
40082
	
1343
39.58
40106
	
1343
39.58
40107
	
1346
40.43
40131
	
1345
40.43
40255
	
1344
42.22
40279
	
1357
42.22
40281
	
1351
42.20
40304
	
1334
42.20
40305
	
1339
35.98
40329
	
1349
35.98
40330
	
1355
13.32
40354
	
1327
13.32
40355
	
1333
1.10
40379
	
1324
1.10
40380
	
1321
0.00
40527
	
1322
0.00
40528
	
1317
0.00
40552
	
1326
0.00
40553
	
1319
0.00
40577
	
1317
0.00
40578
	
1320
0.00
40603
	
1309
0.00
40604
	
1319
0.00
40628
	
1319
0.00
40629
	
1309
0.00
40653
	
1314
0.00
40654
	
1314
0.00
40801
	
1322
0.00
40802
	
1319
0.00
40826
	
1318
0.00
40827
	
1323
0.00
40851
	
1319
0.00
40852
	
1317
0.00
40876
	
1323
0.00
40877
	
1319
0.00
40901
	
1321
0.00
40902
	
1319
0.00
40926
	
1319
0.00
40927
	
1320
0.00
41074
	
1320
0.00
41075
	
1319
0.00
41099
	
1325
0.00
41100
	
1326
0.00
41125
	
1338
0.00
41126
	
1346
18.84
41150
	
1341
18.84
41151
	
1341
29.67
41175
	
1343
29.67
41176
	
1344
31.97
41200
	
1344
31.97
41324
	
1351
33.21
41348
	
1329
33.21
41350
	
1345
32.99
41373
	
1351
32.99
41374
	
1347
19.40
41398
	
1345
19.40
41399
	
1333
0.00
41423
	
1323
0.00
41424
	
1323
0.00
41448
	
1324
0.00
41449
	
1323
0.00
41596
	
1321
0.00
41597
	
1316
0.00
41621
	
1319
0.00
41622
	
1317
0.00
41646
	
1327
0.00
41647
	
1303
0.00
41672
	
1321
0.00
41673
	
1321
0.00
41697
	
1319
0.00
41698
	
1317
0.00
41722
	
1315
0.00
41723
	
1321
0.00
41870
	
1319
0.00
41871
	
1318
0.00
41895
	
1321
0.00
41896
	
1316
0.00
41920
	
1315
0.00
41921
	
1301
0.00
41945
	
1322
0.00
41946
	
1322
0.00
41970
	
1309
0.00
41971
	
1314
0.00
41996
	
1319
0.00
41997
	
1320
0.00
42143
	
1319
0.00
42144
	
1319
0.00
42168
	
1328
0.00
42169
	
1331
2.41
42194
	
1344
2.41
42195
	
1353
22.46
42219
	
1338
22.46
42220
	
1350
29.62
42244
	
1344
29.62
42245
	
1337
31.14
42269
	
1328
31.14
42393
	
1351
33.91
42417
	
1344
33.91
42419
	
1348
34.37
42442
	
1329
34.37
42443
	
1344
29.52
42467
	
1357
29.52
42468
	
1350
7.46
42492
	
1333
7.46
42493
	
1333
0.00
42517
	
1325
0.00
42518
	
1315
0.00
42665
	
1318
0.00
42666
	
1315
0.00
42690
	
1321
0.00
42691
	
1318
0.00
42716
	
1320
0.00
42717
	
1321
0.00
42741
	
1318
0.00
42742
	
1318
0.00
42766
	
1318
0.00
42767
	
1326
0.00
42791
	
1319
0.00
42792
	
1318
0.00
42939
	
1322
0.00
42940
	
1309
0.00
42964
	
1314
0.00
42965
	
1320
0.00
42989
	
1307
0.00
42990
	
1314
0.00
43014
	
1319
0.00
43015
	
1318
0.00
43039
	
1307
0.00
43040
	
1303
0.00
43065
	
1326
0.00
43066
	
1317
0.00
43212
	
1326
0.00
43213
	
1318
0.00
43238
	
1326
0.00
43239
	
1325
0.00
43263
	
1334
0.00
43264
	
1327
21.42
43288
	
1339
21.42
43289
	
1337
34.61
43313
	
1343
34.61
43314
	
1348
37.82
43338
	
1342
37.82
43462
	
1344
40.76
43486
	
1344
40.76
43488
	
1349
40.65
43511
	
1349
40.65
43512
	
1347
27.63
43536
	
1343
27.63
43537
	
1346
6.76
43561
	
1330
6.76
43562
	
1327
0.00
43587
	
1326
0.00
43588
	
1325
0.00
43734
	
1306
0.00
43735
	
1319
0.00
43760
	
1325
0.00
43761
	
1323
0.00
43785
	
1319
0.00
43786
	
1318
0.00
43810
	
1318
0.00
43811
	
1318
0.00
43835
	
1318
0.00
43836
	
1317
0.00
43860
	
1318
0.00
43861
	
1319
0.45
44008
	
1307
0.45
44009
	
1312
0.55
44033
	
1321
0.55
44034
	
1318
0.65
44058
	
1315
0.65
44059
	
1321
0.73
44083
	
1317
0.73
44084
	
1321
0.68
44109
	
1318
0.68
44110
	
1318
0.79
44134
	
1324
0.79
44135
	
1311
0.96
44281
	
1326
0.96
44282
	
1315
1.10
44307
	
1331
1.10
44308
	
1332
10.46
44332
	
1337
10.46
44333
	
1339
33.12
44357
	
1328
33.12
44358
	
1347
41.38
44382
	
1347
41.38
44383
	
1344
43.10
44407
	
1351
44.58
44552
	
1345
44.58
44553
	
1344
44.71
44577
	
1343
44.71
44578
	
1333
42.12
44602
	
1347
42.12
44603
	
1345
20.80
44627
	
1328
20.80
44628
	
1330
4.90
44653
	
1325
4.90
44654
	
1313
0.61
44678
	
1321
0.61
44802
	
1319
0.34
44825
	
1307
0.34
44826
	
1314
0.47
44851
	
1318
0.47
44852
	
1317
0.66
44876
	
1318
0.66
44877
	
1315
0.74
44901
	
1318
0.74
44902
	
1316
1.01
44926
	
1317
1.01
44927
	
1320
1.94
45074
	
1311
1.94
45075
	
1309
2.17
45099
	
1319
2.17
45100
	
1317
2.20
45124
	
1303
2.20
45125
	
1318
2.20
45149
	
1319
2.20
45150
	
1317
2.28
45174
	
1315
2.28
45175
	
1319
2.29
45200
	
1318
2.29
45201
	
1319
2.48
45347
	
1319
2.48
45348
	
1315
2.91
45373
	
1347
2.91
45374
	
1341
18.21
45398
	
1330
18.21
45399
	
1328
38.86
45423
	
1342
38.86
45424
	
1343
44.83
45448
	
1333
44.83
45449
	
1353
46.09
45473
	
1340
46.09
45597
	
1346
48.01
45621
	
1346
48.01
45623
	
1343
48.37
45646
	
1342
48.37
45647
	
1346
40.11
45671
	
1347
40.11
45672
	
1343
16.56
45696
	
1329
16.56
45697
	
1323
4.97
45722
	
1310
4.97
45723
	
1321
2.54
45869
	
1319
2.54
45870
	
1318
2.79
45895
	
1323
2.79
45896
	
1325
3.11
45920
	
1328
3.11
45921
	
1319
3.50
45945
	
1318
3.50
45946
	
1322
3.73
45970
	
1325
3.73
45971
	
1326
4.06
45995
	
1319
4.06
45996
	
1307
4.70
46143
	
1314
4.70
46144
	
1318
5.02
46168
	
1325
5.02
46169
	
1320
5.04
46193
	
1319
5.04
46194
	
1320
5.25
46218
	
1322
5.25
46219
	
1319
5.58
46244
	
1320
5.58
46245
	
1325
5.59
46269
	
1318
5.59
46270
	
1312
5.86
46417
	
1309
5.86
46418
	
1317
6.03
46445
	
1328
6.03
46446
	
1329
14.19
46470
	
1342
14.19
46471
	
1329
38.92
46495
	
1343
38.92
46496
	
1344
48.64
46520
	
1343
48.64
46521
	
1347
50.99
46545
	
1351
50.99
46669
	
1321
6.03
46693
	
1317
6.03
46694
	
1313
6.11
46718
	
1304
6.11
46719
	
1321
6.08
46744
	
1316
6.08
46745
	
1322
5.86
46769
	
1322
5.86
46770
	
1322
5.91
46794
	
1318
5.91
46795
	
1327
6.55
46942
	
1323
6.55
46943
	
1305
6.40
46967
	
1319
6.40
46968
	
1325
6.26
46992
	
1316
6.26
46993
	
1315
6.41
47017
	
1317
6.41
47018
	
1322
6.55
47042
	
1313
6.55
47043
	
1324
6.84
47068
	
1325
6.84
47069
	
1319
7.69
47215
	
1325
7.69
47216
	
1315
7.79
47240
	
1321
7.79
47241
	
1321
7.95
47266
	
1318
7.95
47267
	
1317
7.91
47291
	
1319
7.91
47292
	
1319
7.77
47316
	
1313
7.77
47317
	
1314
7.75
47341
	
1318
7.75
47342
	
1322
7.84
47489
	
1321
7.84
47490
	
1318
7.92
47517
	
1318
7.92
47518
	
1319
11.00
47542
	
1337
11.00
47543
	
1326
34.39
47568
	
1341
34.39
47569
	
1338
48.40
47593
	
1347
48.40
47594
	
1343
51.99
47618
	
1346
51.99
47742
	
1318
7.11
47766
	
1322
7.11
47767
	
1321
7.18
47791
	
1324
7.18
47792
	
1327
7.48
47816
	
1319
7.48
47817
	
1319
7.74
47841
	
1323
7.74
47842
	
1316
7.86
47866
	
1317
7.86
47867
	
1317
8.76
48014
	
1318
8.76
48015
	
1319
9.16
48039
	
1321
9.16
48040
	
1319
9.61
48064
	
1317
9.61
48065
	
1322
9.57
48090
	
1325
9.57
48091
	
1319
9.62
48115
	
1317
9.62
48116
	
1318
9.38
48140
	
1322
9.38
48141
	
1303
9.38
48288
	
1316
9.38
48289
	
1319
9.41
48313
	
1319
9.41
48314
	
1321
9.52
48338
	
1323
9.52
48339
	
1325
9.33
48363
	
1321
9.33
48364
	
1318
9.40
48388
	
1318
9.40
48389
	
1319
9.69
48413
	
1321
9.69
48414
	
1322
10.51
48561
	
1318
10.51
48562
	
1317
10.66
48586
	
1327
10.66
48587
	
1318
20.28
48611
	
1342
20.28
48612
	
1334
44.52
48637
	
1343
44.52
48638
	
1355
53.76
48662
	
1341
53.76
48663
	
1343
7.64
48810
	
1319
7.64
48811
	
1327
5.41
48835
	
1326
5.41
48836
	
1319
3.87
48860
	
1311
3.87
48861
	
1319
1.97
48885
	
1323
1.97
48886
	
1319
0.00
48910
	
1317
0.00
48911
	
1305
0.00
48935
	
1323
0.00
48936
	
1318
0.00
49083
	
1327
0.00
49084
	
1318
0.00
49108
	
1317
0.00
49109
	
1318
0.00
49133
	
1317
0.00
49134
	
1322
0.00
49159
	
1324
0.00
49160
	
1318
0.00
49184
	
1319
0.00
49185
	
1315
0.00
49209
	
1315
0.00
49210
	
1319
0.00
49357
	
1323
0.00
49358
	
1323
0.00
49382
	
1317
0.00
49383
	
1323
0.00
49407
	
1318
0.00
49408
	
1307
0.00
49432
	
1316
0.00
49433
	
1317
0.00
49457
	
1322
0.00
49458
	
1321
0.00
49483
	
1311
0.00
49484
	
1312
0.00
49630
	
1321
0.00
49631
	
1327
0.00
49655
	
1321
0.00
49656
	
1322
0.00
49681
	
1339
0.00
49682
	
1346
8.84
49706
	
1344
8.84
49707
	
1343
18.16
49731
	
1347
18.16
49732
	
1344
20.43
49756
	
1347
20.43
49880
	
1341
22.63
49904
	
1335
22.63
49906
	
1341
22.84
49929
	
1338
22.84
49930
	
1346
13.59
49954
	
1342
13.59
49955
	
1349
0.00
49979
	
1323
0.00
49980
	
1324
0.00
50004
	
1327
0.00
50005
	
1323
0.00
50152
	
1323
0.00
50153
	
1319
0.00
50177
	
1323
0.00
50178
	
1313
0.00
50203
	
1319
0.00
50204
	
1318
0.00
50228
	
1299
0.00
50229
	
1310
0.00
50253
	
1318
0.00
50254
	
1319
0.00
50278
	
1315
0.00
50279
	
1326
0.00
50426
	
