=~=~=~=~=~=~=~=~=~=~=~= PuTTY log 2024.12.02 12:47:32 =~=~=~=~=~=~=~=~=~=~=~=
1323
0.00
10242
	
1323
0.00
10245
	
1328
0.00
10247
	
1328
0.00
10248
	
1329
0.00
10250
	
1324
0.00
10252
	
1328
0.84
10276
	
1326
0.84
10400
	
1328
22.21
10424
	
1328
22.21
10425
	
1331
23.30
10449
	
1328
23.30
10450
	
1329
24.37
10474
	
1331
24.37
10475
	
1334
20.29
10499
	
1327
20.29
10500
	
1332
11.84
10525
	
1328
11.84
10526
	
1324
9.66
10672
	
1327
9.66
10673
	
1328
9.41
10698
	
1327
9.41
10699
	
1328
9.28
10723
	
1328
9.28
10724
	
1328
9.31
10748
	
1328
9.31
10749
	
1328
9.26
10773
	
1328
9.26
10774
	
1328
9.20
10798
	
1328
9.20
10799
	
1328
9.79
10946
	
1328
9.79
10947
	
1327
9.76
10971
	
1328
9.76
10972
	
1327
9.79
10996
	
1322
9.79
10997
	
1328
10.00
11022
	
1327
10.00
11023
	
1327
10.01
11047
	
1331
10.01
11048
	
1326
9.64
11072
	
1328
9.64
11196
	
1328
10.20
11220
	
1328
10.20
11221
	
1319
10.14
11245
	
1329
10.14
11246
	
1331
10.08
11270
	
1328
10.27
11295
	
1331
10.27
11296
	
1331
14.59
11320
	
1331
14.59
11321
	
1331
25.71
11346
	
1331
25.71
11347
	
1331
27.27
11493
	
1331
27.27
11494
	
1330
26.80
11519
	
1331
26.80
11520
	
1331
20.23
11544
	
1329
20.23
11545
	
1323
12.37
11569
	
1328
12.37
11570
	
1328
11.49
11594
	
1326
11.49
11595
	
1328
10.52
11742
	
1329
10.52
11743
	
1329
10.60
11767
	
1328
10.60
11768
	
1328
10.53
11792
	
1328
10.53
11793
	
1328
10.39
11817
	
1329
10.39
11818
	
1330
10.22
11843
	
1327
10.22
11844
	
1325
10.36
11990
	
1327
10.36
11991
	
1328
10.32
12016
	
1331
10.32
12017
	
1327
10.42
12041
	
1328
10.42
12042
	
1328
10.49
12066
	
1328
10.49
12067
	
1327
10.58
12091
	
1328
10.58
12092
	
1328
10.44
12239
	
1328
10.44
12240
	
1327
10.24
12264
	
1314
10.24
12265
	
1323
10.26
12289
	
1328
10.26
12290
	
1328
10.31
12314
	
1328
10.65
12339
	
1330
10.65
12340
	
1329
17.33
12365
	
1338
17.33
12366
	
1329
27.47
12390
	
1331
28.89
12534
	
1331
28.89
12535
	
1330
28.83
12560
	
1333
28.83
12561
	
1329
27.78
12585
	
1329
27.78
12586
	
1333
18.72
12610
	
1327
18.72
12611
	
1328
12.48
12635
	
1326
12.48
12636
	
1328
10.94
12783
	
1330
10.94
12784
	
1328
11.19
12808
	
1327
11.19
12809
	
1328
11.12
12833
	
1327
11.12
12834
	
1328
10.98
12858
	
1328
10.98
12859
	
1329
11.06
12884
	
1326
11.06
12885
	
1333
10.79
13031
	
1319
10.79
13032
	
1318
10.71
13057
	
1323
10.71
13058
	
1329
10.67
13082
	
1328
10.67
13083
	
1327
10.60
13107
	
1328
10.60
13108
	
1327
10.68
13132
	
1328
10.68
13133
	
1328
10.81
13280
	
1328
10.81
13281
	
1328
10.89
13305
	
1334
10.89
13306
	
1328
11.02
13330
	
1324
11.02
13331
	
1327
11.05
13355
	
1319
11.15
13381
	
1327
11.15
13382
	
1325
11.86
13406
	
1339
11.86
13407
	
1330
21.54
13431
	
1330
29.71
13576
	
1331
29.71
13577
	
1330
29.90
13601
	
1329
29.90
13602
	
1328
28.73
13626
	
1337
28.73
13627
	
1334
19.51
13651
	
1328
19.51
13652
	
1329
13.66
13676
	
1334
13.66
13677
	
1327
11.72
13824
	
1328
11.72
13825
	
1328
11.85
13849
	
1328
11.85
13850
	
1328
11.80
13874
	
1328
11.80
13875
	
1328
12.41
13900
	
1328
12.41
13901
	
1328
13.17
13925
	
1330
13.17
13926
	
1328
14.91
14073
	
1328
14.91
14074
	
1326
15.00
14098
	
1328
15.00
14099
	
1328
15.27
14123
	
1326
15.27
14124
	
1328
15.37
14148
	
1327
15.37
14149
	
1328
15.31
14173
	
1328
15.31
14174
	
1328
22.28
14321
	
1327
22.28
14322
	
1332
23.71
14346
	
1328
23.71
14347
	
1328
23.78
14371
	
1328
23.78
14372
	
1330
22.91
14396
	
1328
21.40
14422
	
1325
21.40
14423
	
1328
20.86
14447
	
1329
20.86
14448
	
1338
29.69
14472
	
1333
33.74
14617
	
1335
33.74
14618
	
1331
33.71
14642
	
1331
33.71
14643
	
1329
32.24
14667
	
1331
32.24
14668
	
1330
22.94
14692
	
1329
22.94
14693
	
1328
17.46
14717
	
1329
17.46
14718
	
1328
15.40
14865
	
1328
15.40
14866
	
1328
15.28
14890
	
1326
15.28
14891
	
1329
15.33
14915
	
1328
15.33
14916
	
1327
15.26
14941
	
1329
15.26
14942
	
1328
15.32
14966
	
1328
15.32
14967
	
1329
15.80
15114
	
1328
15.80
15115
	
1318
15.78
15139
	
1325
15.78
15140
	
1314
15.87
15164
	
1329
15.87
15165
	
1328
16.07
15189
	
1328
16.07
15190
	
1328
16.00
15214
	
1328
16.00
15215
	
1325
16.50
15362
	
1327
16.50
15363
	
1328
16.50
15387
	
1329
16.50
15388
	
1329
16.57
15412
	
1327
16.57
15413
	
1328
16.52
15438
	
1327
16.48
15463
	
1325
16.48
15464
	
1328
17.35
15488
	
1329
17.35
15489
	
1328
28.62
15513
	
1319
34.93
15658
	
1331
34.93
15659
	
1330
35.13
15683
	
1329
35.13
15684
	
1329
33.71
15708
	
1335
33.71
15709
	
1331
24.21
15733
	
1328
24.21
15734
	
1328
19.33
15758
	
1330
19.33
15759
	
1329
18.13
15906
	
1319
18.13
15907
	
1326
18.25
15931
	
1323
18.25
15932
	
1326
18.29
15957
	
1328
18.29
15958
	
1326
18.18
15982
	
1328
18.18
15983
	
1328
18.08
16007
	
1329
18.08
16008
	
1328
16.84
16155
	
1328
16.84
16156
	
1327
16.61
16180
	
1328
16.61
16181
	
1326
16.49
16205
	
1328
16.49
16206
	
1327
16.26
16230
	
1328
16.26
16231
	
1327
16.30
16255
	
1314
16.30
16256
	
1331
16.64
16403
	
1328
16.64
16404
	
1327
16.60
16428
	
1328
16.60
16429
	
1328
16.57
16453
	
1328
16.57
16454
	
1327
16.60
16479
	
1328
16.48
16504
	
1328
16.48
16505
	
1328
17.24
16529
	
1332
17.24
16530
	
1328
28.02
16554
	
1328
33.51
16699
	
1327
33.51
16700
	
1333
33.53
16724
	
1328
33.53
16725
	
1331
32.08
16749
	
1329
32.08
16750
	
1328
22.34
16774
	
1328
22.34
16775
	
1329
17.69
16799
	
1328
17.69
16800
	
1329
16.00
16947
	
1329
16.00
16948
	
1324
15.60
16972
	
1321
15.60
16973
	
1325
15.52
16998
	
1322
15.52
16999
	
1328
15.40
17023
	
1326
15.40
17024
	
1323
15.20
17048
	
1332
15.20
17049
	
1328
15.36
17196
	
1328
15.36
17197
	
1327
15.44
17221
	
1325
15.44
17222
	
1328
15.33
17246
	
1327
15.33
17247
	
1323
15.44
17271
	
1328
15.44
17272
	
1328
15.61
17296
	
1327
15.61
17297
	
1328
15.63
17444
	
1329
15.63
17445
	
1326
15.65
17469
	
1328
15.65
17470
	
1328
15.82
17495
	
1328
15.82
17496
	
1328
15.96
17520
	
1327
16.20
17545
	
1328
16.20
17546
	
1323
17.39
17570
	
1334
17.39
17571
	
1330
28.48
17595
	
1328
34.22
17740
	
1328
34.22
17741
	
1332
34.42
17765
	
1328
34.42
17766
	
1329
32.47
17790
	
1327
32.47
17791
	
1328
22.18
17815
	
1328
22.18
17816
	
1327
18.56
17840
	
1331
18.56
17841
	
1328
17.67
17988
	
1328
17.67
17989
	
1326
17.54
18013
	
1328
17.54
18014
	
1326
17.38
18039
	
1328
17.38
18040
	
1319
17.40
18064
	
1325
17.40
18065
	
1328
17.38
18089
	
1328
17.38
18090
	
1329
17.29
18237
	
1328
17.29
18238
	
1330
17.32
18262
	
1328
17.32
18263
	
1328
17.36
18287
	
1327
17.36
18288
	
1328
17.32
18312
	
1328
17.32
18313
	
1319
17.21
18337
	
1328
17.21
18338
	
1328
17.45
18485
	
1319
17.45
18486
	
1328
17.72
18510
	
1328
17.72
18511
	
1328
17.87
18536
	
1327
17.87
18537
	
1328
18.19
18561
	
1328
18.26
18586
	
1328
18.26
18587
	
1328
19.74
18611
	
1328
19.74
18612
	
1329
32.13
18636
	
1328
36.57
18781
	
1329
36.57
18782
	
1322
36.67
18806
	
1331
36.67
18807
	
1327
34.47
18831
	
1325
34.47
18832
	
1330
24.24
18856
	
1328
24.24
18857
	
1328
20.93
18882
	
1327
20.93
18883
	
1329
20.11
19029
	
1328
20.11
19030
	
1328
20.10
19055
	
1328
20.10
19056
	
1328
20.06
19080
	
1327
20.06
19081
	
1328
20.00
19105
	
1328
20.00
19106
	
1328
19.87
19130
	
1319
19.87
19131
	
1328
19.24
19278
	
1327
19.24
19279
	
1328
19.26
19303
	
1329
19.26
19304
	
1328
19.23
19328
	
1328
19.23
19329
	
1328
19.20
19353
	
1328
19.20
19354
	
1328
19.18
19379
	
1327
19.18
19380
	
1328
19.20
19526
	
1323
19.20
19527
	
1328
19.22
19552
	
1326
19.22
19553
	
1327
19.28
19577
	
1328
19.28
19578
	
1328
19.19
19602
	
1332
19.24
19627
	
1328
19.24
19628
	
1328
20.96
19652
	
1333
20.96
19653
	
1328
33.85
19677
	
1331
38.49
19822
	
1328
38.49
19823
	
1338
38.58
19847
	
1323
38.58
19848
	
1328
35.92
19872
	
1328
35.92
19873
	
1328
25.42
19898
	
1328
25.42
19899
	
1329
22.19
19923
	
1334
22.19
19924
	
1328
20.67
20070
	
1327
20.67
20071
	
1329
20.46
20096
	
1328
20.46
20097
	
1326
20.44
20121
	
1323
20.44
20122
	
1321
20.78
20146
	
1326
20.78
20147
	
1328
21.13
20171
	
1329
21.13
20172
	
1328
21.09
20319
	
1328
21.09
20320
	
1328
20.79
20344
	
1330
20.79
20345
	
1328
20.97
20369
	
1327
20.97
20370
	
1327
20.97
20394
	
1328
20.97
20395
	
1326
20.75
20420
	
1326
20.75
20421
	
1326
20.96
20567
	
1328
20.96
20568
	
1322
21.14
20593
	
1328
21.14
20594
	
1327
21.65
20618
	
1328
21.65
20619
	
1328
21.66
20643
	
1328
21.73
20668
	
1328
21.73
20669
	
1330
23.33
20693
	
1331
23.33
20694
	
1329
35.07
20718
	
1329
39.68
20863
	
1331
39.68
20864
	
1328
40.44
20888
	
1329
40.44
20889
	
1322
37.69
20913
	
1318
37.69
20914
	
1325
27.17
20939
	
1326
27.17
20940
	
1329
23.99
20964
	
1328
23.99
20965
	
1328
22.21
21112
	
1328
22.21
21113
	
1330
21.89
21137
	
1329
21.89
21138
	
1327
21.27
21162
	
1328
21.27
21163
	
1328
20.55
21187
	
1327
20.55
21188
	
1325
19.20
21212
	
1327
19.20
21213
	
1326
12.52
21360
	
1328
12.52
21361
	
1328
10.99
21385
	
1327
10.99
21386
	
1328
11.44
21410
	
1328
11.44
21411
	
1329
11.46
21435
	
1328
11.46
21436
	
1328
10.52
21461
	
1328
10.52
21462
	
1327
13.12
21608
	
1327
13.12
21609
	
1322
13.10
21634
	
1323
13.10
21635
	
1328
13.62
21659
	
1329
13.62
21660
	
1329
13.82
21684
	
1327
13.97
21709
	
1333
13.97
21710
	
1334
15.74
21734
	
1329
15.74
21735
	
1333
25.94
21759
	
1328
29.90
21904
	
1332
29.90
21905
	
1329
30.47
21929
	
1328
30.47
21930
	
1324
28.00
21954
	
1333
28.00
21955
	
1328
18.83
21980
	
1328
18.83
21981
	
1330
16.37
22005
	
1319
16.37
22006
	
1327
15.52
22153
	
1329
15.52
22154
	
1328
15.98
22178
	
1328
15.98
22179
	
1326
15.72
22203
	
1328
15.72
22204
	
1328
15.22
22228
	
1327
15.22
22229
	
1328
15.09
22253
	
1328
15.09
22254
	
1327
14.37
22401
	
1325
14.37
22402
	
1328
14.34
22426
	
1328
14.34
22427
	
1327
14.55
22451
	
1332
14.55
22452
	
1328
14.53
22477
	
1328
14.53
22478
	
1325
14.72
22502
	
1327
14.72
22503
	
1328
14.74
22650
	
1319
14.74
22651
	
1324
14.85
22675
	
1328
14.85
22676
	
1328
14.97
22700
	
1328
14.97
22701
	
1328
15.14
22725
	
1328
15.20
22750
	
1331
15.20
22751
	
1333
17.78
22775
	
1331
17.78
22776
	
1330
32.51
22923
	
1337
32.51
22924
	
1335
32.33
22948
	
1331
32.33
22949
	
1326
29.37
22974
	
1327
29.37
22975
	
1324
19.39
22999
	
1323
19.39
23000
	
1328
16.35
23024
	
1328
16.35
23025
	
1329
14.53
23172
	
1328
14.53
23173
	
1328
14.69
23197
	
1327
14.69
23198
	
1326
14.96
23222
	
1328
14.96
23223
	
1328
15.02
23247
	
1331
15.02
23248
	
1319
15.17
23272
	
1326
15.17
23273
	
1326
18.09
23420
	
1327
18.09
23421
	
1327
18.58
23445
	
1328
18.58
23446
	
1328
18.63
23471
	
1327
18.63
23472
	
1333
18.53
23496
	
1328
18.53
23497
	
1324
18.16
23521
	
1327
18.16
23522
	
1328
16.55
23669
	
1329
16.55
23670
	
1326
16.34
23694
	
1325
16.34
23695
	
1328
16.47
23719
	
1328
16.47
23720
	
1328
16.51
23744
	
1328
16.51
23745
	
1325
16.44
23769
	
1328
16.46
23795
	
1330
16.46
23796
	
1336
20.89
23820
	
1329
34.92
23964
	
1331
34.92
23965
	
1331
35.07
23990
	
1328
35.07
23991
	
1321
31.38
24015
	
1329
31.38
24016
	
1331
21.15
24040
	
1321
21.15
24041
	
1328
18.88
24065
	
1326
18.88
24066
	
1331
16.56
24213
	
1328
16.56
24214
	
1326
16.62
24238
	
1328
16.62
24239
	
1328
16.65
24263
	
1326
16.65
24264
	
1329
16.51
24288
	
1329
16.51
24289
	
1328
16.67
24314
	
1329
16.67
24315
	
1328
17.20
24461
	
1327
17.20
24462
	
1326
17.09
24487
	
1328
17.09
24488
	
1328
17.08
24512
	
1327
17.08
24513
	
1331
17.12
24537
	
1330
17.12
24538
	
1328
16.92
24562
	
1328
16.92
24563
	
1323
16.10
24710
	
1321
16.10
24711
	
1321
16.14
24735
	
1326
16.14
24736
	
1327
16.17
24760
	
1318
16.17
24761
	
1327
16.27
24785
	
1328
16.27
24786
	
1327
16.12
24811
	
1327
16.08
24836
	
1332
16.08
24837
	
1329
20.92
24861
	
1334
32.33
25006
	
1331
32.33
25007
	
1330
32.20
25031
	
1332
32.20
25032
	
1334
28.19
25056
	
1329
28.19
25057
	
1323
17.63
25081
	
1329
17.63
25082
	
1328
15.53
25106
	
1325
15.53
25107
	
1319
14.71
25254
	
1328
14.71
25255
	
1328
14.62
25279
	
1330
14.62
25280
	
1328
14.62
25304
	
1328
14.62
25305
	
1328
14.52
25330
	
1328
14.52
25331
	
1326
14.33
25355
	
1328
14.33
25356
	
1326
13.63
25503
	
1326
13.63
25504
	
1328
13.53
25528
	
1328
13.53
25529
	
1327
13.45
25553
	
1328
13.45
25554
	
1326
13.28
25578
	
1329
13.28
25579
	
1328
13.18
25603
	
1328
13.18
25604
	
1328
12.59
25751
	
1328
12.59
25752
	
1328
12.31
25776
	
1326
12.31
25777
	
1327
12.19
25801
	
1317
12.19
25802
	
1328
12.08
25826
	
1322
12.08
25827
	
1328
12.08
25852
	
1327
11.85
25877
	
1328
11.85
25878
	
1328
16.50
25902
	
1328
27.96
26047
	
1333
27.96
26048
	
1328
27.79
26072
	
1328
27.79
26073
	
1331
24.00
26097
	
1328
24.00
26098
	
1331
14.93
26122
	
1329
14.93
26123
	
1328
12.97
26147
	
1328
12.97
26148
	
1328
6.59
26295
	
1328
6.59
26296
	
1328
3.41
26320
	
1328
3.41
26321
	
1328
1.97
26345
	
1328
1.97
26346
	
1328
3.19
26371
	
1328
3.19
26372
	
1328
4.86
26396
	
1328
4.86
26397
	
1327
6.54
26421
	
1327
6.54
26422
	
1323
9.89
26569
	
1319
9.89
26570
	
1328
8.72
26594
	
1327
8.72
26595
	
1327
8.63
26619
	
1328
8.63
26620
	
1328
8.04
26644
	
1328
8.04
26645
	
1328
6.61
26669
	
1328
6.61
26670
	
1330
6.10
26695
	
1333
6.10
26696
	
1328
4.66
26842
	
1327
4.66
26843
	
1325
3.56
26868
	
1333
3.56
26869
	