=~=~=~=~=~=~=~=~=~=~=~= PuTTY log 2024.11.30 14:29:12 =~=~=~=~=~=~=~=~=~=~=~=
1601
10160
0.00
	
2583
10162
0.61
	
2075
10286
0.61
	
1866
10310
0.60
	
1692
10311
0.60
	
1486
10335
0.72
	
1225
10336
0.72
	
1003
10360
0.56
	
865
10361
0.56
	
714
10385
0.20
	
843
10386
0.20
	
737
10410
0.34
	
1069
10411
0.34
	
909
10435
0.47
	
234
10558
0.47
	
130
10583
0.42
	
213
10584
0.42
	
157
10608
0.39
	
307
10609
0.39
	
209
10634
0.21
	
243
10635
0.21
	
128
10659
0.38
	
145
10660
0.38
	
76
10684
0.45
	
205
10685
0.45
	
145
10709
0.54
	
309
10710
0.54
	
451
10734
0.47
	
304
10858
0.47
	
173
10882
0.50
	
223
10883
0.50
	
168
10907
0.56
	
316
10908
0.56
	
330
10932
0.67
	
343
10933
0.67
	
220
10958
0.81
	
248
10959
0.81
	
141
10983
0.67
	
246
10984
0.67
	
189
11008
0.42
	
523
11132
0.42
	
391
11156
0.48
	
368
11157
0.60
	
271
11182
0.60
	
183
11206
0.72
	
269
11207
0.72
	
310
11231
0.44
	
364
11232
0.44
	
245
11256
0.35
	
271
11257
0.35
	
145
11282
0.45
	
265
11283
0.45
	
205
11307
0.59
	
453
11308
0.59
	
391
11332
0.49
	
333
11456
0.49
	
187
11480
1.09
	
195
11481
1.09
	
112
11505
0.97
	
249
11506
0.97
	
208
11530
0.26
	
330
11531
0.26
	
224
11555
0.30
	
262
11556
0.30
	
137
11580
0.53
	
207
11581
0.53
	
134
11606
0.66
	
359
11730
0.66
	
180
11753
0.66
	
261
11754
0.66
	
144
11778
0.95
	
147
11779
0.95
	
70
11804
1.37
	
199
11805
1.37
	
150
11829
1.88
	
307
11830
1.88
	
222
11854
2.08
	
273
11855
2.08
	
153
11879
3.07
	
195
11880
3.07
	
259
11904
2.98
	
279
12028
2.98
	
303
12052
3.00
	
294
12053
3.00
	
177
12077
3.23
	
224
12078
3.23
	
96
12102
3.94
	
192
12103
3.94
	
145
12128
3.84
	
368
12129
3.84
	
199
12153
4.75
	
306
12154
4.75
	
181
12178
6.16
	
263
12302
6.16
	
172
12326
5.54
	
231
12329
5.54
	
276
12351
10.41
	
328
12352
10.41
	
224
12376
29.39
	
251
12377
29.39
	
112
12401
50.73
	
165
12402
50.73
	
87
12426
59.01
	
240
12427
59.01
	
291
12451
56.05
	
357
12575
56.05
	
218
12599
56.87
	
194
12600
56.87
	
93
12624
48.55
	
223
12625
48.55
	
177
12650
15.87
	
326
12651
15.87
	
234
12675
4.37
	
294
12676
4.37
	
163
12700
3.55
	
189
12701
3.55
	
107
12725
2.46
	
409
12849
2.46
	
239
12873
3.17
	
295
12874
3.17
	
174
12898
3.44
	
213
12899
3.44
	
102
12923
2.85
	
209
12924
2.85
	
158
12948
3.56
	
403
12949
3.56
	
234
12973
3.98
	
329
12974
3.98
	
207
12999
4.95
	
217
13000
4.95
	
285
13024
8.86
	
320
13148
8.86
	
337
13172
10.53
	
336
13173
10.53
	
227
13197
12.25
	
274
13198
12.25
	
142
13222
14.30
	
208
13223
14.30
	
136
13247
15.92
	
241
13248
15.92
	
272
13272
16.92
	
277
13273
16.92
	
469
13297
25.25
	
273
13421
25.25
	
174
13445
27.21
	
211
13448
27.21
	
161
13470
38.91
	
307
13471
38.91
	
209
13496
68.19
	
298
13497
68.19
	
161
13521
87.38
	
205
13522
87.38
	
128
13546
94.77
	
270
13547
94.77
	
474
13571
92.32
	
379
13695
92.32
	
242
13719
92.79
	
240
13720
92.79
	
123
13744
85.63
	
218
13745
85.63
	
167
13769
52.14
	
304
13770
52.14
	
224
13794
32.32
	
307
13795
32.32
	
185
13819
39.02
	
311
13943
39.02
	
220
13967
39.08
	
302
13968
39.08
	
317
13992
39.04
	
307
13993
39.04
	
195
14018
38.86
	
229
14019
38.86
	
116
14043
39.01
	
206
14044
39.01
	
145
14068
38.91
	
380
14069
38.91
	
206
14093
34.43
	
353
14217
34.43
	
231
14241
33.68
	
259
14242
33.68
	
175
14266
32.87
	
258
14267
32.87
	
275
14291
32.26
	
295
14292
32.26
	
196
14316
31.82
	
276
14317
31.82
	
169
14341
31.06
	
245
14342
31.06
	
403
14367
31.71
	
327
14491
31.71
	
231
14514
31.81
	
262
14517
31.81
	
160
14540
34.64
	
243
14541
34.64
	
150
14565
59.02
	
251
14566
59.02
	
176
14590
84.06
	
287
14591
84.06
	
191
14615
92.99
	
275
14616
92.99
	
437
14640
91.99
	
331
14764
91.99
	
231
14788
92.50
	
358
14789
92.50
	
163
14813
75.07
	
303
14814
75.07
	
192
14838
42.50
	
272
14839
42.50
	
161
14864
29.69
	
252
14865
29.69
	
175
14889
26.88
	
272
14890
26.88
	
462
14914
26.83
	
347
15038
26.83
	
224
15062
26.89
	
243
15063
26.89
	
155
15087
26.93
	
256
15088
26.93
	
258
15112
26.95
	
285
15113
26.95
	
183
15137
27.04
	
270
15138
27.04
	
160
15162
27.03
	
243
15163
27.03
	
415
15187
