=~=~=~=~=~=~=~=~=~=~=~= PuTTY log 2024.12.01 13:36:04 =~=~=~=~=~=~=~=~=~=~=~=
1394
168.02
15575
	
1408
168.02
15576
	
1406
139.33
15600
	
1392
139.33
15601
	
1388
21.22
15625
	
1345
21.22
15626
	
1328
0.00
15773
	
1330
0.00
15774
	
1326
0.00
15798
	
1325
0.00
15799
	
1328
0.00
15824
	
1323
0.00
15825
	
1315
0.00
15849
	
1328
0.00
15850
	
1327
0.00
15874
	
1307
0.00
15875
	
1323
0.00
15899
	
1318
0.00
16023
	
1326
0.00
16047
	
1327
0.00
16048
	
1310
0.00
16072
	
1323
0.00
16073
	
1323
0.00
16097
	
1328
0.00
16098
	
1323
0.00
16122
	
1326
0.00
16123
	
1330
0.00
16147
	
1326
0.00
16148
	
1325
0.00
16173
	
1303
0.00
16297
	
1326
0.00
16320
	
1324
0.00
16321
	
1326
0.00
16346
	
1322
0.00
16347
	
1325
0.00
16371
	
1323
0.00
16396
	
1366
0.00
16397
	
1348
14.73
16421
	
1389
14.73
16422
	
1370
53.95
16446
	
1395
53.95
16447
	
1389
181.54
16594
	
1411
181.54
16595
	
1414
181.61
16619
	
1395
181.61
16620
	
1436
126.35
16644
	
1393
126.35
16645
	
1365
15.30
16669
	
1349
15.30
16670
	
1344
0.00
16695
	
1333
0.00
16696
	
1330
0.00
16842
	
1325
0.00
16843
	
1327
0.00
16868
	
1309
0.00
16869
	
1317
0.00
16893
	
1315
0.00
16894
	
1322
0.00
16918
	
1319
0.00
16919
	
1327
0.00
16943
	
1323
0.00
16944
	
1327
0.00
16968
	
1328
0.00
16969
	
1325
0.00
17116
	
1325
0.00
17117
	
1327
0.00
17141
	
1328
0.00
17142
	
1324
0.00
17166
	
1321
0.00
17167
	
1327
0.00
17191
	
1323
0.00
17192
	
1322
0.00
17217
	
1318
0.00
17218
	
1313
0.00
17242
	
1327
0.00
17243
	
1328
0.00
17390
	
1322
0.00
17391
	
1324
0.00
17415
	
1326
0.00
17440
	
1359
0.00
17441
	
1375
22.46
17465
	
1375
22.46
17466
	
1386
60.16
17490
	
1393
60.16
17491
	
1393
119.59
17515
	
1394
119.59
17516
	
1376
168.36
17541
	
1395
183.94
17685
	
1413
183.94
17686
	
1409
184.21
17710
	
1380
184.21
17711
	
1398
167.96
17736
	
1408
167.96
17737
	
1399
39.74
17761
	
1354
39.74
17762
	
1353
4.20
17786
	
1334
4.20
17787
	
1331
0.00
17934
	
1327
0.00
17935
	
1323
0.00
17959
	
1328
0.00
17960
	
1324
0.00
17984
	
1315
0.00
17985
	
1325
0.00
18009
	
1324
0.00
18010
	
1327
0.00
18034
	
1327
0.00
18035
	
1323
0.00
18059
	
1326
0.00
18060
	
1323
0.00
18207
	
1329
0.00
18208
	
1325
0.00
18232
	
1328
0.00
18233
	
1325
0.00
18258
	
1328
0.00
18259
	
1311
0.00
18283
	
1316
0.00
18284
	
1325
0.00
18308
	
1305
0.00
18309
	
1317
0.00
18333
	
1317
0.00
18334
	
1327
0.00
18481
	
1324
0.00
18482
	
1325
0.00
18509
	
1328
0.00
18510
	
1317
6.43
18534
	
1374
6.43
18535
	
1365
48.31
18559
	
1389
48.31
18560
	
1405
84.76
18585
	
1375
84.76
18586
	
1393
152.28
18610
	
1398
152.28
18734
	
1404
185.40
18758
	
1402
185.40
18759
	
1407
185.00
18783
	
1422
185.00
18784
	
1413
109.60
18808
	
1377
109.60
18809
	
1385
12.84
18833
	
1342
12.84
18834
	
1346
0.00
18858
	
1328
0.00
18859
	
1327
0.00
19006
	
1326
0.00
19007
	
1328
0.00
19031
	
