=~=~=~=~=~=~=~=~=~=~=~= PuTTY log 2024.12.02 12:14:43 =~=~=~=~=~=~=~=~=~=~=~=
1319
0.00
23108
	
1322
0.00
23111
	
1318
0.00
23113
	
1315
0.00
23114
	
1312
0.00
23116
	
1323
0.00
23118
	
1322
0.00
23142
	
1327
0.00
23266
	
1326
11.45
23290
	
1323
11.45
23291
	
1323
11.62
23315
	
1325
11.62
23316
	
1323
11.58
23340
	
1327
11.58
23341
	
1324
7.46
23365
	
1317
7.46
23366
	
1315
1.92
23390
	
1321
1.92
23391
	
1321
0.65
23538
	
1321
0.65
23539
	
1323
0.76
23563
	
1325
0.76
23564
	
1322
0.66
23589
	
1322
0.66
23590
	
1321
0.77
23614
	
1318
0.77
23615
	
1322
0.65
23639
	
1320
0.65
23640
	
1315
0.70
23664
	
1316
0.70
23665
	
1323
0.64
23812
	
1322
0.64
23813
	
1319
0.58
23837
	
1322
0.58
23838
	
1321
0.52
23862
	
1323
0.52
23863
	
1319
0.54
23887
	
1317
0.54
23888
	
1321
0.58
23913
	
1321
0.58
23914
	
1319
0.55
23938
	
1325
0.55
23939
	
1319
0.39
24086
	
1321
0.39
24087
	
1319
0.33
24111
	
1323
0.33
24112
	
1322
0.28
24136
	
1322
0.39
24161
	
1328
0.39
24162
	
1325
3.74
24186
	
1330
3.74
24187
	
1322
11.11
24211
	
1325
11.11
24212
	
1323
11.65
24237
	
1328
11.65
24238
	
1323
12.23
24384
	
1325
12.23
24386
	
1325
12.26
24410
	
1323
12.26
24411
	
1323
10.78
24435
	
1325
10.78
24436
	
1325
3.75
24460
	
1322
3.75
24461
	
1322
0.78
24485
	
1321
0.78
24486
	
1327
0.00
24633
	
1321
0.00
24634
	
1313
0.00
24658
	
1316
0.00
24659
	
1323
0.00
24683
	
1322
0.00
24684
	
1324
0.00
24708
	
1322
0.00
24709
	
1323
0.00
24734
	
1318
0.00
24735
	
1323
0.00
24759
	
1321
0.00
24760
	
1323
0.00
24907
	
1325
0.00
24908
	
1324
0.00
24932
	
1318
0.00
24933
	
1314
0.00
24957
	
1317
0.00
24958
	
1319
0.00
24982
	
1314
0.00
24983
	
1317
0.00
25007
	
1325
0.00
25008
	
1317
0.00
25032
	
1319
0.00
25033
	
1319
0.00
25180
	
1320
0.00
25181
	
1321
0.00
25205
	
1323
0.00
25206
	
1322
0.00
25231
	
1325
0.00
25232
	
1323
6.34
25256
	
1325
6.34
25257
	
1324
10.69
25281
	
1324
10.69
25282
	
1323
11.11
25306
	
1322
11.11
25430
	
1322
11.65
25454
	
1328
11.65
25456
	
1323
11.63
25479
	
1328
11.63
25480
	
1325
8.13
25504
	
1319
8.13
25505
	
1318
1.81
25529
	
1326
1.81
25530
	
1319
0.60
25555
	
1322
0.60
25556
	
1314
0.05
25702
	
1316
0.05
25703
	
1325
0.05
25728
	
1323
0.05
25729
	
1322
0.01
25753
	
1323
0.01
25754
	
1322
0.04
25778
	
1323
0.04
25779
	
1323
0.02
25803
	
1319
0.02
25804
	
1324
0.02
25828
	
1321
0.02
25829
	
1319
0.00
25976
	
1311
0.00
25977
	
1318
0.00
26001
	
1314
0.00
26002
	
1319
0.00
26026
	
1317
0.00
26027
	
1321
0.00
26052
	
1327
0.00
26053
	
1319
0.00
26077
	
1323
0.00
26078
	
1328
0.01
26102
	
1325
0.01
26103
	
1319
0.00
26250
	
1325
0.00
26251
	
1323
0.00
26278
	
1323
0.00
26279
	
1327
2.16
26303
	
1322
2.16
26304
	
1325
10.28
26328
	
1326
10.28
26329
	
1328
11.55
26354
	
1323
11.55
26355
	
1323
11.45
26379
	
1325
11.45
26503
	
1328
12.08
26527
	
1318
12.08
26529
	
1327
11.86
26552
	
1319
11.86
26553
	
1323
10.17
26577
	
1323
10.17
26578
	
1323
3.54
26602
	
1322
3.54
26603
	
1323
0.65
26627
	
1318
0.65
26628
	
1322
0.12
26775
	
1319
0.12
26776
	
1320
0.12
26800
	
1328
0.12
26801
	
1318
0.00
26825
	
1321
0.00
26826
	
1315
0.00
26851
	
1322
0.00
26852
	
1321
0.00
26876
	
1317
0.00
26877
	
1318
0.00
26901
	
1323
0.00
26902
	
1318
0.00
27049
	
1319
0.00
27050
	
1323
0.00
27074
	
1319
0.00
27075
	
1318
0.00
27099
	
1323
0.00
27100
	
1317
0.00
27124
	
1323
0.00
27125
	
1319
0.00
27149
	
1314
0.00
27150
	
1319
0.00
27174
	
1313
0.00
27175
	
1318
0.00
27322
	
1320
0.00
27323
	
1321
0.00
27347
	
1321
0.00
27348
	
1319
0.00
27373
	
1326
0.00
27374
	
1327
7.34
27398
	
1328
7.34
27399
	
1328
10.67
27423
	
1328
10.67
27424
	
1321
11.01
27448
	
1326
11.01
27572
	
1326
10.86
27596
	
1322
10.86
27598
	
1325
10.79
27621
	
1326
10.79
27622
	
1327
6.76
27646
	
1322
6.76
27647
	
1323
0.17
27671
	
1323
0.17
27672
	
1323
0.00
27697
	
1323
0.00
27698
	
1323
34.81
27844
	
1313
34.81
27845
	
1315
39.76
27870
	
1314
39.76
27871
	
1321
46.82
27895
	
1321
46.82
27896
	
1322
54.15
27920
	
1323
54.15
27921
	
1319
60.10
27945
	
1326
60.10
27946
	
1319
70.32
28093
	
1322
70.32
28094
	
1325
70.40
28118
	
1323
70.40
28119
	
1314
70.29
28143
	
1319
70.29
28144
	
1322
70.48
28168
	
1322
70.48
28169
	
1315
69.53
28194
	
1319
69.53
28195
	
1322
67.40
28341
	
1322
67.40
28342
	
1323
67.99
28367
	
1323
67.48
28392
	
1328
67.48
28393
	
1327
67.47
28417
	
1326
67.47
28418
	
1326
77.77
28442
	
1323
77.77
28443
	
1325
78.68
28467
	
1324
78.68
28468
	
1321
77.73
28492
	
1326
75.48
28637
	
1322
75.48
28638
	
1328
75.47
28662
	
1326
75.47
28663
	
1327
69.84
28687
	
1319
69.84
28688
	
1325
61.68
28712
	
1323
61.68
28713
	
1322
60.74
28738
	
1321
60.74
28739
	
1325
59.62
28885
	
1325
59.62
28886
	
1318
59.44
28911
	
1321
59.44
28912
	
1321
58.97
28936
	
1319
58.97
28937
	
1317
58.77
28961
	
1319
58.77
28962
	
1319
58.79
28986
	
1325
58.79
28987
	
1319
57.22
29134
	
1319
57.22
29135
	
1319
56.85
29159
	
1321
56.85
29160
	
1322
56.49
29184
	
1321
56.49
29185
	
1316
56.00
29209
	
1321
56.00
29210
	
1323
55.74
29234
	
1314
55.74
29235
	
1315
55.48
29382
	
1323
55.48
29383
	
1321
55.36
29407
	
1319
55.40
29433
	
1326
55.40
29434
	
1323
56.75
29458
	
1328
56.75
29459
	
1328
67.41
29483
	
1325
67.41
29484
	
1318
69.08
29508
	
1324
69.08
29509
	
1326
69.22
29533
	
1323
68.60
29678
	
1326
68.60
29679
	
1325
67.82
29703
	
1321
67.82
29704
	
1327
61.31
29728
	
1325
61.31
29729
	
1321
53.78
29753
	
1323
53.78
29754
	
1322
53.41
29778
	
1322
53.41
29779
	
1323
52.61
29926
	
1324
52.61
29927
	
1320
52.68
29951
	
1321
52.68
29952
	
1316
52.55
29977
	
1323
52.55
29978
	
1319
52.34
30002
	
1319
52.34
30003
	
1322
52.19
30027
	
1319
52.19
30028
	
1319
51.70
30175
	
1319
51.70
30176
	
1328
51.41
30200
	
1322
51.41
30201
	
1324
51.09
30225
	
1322
51.09
30226
	
1321
51.03
30250
	
1322
51.03
30251
	
1322
50.96
30275
	
1319
50.96
30276
	
1323
51.29
30423
	
1319
51.29
30424
	
1321
51.52
30448
	
1323
51.45
30473
	
1325
51.45
30474
	
1323
52.86
30499
	
1325
52.86
30500
	
1322
64.36
30524
	
1324
64.36
30525
	
1319
66.80
30549
	
1330
66.80
30550
	
1323
67.06
30574
	
1321
65.12
30719
	
1324
65.12
30720
	
1328
64.53
30744
	
1327
64.53
30745
	
1322
64.05
30769
	
1321
64.05
30770
	
1325
56.28
30794
	
1328
56.28
30795
	
1325
50.85
30819
	
1323
50.85
30820
	
1322
49.28
30967
	
1319
49.28
30968
	
1319
48.60
30992
	
1325
48.60
30993
	
1321
48.05
31017
	
1322
48.05
31018
	
1322
48.38
31043
	
1321
48.38
31044
	
1319
48.33
31068
	
1319
48.33
31069
	
1321
47.70
31216
	
1319
47.70
31217
	
1327
47.65
31241
	
1321
47.65
31242
	
1325
48.12
31266
	
1327
48.12
31267
	
1318
48.49
31291
	
1318
48.49
31292
	
1327
48.45
31316
	
1325
48.45
31317
	
1319
47.14
31464
	
1325
47.14
31465
	
1319
47.07
31489
	
1322
46.93
31514
	
1328
46.93
31515
	
1328
48.58
31540
	
1325
48.58
31541
	
1326
59.81
31565
	
1327
59.81
31566
	
1327
61.46
31590
	
1324
61.46
31591
	
1327
61.65
31615
	
1328
61.71
31760
	
1329
61.71
31761
	
1330
61.31
31785
	
1325
61.31
31786
	
1319
60.47
31810
	
1326
60.47
31811
	
1325
52.92
31835
	
1322
52.92
31836
	
1323
47.98
31860
	
1322
47.98
31861
	
1323
46.36
32008
	
1318
46.36
32009
	
1321
46.57
32033
	
1322
46.57
32034
	
1321
46.96
32058
	
1323
46.96
32059
	
1319
47.15
32084
	
1319
47.15
32085
	
1317
47.59
32109
	
1325
47.59
32110
	
1319
47.08
32257
	
1322
47.08
32258
	
1323
47.09
32282
	
1319
47.09
32283
	
1319
47.00
32307
	
1322
47.00
32308
	
1321
46.85
32332
	
1322
46.85
32333
	
1322
46.13
32357
	
1323
46.13
32358
	
1322
45.51
32505
	
1315
45.51
32506
	
1322
45.44
32530
	
1321
45.41
32555
	
1324
45.41
32556
	
1324
47.13
32580
	
1325
47.13
32581
	
1325
58.32
32606
	
1328
58.32
32607
	
1328
60.23
32631
	
1327
60.23
32632
	
1326
60.74
32656
	
1327
58.70
32801
	
1327
58.70
32802
	
1325
58.62
32826
	
1325
58.62
32827
	
1322
57.38
32851
	
1328
57.38
32852
	
1325
48.34
32876
	
1323
48.34
32877
	
1323
43.64
32901
	
1325
43.64
32902
	
1325
31.74
33049
	
1324
31.74
33050
	
1321
24.62
33074
	
1322
24.62
33075
	
1322
17.60
33099
	
1326
17.60
33100
	
1320
10.78
33125
	
1321
10.78
33126
	
1319
8.46
33150
	
1323
8.46
33151
	
1321
6.80
33175
	
1323
6.80
33299
	
1327
0.20
33323
	
1321
0.20
33324
	
1323
0.37
33348
	
1322
0.37
33349
	
1321
0.36
33373
	
1326
0.36
33374
	
1319
0.44
33398
	
1323
0.44
33399
	
1322
0.40
33423
	
1323
0.40
33424
	
1322
0.29
33571
	
1323
0.29
33572
	
1319
0.31
33596
	
1326
0.36
33621
	
1329
0.36
33622
	
1328
3.37
33647
	
1326
3.37
33648
	
1324
10.52
33672
	
1327
10.52
33673
	
1323
11.30
33697
	
1327
11.30
33698
	
1325
11.47
33722
	
1325
11.47
33723
	
1323
11.72
33870
	
1325
11.72
33872
	
1325
11.68
33895
	
1317
11.68
33896
	
1326
9.51
33920
	
1319
9.51
33921
	
1325
2.70
33945
	
1322
2.70
33946
	
1325
0.66
33971
	
1322
0.66
33972
	
1322
0.30
33996
	
1321
0.30
34120
	
1317
0.00
34144
	
1324
0.00
34145
	
1317
0.00
34169
	
1319
0.00
34170
	
1316
0.00
34194
	
1318
0.00
34195
	
1322
0.00
34219
	
1325
0.00
34220
	
1319
0.00
34244
	
1323
0.00
34245
	
1321
0.26
34392
	
1322
0.26
34393
	
1325
5.06
34417
	
1324
5.06
34418
	
1321
11.15
34442
	
1322
11.15
34443
	
1315
15.20
34467
	
1326
15.20
34468
	
1319
16.00
34493
	
1326
16.00
40190
	
1326
16.00
40191
	
1323
16.00
40195
	
1317
16.00
40197
	
1323
16.00
40198
	
1321
16.00
40200
	
1323
99.17
40347
	
1406
99.17
40348
	
1397
97.37
40372
	
1401
97.37
40373
	
1394
97.44
40397
	
1398
97.44
40398
	
1398
96.73
40422
	
1414
96.73
40423
	
1424
67.76
40447
	
1382
67.76
40448
	
1362
0.00
40595
	
1324
0.00
40596
	
1323
0.00
40620
	
1320
0.00
40621
	
1327
0.00
40646
	
1322
0.00
40647
	
1319
0.00
40671
	
1319
0.00
40672
	
1319
0.00
40696
	
1321
0.00
40697
	
1317
0.00
40721
	
1318
0.00
40722
	
1318
0.00
40869
	
1322
0.00
40870
	
1322
0.00
40894
	
1322
0.00
40895
	
1319
0.00
40919
	
1318
0.00
40920
	
1319
0.00
40944
	
1325
0.00
40945
	
1319
0.00
40970
	
1321
0.00
40971
	
1313
0.00
40995
	
1315
0.00
40996
	
1321
0.00
41143
	
1319
0.00
41144
	
1320
0.00
41168
	
1319
0.00
41169
	
1321
0.00
41193
	
1319
0.00
41194
	
1319
0.00
41218
	
1319
0.00
41243
	
1359
0.00
41244
	
1356
25.57
41268
	
1385
25.57
41269
	
1387
74.81
41294
	
1394
74.81
41295
	
1405
96.53
41441
	
1408
96.53
41443
	
1403
93.10
41467
	
1420
93.10
41468
	
1424
56.49
41492
	
1364
56.49
41493
	
1367
12.90
41517
	
1334
12.90
41518
	
1334
0.00
41542
	
1331
0.00
41543
	
1328
0.00
41690
	
1316
0.00
41691
	
1315
0.00
41715
	
1324
0.00
41716
	
1319
0.00
41740
	
1319
0.00
41741
	
1323
0.00
41765
	
1323
0.00
41766
	
1322
0.00
41791
	
1319
0.00
41792
	
1323
0.00
41816
	
1319
0.00
41817
	
1319
0.00
41963
	
1315
0.00
41964
	
1321
0.00
41989
	
1316
0.00
41990
	
1319
0.00
42014
	
1315
0.00
42015
	
1314
0.00
42039
	
1318
0.00
42040
	
1317
0.00
42064
	
1321
0.00
42065
	
1321
0.00
42089
	
1323
0.00
42090
	
1319
0.00
42237
	
1319
0.00
42238
	
1318
0.00
42262
	
1319
0.00
42287
	
1361
0.00
42288
	
1362
28.75
42313
	
1365
28.75
42314
	
1379
72.79
42338
	
1402
72.79
42339
	
1389
90.89
42363
	
1392
90.89
42364
	
1401
92.87
42388
	
1405
92.87
42512
	
1405
87.99
42536
	
1408
87.99
42538
	
1408
87.91
42561
	
1427
87.91
42562
	
1424
60.99
42586
	
1322
60.99
49106
	
1313
60.99
49107
	
1319
60.99
49111
	
1321
60.99
49113
	
1322
60.99
49114
	
1319
60.99
49116
	
1317
43.04
49263
	
1345
43.04
49264
	
1349
43.37
49288
	
1348
43.37
49289
	
1348
43.98
49313
	
1358
43.98
49314
	
1346
44.29
49338
	
1346
44.29
49339
	
1360
32.39
49363
	
1339
32.39
49364
	
1345
0.00
49511
	
1317
0.00
49512
	
1321
0.00
49536
	
1322
0.00
49537
	
1321
0.00
49561
	
1317
0.00
49562
	
1326
0.00
49587
	
1322
0.00
49588
	
1323
0.00
49612
	
1321
0.00
49613
	
1326
0.00
49637
	
1320
0.00
49638
	
1317
0.00
49785
	
1323
0.00
49786
	
1319
0.00
49810
	
1324
0.00
49811
	
1319
0.00
49835
	
1314
0.00
49836
	
1313
0.00
49860
	
1317
0.00
49861
	
1322
0.00
49885
	
1319
0.00
49886
	
1323
0.00
49911
	
1321
0.00
49912
	
1319
1.13
50058
	
1323
1.13
50059
	
1328
1.36
50084
	
1322
1.36
50085
	
1323
1.38
50109
	
1322
1.38
50110
	
1317
1.51
50134
	
1318
1.88
50159
	
1333
1.88
50160
	
1333
15.69
50184
	
1331
15.69
50185
	
1351
37.63
50209
	
1344
37.63
50333
	
1356
46.50
50357
	
1347
46.50
50359
	
1348
45.85
50382
	
1354
45.85
50383
	
1350
28.82
50408
	
1334
28.82
50409
	
1329
8.58
50433
	
1328
8.58
50434
	
1326
0.96
50458
	
1317
0.96
50459
	
1322
0.00
50606
	
1324
0.00
50607
	
1327
0.00
50631
	
1322
0.00
50632
	
1321
0.00
50656
	
1319
0.00
50657
	
1325
0.00
50681
	
1322
0.00
50682
	
1321
0.00
50706
	
1323
0.00
50707
	
1322
0.00
50731
	
1318
0.00
50732
	
1322
0.00
50879
	
1317
0.00
50880
	
1322
0.48
50904
	
1318
0.48
50905
	
1317
0.57
50930
	
1322
0.57
50931
	
1323
0.41
50955
	
1318
0.41
50956
	
1321
0.39
50980
	
1325
0.39
50981
	
1318
0.73
51005
	
1319
0.73
51006
	
1319
0.77
51153
	
1318
0.77
51154
	
1318
0.56
51178
	
1319
1.06
51203
	
1327
1.06
51204
	
1328
20.21
51228
	
1340
20.21
51229
	
1342
39.74
51253
	
1345
39.74
51254
	
1349
44.98
51279
	
1351
44.98
51280
	
1349
45.63
51304
	
1347
45.63
51428
	
1314
45.63
56869
	
1325
45.63
56871
	
1325
45.63
56872
	
1325
45.63
56876
	
1322
45.63
56878
	
1327
45.63
56879
	
1322
12.89
57026
	
1328
12.89
57027
	
1323
13.16
57051
	
1329
13.16
57052
	
1329
13.79
57076
	
1325
13.79
57077
	
1328
13.76
57101
	
1326
13.76
57102
	
1331
9.05
57126
	
1325
9.05
57127
	
1323
0.10
57151
	
1322
0.10
57275
	
1320
0.00
57299
	
1318
0.00
57300
	
1322
0.00
57324
	
1318
0.00
57325
	
1318
0.00
57350
	
1326
0.00
57351
	
1321
0.00
57375
	
1321
0.00
57376
	
1321
0.00
57400
	
1326
0.00
57401
	
1322
0.00
57548
	
1317
0.00
57549
	
1317
0.00
57573
	
1322
0.00
57574
	
1321
0.00
57598
	
1316
0.00
57599
	
1322
0.00
57623
	
1323
0.00
57624
	
1321
0.00
57648
	
1318
0.00
57649
	
1319
0.00
57674
	
1322
0.00
57675
	
1318
0.00
57821
	
1322
0.00
57822
	
1319
0.00
57847
	
1319
0.00
57848
	
1319
0.00
57872
	
1318
0.00
57873
	
1319
0.00
57897
	
1316
0.00
57922
	
1327
0.00
57923
	
1328
2.28
57947
	
1322
2.28
57948
	
1322
11.84
57972
	
1324
11.84
57973
	
1327
13.64
58120
	
1328
13.64
58122
	
1326
13.18
58145
	
1325
13.18
58146
	
1318
7.50
58170
	
1321
7.50
58171
	
1324
0.65
58196
	
1319
0.65
58197
	
1322
0.00
58221
	
1319
0.00
58222
	
1323
0.00
58246
	
1324
0.00
58370
	
1319
0.00
58394
	
1324
0.00
58395
	
1321
0.00
58419
	
1323
0.00
58420
	
1319
0.00
58444
	
1323
0.00
58445
	
1318
0.00
58469
	
1323
0.00
58470
	
1317
0.00
58494
	
1318
0.00
58495
	
1327
0.00
58520
	
1318
0.00
58644
	
1322
0.00
58667
	
1325
0.00
58668
	
1319
0.00
58693
	
1321
0.00
58694
	
1319
0.00
58718
	
1319
0.00
58719
	
1325
0.00
58743
	
1322
0.00
58744
	
1322
0.00
58768
	
1319
0.00
58769
	
1317
0.00
58916
	
1318
0.00
58917
	
1323
0.00
58941
	
1319
0.00
58966
	
1328
0.00
58967
	
1328
4.37
58991
	
1328
4.37
58992
	
1326
11.93
59016
	
1327
11.93
59017
	
1328
12.32
59042
	
1327
12.32
59043
	
1323
13.03
59067
	
1325
13.03
59068
	
1322
12.90
59215
	
1327
12.90
59217
	
1325
12.61
59240
	
1328
12.61
59241
	
1325
9.30
59265
	
1323
9.30
59266
	
1328
0.40
59290
	
1323
0.40
59291
	
1319
0.00
59315
	
1318
0.00
59316
	
1325
0.00
59463
	
1323
0.00
59464
	
1314
0.00
59488
	
1316
0.00
59489
	
1323
0.00
59513
	
1316
0.00
59514
	
1317
0.00
59539
	
1318
0.00
59540
	
1326
0.00
59564
	
1319
0.00
59565
	
1319
0.00
59589
	
1321
0.00
59590
	
1322
0.00
59737
	
1319
0.00
59738
	
1319
0.00
59762
	
1321
0.00
59763
	
1314
0.00
59787
	
1318
0.00
59788
	
1321
0.00
59812
	
1323
0.00
59813
	
1315
0.00
59837
	
1322
0.00
59838
	
1322
0.00
59862
	
1319
0.00
59863
	
1319
0.00
60010
	
1323
0.00
60011
	
1321
0.00
60035
	
1327
0.00
60036
	
1321
0.00
60061
	
1323
0.00
60062
	
1328
4.64
60086
	
1325
4.64
60087
	
1317
6.45
60111
	
1318
6.45
60112
	
1325
7.26
60136
	
1319
7.26
60137
	
1323
8.07
60284
	
1325
8.07
60286
	
1326
8.28
60309
	
1322
8.28
60310
	
1325
7.26
60334
	
1326
7.26
60335
	
1327
0.00
60359
	
1319
0.00
60360
	
1317
0.00
60385
	
1321
0.00
60386
	
1322
0.00
60410
	
1316
0.00
60411
	
1321
0.00
60558
	
1323
0.00
60559
	
1321
0.00
60583
	
1315
0.00
60584
	
1319
0.00
60608
	
1316
0.00
60609
	
1321
0.00
60633
	
1321
0.00
60634
	
1319
0.00
60658
	
1321
0.00
60659
	
1318
0.00
60683
	
1318
0.00
60807
	
1322
0.00
66827
	
1325
0.00
66828
	
1319
0.00
66832
	
1317
0.00
66834
	
1319
0.00
66835
	
1321
0.00
66837
	
1325
1.35
66861
	
1330
1.35
66985
	
1327
17.87
67009
	
1321
17.87
67010
	
1325
18.18
67034
	
1327
18.18
67035
	
1323
19.18
67059
	
1317
19.18
67060
	
1320
15.47
67084
	
1313
15.47
67085
	
1322
7.68
67110
	
1324
7.68
67111
	
1323
6.41
67257
	
1319
6.41
67258
	
1318
6.07
67283
	
1326
6.07
67284
	
1320
6.67
67308
	
1321
6.67
67309
	
1314
7.78
67333
	
1322
7.78
67334
	
1321
8.39
67358
	
1317
8.39
67359
	
1319
8.50
67383
	
1323
8.50
67384
	
1324
19.28
67531
	
1325
19.28
67532
	
1317
21.75
67556
	
1318
21.75
67557
	
1321
24.06
67581
	
1321
24.06
67582
	
1322
25.43
67607
	
1318
25.43
67608
	
1321
27.00
67632
	
1317
27.00
67633
	
1317
26.70
67780
	
1322
26.70
67781
	
1317
26.18
67805
	
1319
26.18
67806
	
1323
26.58
67830
	
1318
26.58
67831
	
1319
26.48
67855
	
1317
26.21
67880
	
1325
26.21
67881
	
1322
30.30
67905
	
1323
30.30
67906
	
1325
41.04
68053
	
1321
41.04
68054
	
1322
40.26
68078
	
1319
40.26
68079
	
1328
35.04
68103
	
1313
35.04
68104
	
1319
25.42
68129
	
1317
25.42
68130
	
1318
23.60
68154
	
1319
23.60
68155
	
1319
22.67
68302
	
1321
22.67
68303
	
1318
24.39
68327
	
1321
24.39
68328
	
1321
24.47
68352
	
1313
24.47
68353
	
1315
24.05
68377
	
1322
24.05
68378
	
1317
22.58
68402
	
1321
22.58
68403
	
1319
20.74
68550
	
1315
20.74
68551
	
1320
20.53
68575
	
1322
20.53
68576
	
1321
19.94
68600
	
1321
19.94
68601
	
1318
19.46
68626
	
1317
19.46
68627
	
1315
19.25
68651
	
1317
19.25
68652
	
1317
18.35
68799
	
1319
18.35
68800
	
1324
19.42
68824
	
1319
19.42
68825
	
1319
19.38
68849
	
1321
19.38
68850
	
1322
18.66
68874
	
1317
18.66
68875
	
1319
18.77
68899
	
1321
19.00
68924
	
1327
19.00
68925
	
1328
33.53
69072
	
1328
33.53
69073
	
1326
33.45
69098
	
1325
33.45
69099
	
1326
33.58
69123
	
1323
33.58
69124
	
1323
27.74
69148
	
1321
27.74
69149
	
1322
19.55
69173
	
1326
19.55
69174
	
1323
17.81
69321
	
1319
17.81
69322
	
1317
17.84
69346
	
1315
17.84
69347
	
1315
17.74
69371
	
1319
17.74
69372
	
1318
17.54
69396
	
1317
17.54
69397
	
1319
17.53
69421
	
1317
17.53
69422
	
1325
17.39
69569
	
1323
17.39
69570
	
1318
17.20
69594
	
1323
17.20
69595
	
1321
17.15
69620
	
1319
17.15
69621
	
1314
17.28
69645
	
1319
17.28
69646
	
1319
17.29
69670
	
1312
17.29
69671
	
1313
16.54
69818
	
1319
16.54
69819
	
1321
16.13
69843
	
1319
16.13
69844
	
1321
16.35
69868
	
1325
16.35
69869
	
1319
16.63
69893
	
1314
16.63
69894
	
1317
16.48
69918
	
1321
16.48
69919
	
1317
17.29
70066
	
1315
16.55
70091
	
1314
16.55
70092
	
1321
16.73
70117
	
1321
16.73
70118
	
1326
28.01
70142
	
1323
28.01
70143
	
1324
30.65
70167
	
1322
30.65
70168
	
1321
29.48
70192
	
1325
29.48
70193
	
1321
16.72
70340
	
1317
16.72
70341
	
1317
16.38
70365
	
1315
16.38
70366
	
1319
15.89
70390
	
1318
15.89
70391
	
1326
15.80
70415
	
1314
15.80
70416
	
1325
15.70
70441
	
1318
15.70
70442
	
1325
15.69
70588
	
1319
15.69
70589
	
1319
15.77
70613
	
1317
15.77
70614
	
1319
16.85
70639
	
1320
16.85
70640
	
1321
16.90
70664
	
1318
16.90
70665
	
1311
16.37
70689
	
1321
16.37
70690
	
1322
15.14
70837
	
1318
15.14
70838
	
1316
15.23
70862
	
1317
15.23
70863
	
1317
15.09
70887
	
1325
15.09
70888
	
1318
14.56
70912
	
1321
14.56
70913
	
1319
13.84
70937
	
1319
13.84
70938
	
1321
12.69
71085
	
1321
12.69
71086
	
1317
12.60
71110
	
1318
12.50
71136
	
1328
12.50
71137
	
1323
14.27
71161
	
1325
14.27
71162
	
1326
25.92
71186
	
1323
25.92
71187
	
1327
27.07
71211
	
1323
27.07
71212
	
1322
27.08
71236
	
1323
26.32
71381
	
1325
26.32
71382
	
1317
26.15
71406
	
1321
26.15
71407
	
1323
24.81
71431
	
1314
24.81
71432
	
1319
15.53
71456
	
1326
15.53
71457
	
1318
10.68
71482
	
