=~=~=~=~=~=~=~=~=~=~=~= PuTTY log 2024.12.02 12:12:26 =~=~=~=~=~=~=~=~=~=~=~=
1314
0.00
19549
	
1322
0.00
19552
	
1318
0.00
19554
	
1325
0.00
19555
	
1319
0.00
19557
	
1315
0.00
19559
	
1322
0.44
19583
	
1360
0.44
19707
	
1395
51.40
19731
	
1397
51.40
19732
	
1399
51.48
19756
	
1397
51.48
19757
	
1401
51.01
19781
	
1421
51.01
19782
	
1417
30.92
19806
	
1377
30.92
19807
	
1375
8.30
19832
	
1339
8.30
19833
	
1319
0.00
19979
	
1323
0.00
19980
	
1325
0.00
20005
	
1319
0.00
20006
	
1319
0.00
20030
	
1323
0.00
20031
	
1321
0.00
20055
	
1322
0.00
20056
	
1321
0.00
20080
	
1321
0.00
20081
	
1321
0.00
20105
	
1322
0.00
20106
	
1322
0.00
20253
	
1325
0.00
20254
	
1322
0.00
20278
	
1316
0.00
20279
	
1322
0.00
20303
	
1321
0.00
20304
	
1323
0.00
20329
	
1321
0.00
20330
	
1322
0.00
20354
	
1323
0.00
20355
	
1325
0.00
20379
	
1321
0.00
20380
	
1316
0.00
20527
	
1323
0.00
20528
	
1322
0.00
20552
	
1321
0.00
20553
	
1317
0.00
20577
	
1326
0.00
20602
	
1367
0.00
20603
	
1359
17.84
20627
	
1375
17.84
20628
	
1373
38.55
20653
	
1403
38.55
20654
	
1392
49.05
20678
	
1397
49.05
20802
	
1397
51.21
20826
	
1406
51.21
20828
	
1399
51.54
20851
	
1411
51.54
20852
	
1408
42.65
20876
	
1407
42.65
20877
	
1401
14.86
20901
	
1355
14.86
20902
	
1350
1.02
20926
	
1323
1.02
20927
	
1322
0.00
21074
	
1318
0.00
21075
	
1321
0.00
21099
	
1319
0.00
21100
	
1316
0.00
21124
	
1316
0.00
21125
	
1324
0.00
21150
	
1312
0.00
21151
	
1318
0.00
21175
	
1318
0.00
21176
	
1318
0.00
21200
	
1318
0.00
21201
	
1319
11.04
21348
	
1325
11.04
21349
	
1317
10.32
21373
	
1318
10.32
21374
	
1318
10.09
21398
	
1318
10.09
21399
	
1318
10.05
21423
	
1315
10.05
21424
	
1317
12.01
21448
	
1318
12.01
21449
	
1315
50.92
21596
	
1317
50.92
21597
	
1323
49.71
21621
	
1318
51.03
21647
	
1360
51.03
21648
	
1357
91.39
21672
	
1378
91.39
21673
	
1385
132.75
21697
	
1394
132.75
21698
	
1392
146.00
21722
	
1398
146.00
21723
	
1393
144.94
21870
	
1401
144.94
21871
	
1403
144.57
21895
	
1407
144.57
21896
	
1407
126.68
21920
	
1398
126.68
21921
	
1390
78.15
21945
	
1357
78.15
21946
	
1342
49.45
21971
	
1326
49.45
21972
	
1319
40.86
22118
	
1321
40.86
22119
	
1314
40.35
22144
	
1315
40.35
22145
	
1315
40.33
22169
	
1313
40.33
22170
	
1312
41.11
22194
	
1317
41.11
22195
	
1319
40.94
22219
	
1322
40.94
22220
	
1315
41.33
22367
	
1319
41.33
22368
	
1314
41.61
22392
	
1315
41.61
22393
	
1318
41.73
22417
	
1318
41.73
22418
	
1321
42.27
22442
	
1319
42.27
22443
	
1312
43.12
22468
	
1312
43.12
22469
	
1311
46.49
22615
	
1319
46.49
22616
	
1318
46.31
22641
	
1321
46.31
22642
	
1319
45.39
22666
	
1319
45.09
22691
	
1335
45.09
22692
	
1328
57.31
22716
	
1367
57.31
22717
	
1363
108.14
22741
	
1385
108.14
22742
	
1382
144.59
22889
	
1390
144.59
22890
	
1396
143.56
22914
	
1407
143.56
22915
	
1402
125.08
22939
	
1395
125.08
22940
	
1387
75.17
22964
	
1344
75.17
22965
	
1343
45.56
22990
	
1330
45.56
22991
	
1313
36.63
23137
	
1312
36.63
23138
	
1314
36.70
23163
	
1313
36.70
23164
	
1313
36.77
23188
	
1319
36.77
23189
	
1315
36.95
23213
	
1317
36.95
23214
	
1319
36.79
23238
	
1317
36.79
23239
	
1317
36.91
23386
	
1319
36.91
23387
	
1315
37.18
23411
	
1315
37.18
23412
	
1315
37.52
23436
	
1318
37.52
23437
	
1310
37.41
23461
	
1318
37.41
23462
	
1311
37.06
23487
	
1323
37.06
23488
	
1310
38.23
23634
	
1312
38.23
23635
	
1318
38.55
23660
	
1318
38.55
23661
	
1319
38.28
23685
	
1316
38.28
23686
	
1315
37.85
23710
	
1318
38.42
23735
	
1346
38.42
23736
	
1356
56.84
23760
	
1365
56.84
23761
	
1370
105.67
23785
	
1387
136.92
23930
	
1392
136.92
23931
	
1392
137.02
23955
	
1402
137.02
23956
	
1423
117.79
23981
	
1397
117.79
23982
	
1391
69.92
24006
	
1343
69.92
24007
	
1345
40.97
24031
	
1327
40.97
24032
	
1315
29.74
24179
	
1317
29.74
24180
	
1318
29.94
24204
	
1312
29.94
24205
	
1315
29.64
24229
	
1309
29.64
24230
	
1301
29.83
24254
	
1315
29.83
24255
	
1319
30.54
24279
	
1309
30.54
24280
	
1320
31.67
24427
	
1317
31.67
24428
	
1317
31.92
24452
	
1317
31.92
24453
	
1318
32.38
24478
	
1316
32.38
24479
	
1315
32.72
24503
	
1318
32.72
24504
	
1315
32.65
24528
	
1319
32.65
24529
	
1316
32.89
24676
	
1314
32.89
24677
	
1311
33.33
24701
	
1317
33.33
24702
	
1317
33.13
24726
	
1315
33.13
24727
	
1318
33.54
24751
	
1323
33.94
24776
	
1344
33.94
24777
	
1342
54.27
24802
	
1366
54.27
24803
	
1359
104.45
24827
	
1392
133.47
24971
	
1397
133.47
24972
	
1399
133.00
24997
	
1417
133.00
24998
	
1413
112.49
25022
	
1383
112.49
25023
	
1374
66.15
25047
	
1345
66.15
25048
	
1343
39.53
25072
	
1327
39.53
25073
	
1317
30.00
25220
	
1317
30.00
25221
	
1316
30.40
25245
	
1317
30.40
25246
	
1315
30.79
25270
	
1318
30.79
25271
	
1310
31.29
25295
	
1317
31.29
25296
	
1322
31.62
25321
	
1315
31.62
25322
	
1318
32.56
25468
	
1319
32.56
25469
	
1312
33.00
25494
	
1315
33.00
25495
	
1318
32.95
25519
	
1315
32.95
25520
	
1316
32.36
25544
	
1315
32.36
25545
	
1317
32.21
25569
	
1315
32.21
25570
	
1311
33.66
25717
	
1312
33.66
25718
	
1318
33.54
25742
	
1317
33.54
25743
	
1317
33.74
25767
	
1318
33.74
25768
	
1315
34.75
25792
	
1318
35.99
25818
	
1353
35.99
25819
	
1359
59.35
25843
	
1370
59.35
25844
	
1375
108.57
25868
	
1389
135.08
26013
	
1399
135.08
26014
	
1399
133.52
26038
	
1409
133.52
26039
	
1410
109.77
26063
	
1379
109.77
26064
	
1379
64.38
26088
	
1339
64.38
26089
	
1338
38.67
26113
	
1329
38.67
26114
	
1317
29.05
26261
	
1318
29.05
26262
	
1318
29.42
26286
	
1317
29.42
26287
	
1312
29.95
26312
	
1317
29.95
26313
	
1307
30.70
26337
	
1315
30.70
26338
	
1314
31.05
26362
	
1321
31.05
26363
	
1307
31.40
26510
	
1318
31.40
26511
	
1318
31.53
26535
	
1317
31.53
26536
	
1316
31.85
26560
	
1315
31.85
26561
	
1321
32.04
26585
	
1314
32.04
26586
	
1317
32.16
26610
	
1315
32.16
26611
	
1316
31.87
26758
	
1312
31.87
26759
	
1319
31.51
26783
	
1310
31.51
26784
	
1315
31.42
26809
	
1315
31.42
26810
	
1311
31.35
26834
	
1321
31.32
26859
	
1345
31.32
26860
	
1356
56.00
26884
	
1375
56.00
26885
	
1375
104.52
26909
	
1392
129.16
27054
	
1393
129.16
27055
	
1394
127.46
27079
	
1415
127.46
27080
	
1423
101.47
27104
	
1378
101.47
27105
	
1360
57.61
27129
	
1344
57.61
27130
	
1330
33.85
27155
	
1326
33.85
27156
	
1321
27.46
27302
	
1318
27.46
27303
	
1312
28.31
27328
	
1313
28.31
27329
	
1319
28.80
27353
	
1318
28.80
27354
	
1317
29.06
27378
	
1317
29.06
27379
	
1307
29.03
27403
	
1315
29.03
27404
	
1313
29.53
27551
	
1315
29.53
27552
	
1322
29.84
27576
	
1318
29.84
27577
	
1323
29.85
27601
	
1318
29.85
27602
	
1315
29.75
27626
	
1319
29.75
27627
	
1316
29.90
27652
	
1317
29.90
27653
	
1319
30.73
27799
	
1314
30.73
27800
	
1317
30.46
27825
	
1315
30.46
27826
	
1315
30.51
27850
	
1315
30.51
27851
	
1315
30.52
27875
	
1319
30.69
27900
	
1356
30.69
27901
	
1354
58.22
27925
	
1366
58.22
27926
	
1383
104.56
27950
	
1392
129.41
28095
	
1401
129.41
28096
	
1401
128.20
28120
	
1413
128.20
28121
	
1424
100.75
28146
	
1370
100.75
28147
	
1363
57.93
28171
	
1346
57.93
28172
	
1341
34.90
28196
	
1322
34.90
28197
	
1313
25.92
28344
	
1314
25.92
28345
	
1319
25.87
28369
	
1321
25.87
28370
	
1317
25.83
28394
	
1318
25.83
28395
	
1319
26.27
28419
	
1319
26.27
28420
	
1317
26.73
28444
	
1321
26.73
28445
	
1308
27.00
28592
	
1315
27.00
28593
	
1315
26.29
28617
	
1321
26.29
28618
	
1317
26.23
28643
	
1315
26.23
28644
	
1317
26.33
28668
	
1312
26.33
28669
	
1316
26.06
28693
	
1323
26.06
28694
	
1314
27.43
28841
	
1307
27.43
28842
	
1307
27.51
28866
	
1321
27.51
28867
	
1318
27.94
28891
	
1310
27.94
28892
	
1319
28.40
28916
	
1319
28.97
28941
	
1353
28.97
28942
	
1359
59.02
28967
	
1370
59.02
28968
	
1369
104.57
28992
	
1402
126.55
29136
	
1399
126.55
29137
	
1395
124.45
29162
	
1414
124.45
29163
	
1424
94.61
29187
	
1370
94.61
29188
	
1363
52.54
29212
	
1328
52.54
29213
	
1327
30.71
29237
	
1323
30.71
29238
	
1326
22.98
29385
	
1314
22.98
29386
	
1317
22.36
29410
	
1313
22.36
29411
	
1317
22.03
29435
	
1316
22.03
29436
	
1314
22.68
29460
	
1317
22.68
29461
	
1318
22.92
29486
	
1309
22.92
29487
	
1298
21.21
29633
	
1313
21.21
29634
	
1317
20.60
29659
	
1320
20.60
29660
	
1315
20.12
29684
	
1314
20.12
29685
	
1318
20.51
29709
	
1310
20.51
29710
	
1318
21.20
29734
	
1314
21.20
29735
	
1322
22.82
29882
	
1313
22.82
29883
	
1318
21.72
29907
	
1310
21.72
29908
	
1307
21.75
29932
	
1314
21.75
29933
	
1313
21.88
29957
	
1318
22.78
29983
	
1362
22.78
29984
	
1370
52.79
30008
	
1374
52.79
30009
	
1369
92.32
30033
	
1392
113.72
30178
	
1401
113.72
30179
	
1409
111.54
30203
	
1427
111.54
30204
	
1408
82.67
30228
	
1363
82.67
30229
	
1359
44.33
30253
	
1334
44.33
30254
	
1328
24.29
30278
	
1318
24.29
30279
	
1323
21.24
30426
	
1317
21.24
30427
	
1317
21.92
30451
	
1315
21.92
30452
	
1317
21.73
30477
	
1316
21.73
30478
	
1318
21.95
30502
	
1321
21.95
30503
	
1314
22.27
30527
	
1317
22.27
30528
	
1316
23.76
30675
	
1319
23.76
30676
	
1318
23.78
30700
	
1310
23.78
30701
	
1319
23.36
30725
	
1319
23.36
30726
	
1317
24.43
30750
	
1315
24.43
30751
	
1317
25.99
30775
	
1315
25.99
30776
	
1316
28.17
30923
	
1319
28.17
30924
	
1313
27.54
30948
	
1318
27.54
30949
	
1316
26.69
30974
	
1315
26.69
30975
	
1318
27.17
30999
	
1314
28.63
31024
	
1360
28.63
31025
	
1363
63.04
31049
	
1372
63.04
31050
	
1378
105.03
31074
	
1393
128.91
31219
	
1394
128.91
31220
	
1401
127.29
31244
	
1424
127.29
31245
	
1413
94.46
31269
	
1363
94.46
31270
	
1361
54.16
31294
	
1340
54.16
31295
	
1332
34.15
31320
	
1317
34.15
31321
	
1323
26.88
31467
	
1322
26.88
31468
	
1315
26.92
31493
	
1318
26.92
31494
	
1317
26.99
31518
	
1318
26.99
31519
	
1317
27.07
31543
	
1317
27.07
31544
	
1319
26.82
31568
	
1315
26.82
31569
	
1322
28.48
31716
	
1310
28.48
31717
	
1318
28.37
31741
	
1313
28.37
31742
	
1322
28.15
31766
	
1314
28.15
31767
	
1315
28.13
31791
	
1314
28.13
31792
	
1316
28.11
31817
	
1309
28.11
31818
	
1316
28.67
31964
	
1317
28.67
31965
	
1318
28.02
31990
	
1313
28.02
31991
	
1309
28.79
32015
	
1307
28.79
32016
	
1309
30.19
32040
	
1308
32.23
32065
	
1362
32.23
32066
	
1366
69.90
32090
	
1382
69.90
32091
	
1377
113.23
32115
	
1393
133.99
32260
	
1398
133.99
32261
	
1399
132.75
32285
	
1396
132.75
32286
	
1392
126.20
32311
	
1418
126.20
32312
	
1398
83.53
32336
	
1355
83.53
32337
	
1347
47.39
32361
	
1329
47.39
32362
	
1315
28.91
32509
	
1317
28.91
32510
	
1322
29.09
32534
	
1315
29.09
32535
	
1314
29.55
32559
	
1314
29.55
32560
	
1317
29.55
32584
	
1319
29.55
32585
	
1317
29.93
32609
	
1313
29.93
32610
	
1317
32.52
32757
	
1317
32.52
32758
	
1317
32.87
32782
	
1306
32.87
32783
	
1312
33.25
32808
	
1309
33.25
32809
	
1314
33.60
32833
	
1317
33.60
32834
	
1315
33.80
32858
	
1314
33.80
32859
	
1316
34.43
33006
	
1315
34.43
33007
	
1315
34.19
33031
	
1323
34.19
33032
	
1317
33.76
33056
	
1316
33.76
33057
	
1307
33.37
33081
	
1315
36.06
33106
	
1360
36.06
33107
	
1366
77.02
33132
	
1376
77.02
33133
	
1383
120.40
33157
	
1391
139.17
33301
	
1396
139.17
33302
	
1397
138.36
33327
	
1393
138.36
33328
	
1399
130.95
33352
	
1409
130.95
33353
	
1397
86.35
33377
	
1351
86.35
33378
	
1354
48.62
33402
	
1328
48.62
33403
	
1310
30.37
33550
	
1312
30.37
33551
	
1315
30.46
33575
	
1308
30.46
33576
	
1319
30.62
33600
	
1319
30.62
33601
	
1316
31.22
33625
	
1317
31.22
33626
	
1321
31.29
33651
	
1316
31.29
33652
	
1319
31.66
33798
	
1317
31.66
33799
	
1307
31.89
33824
	
1307
31.89
33825
	
1309
31.22
33849
	
1315
31.22
33850
	
1317
31.09
33874
	
1310
31.09
33875
	
1317
31.69
33899
	
1315
31.69
33900
	
1318
31.65
34047
	
1316
31.65
34048
	
1318
31.43
34072
	
1317
31.43
34073
	
1311
31.66
34097
	
1321
31.66
34098
	
1313
32.11
34122
	
1311
32.75
34148
	
1322
32.75
34149
	
1325
40.41
34173
	
1360
40.41
34174
	
1364
89.18
34198
	
1386
139.28
34343
	
1396
139.28
34344
	
1395
138.52
34368
	
1394
138.52
34369
	
1400
128.16
34393
	
1408
128.16
34394
	
1402
82.17
34418
	
1347
82.17
34419
	
1346
47.42
34443
	
1331
47.42
34444
	
1313
29.73
34591
	
1307
29.73
34592
	
1321
29.76
34616
	
1311
29.76
34617
	
1315
30.04
34641
	
1312
30.04
34642
	
1317
29.96
34667
	
1317
29.96
34668
	
1318
30.34
34692
	
1319
30.34
34693
	
1316
31.82
34840
	
1318
31.82
34841
	
1312
32.08
34865
	
1313
32.08
34866
	
1312
32.24
34890
	
1315
32.24
34891
	
1313
32.21
34915
	
1311
32.21
34916
	
1323
32.47
34940
	
1320
32.47
34941
	
1318
33.52
35088
	
1317
33.52
35089
	
1313
33.40
35113
	
1315
33.40
35114
	
1314
33.35
35138
	
1318
33.35
35139
	
1321
33.16
35164
	
1312
33.11
35189
	
1327
33.11
35190
	
1341
42.23
35214
	
1359
42.23
35215
	
1361
90.10
35239
	
1392
134.74
35384
	
1399
134.74
35385
	
1397
133.71
35409
	
1395
133.71
35410
	
1399
123.44
35434
	
1403
123.44
35435
	
1395
77.90
35459
	
1347
77.90
35460
	
1345
44.22
35484
	
1327
44.22
35485
	
1315
29.24
35632
	
1318
29.24
35633
	
1319
29.89
35657
	
1311
29.89
35658
	
1315
29.97
35683
	
1315
29.97
35684
	
1315
29.91
35708
	
1317
29.91
35709
	
1317
30.21
35733
	
1317
30.21
35734
	
1319
32.94
35881
	
1315
32.94
35882
	
1319
32.66
35906
	
1313
32.66
35907
	
1317
32.43
35931
	
1315
32.43
35932
	
1309
32.50
35956
	
1310
32.50
35957
	
1309
32.85
35981
	
1303
32.85
35982
	
1312
32.75
36129
	
1317
32.75
36130
	
1319
32.83
36154
	
1317
32.83
36155
	
1322
33.03
36180
	
1319
33.03
36181
	
1322
33.17
36205
	
1314
33.04
36230
	
1327
33.04
36231
	
1327
43.95
36255
	
1379
43.95
36256
	
1375
94.65
36280
	
1381
134.97
36425
	
1399
134.97
36426
	
1398
134.20
36450
	
1390
134.20
36451
	
1404
122.50
36475
	
1403
122.50
36476
	
1399
76.19
36500
	
1346
76.19
36501
	
1346
42.44
36525
	
1328
42.44
36526
	
1317
29.69
36673
	
1321
29.69
36674
	
1310
29.90
36698
	
1318
29.90
36699
	
1314
30.07
36724
	
1317
30.07
36725
	
1315
30.41
36749
	
1311
30.41
36750
	
1318
30.75
36774
	
1318
30.75
36775
	
1317
32.52
36922
	
1314
32.52
36923
	
1317
33.24
36947
	
1318
33.24
36948
	
1317
33.59
36972
	
1316
33.59
36973
	
1316
33.17
36997
	
1318
33.17
36998
	
1303
32.87
37022
	
1318
32.87
37023
	
1314
34.13
37170
	
1317
34.13
37171
	
1318
34.34
37195
	
1318
34.34
37196
	
1317
34.64
37221
	
1310
34.64
37222
	
1314
35.26
37246
	
1318
35.62
37271
	
1341
35.62
37272
	
1341
47.49
37296
	
1373
47.49
37297
	
1368
97.65
37321
	
1392
138.01
37466
	
1394
138.01
37467
	
1395
136.69
37491
	
1401
136.69
37492
	
1403
123.26
37516
	
1383
123.26
37517
	
1395
76.84
37541
	
1349
76.84
37542
	
1346
44.62
37566
	
1327
44.62
37567
	
1316
31.62
37714
	
1318
31.62
37715
	
1318
31.89
37739
	
1318
31.89
37740
	
1318
31.56
37765
	
1314
31.56
37766
	
1314
31.39
37790
	
1311
31.39
37791
	
1314
32.44
37815
	
1311
32.44
37816
	
1314
32.75
37963
	
1317
32.75
37964
	
1312
32.11
37988
	
1317
32.11
37989
	
1319
31.51
38013
	
1317
31.51
38014
	
1319
31.63
38038
	
1315
31.63
38039
	
1318
32.00
38063
	
1317
32.00
38064
	
1310
33.39
38211
	
1313
33.39
38212
	
1320
33.53
38236
	
1316
33.53
38237
	
1323
33.16
38262
	
1317
33.16
38263
	
1317
33.11
38287
	
1317
33.42
38312
	
1328
33.42
38313
	
1344
46.67
38337
	
1363
46.67
38338
	
1363
96.41
38362
	
1386
136.70
38507
	
1398
136.70
38508
	
1398
135.96
38532
	
1399
135.96
38533
	
1403
121.02
38557
	
1392
121.02
38558
	
1391
72.93
38582
	
1343
72.93
38583
	
1347
41.23
38607
	
1328
41.23
38608
	
1318
28.85
38755
	
1321
28.85
38756
	
1311
28.68
38780
	
1315
28.68
38781
	
1318
28.94
38806
	
1318
28.94
38807
	
1315
29.15
38831
	
1319
29.15
38832
	
1318
28.97
38856
	
1311
28.97
38857
	
1310
29.55
39004
	
1318
29.55
39005
	
1318
29.89
39029
	
1317
29.89
39030
	
1317
30.29
39054
	
1317
30.29
39055
	
1321
30.34
39079
	
1317
30.34
39080
	
1317
30.46
39104
	
1317
30.46
39105
	
1318
30.61
39252
	
1316
30.61
39253
	
1317
30.48
39277
	
1315
30.48
39278
	
1318
30.46
39302
	
1318
30.46
39303
	
1315
30.68
39328
	
1322
30.59
39353
	
1336
30.59
39354
	
1344
44.17
39378
	
1379
44.17
39379
	
1363
93.44
39403
	
1391
132.87
39548
	
1403
132.87
39549
	
1395
131.21
39573
	
1403
131.21
39574
	
1406
114.21
39598
	
1399
114.21
39599
	
1393
67.23
39623
	
1343
67.23
39624
	
1343
37.72
39648
	
1318
37.72
39649
	
1319
27.93
39796
	
1317
27.93
39797
	
1318
27.53
39821
	
1321
27.53
39822
	
1317
27.22
39847
	
1319
27.22
39848
	
1318
27.62
39872
	
1317
27.62
39873
	
1310
27.38
39897
	
1319
27.38
39898
	
1315
28.10
40045
	
1319
28.10
40046
	
1318
28.19
40070
	
1318
28.19
40071
	
1318
28.32
40095
	
1317
28.32
40096
	
1313
28.28
40120
	
1317
28.28
40121
	
1322
27.44
40145
	
1312
27.44
40146
	
1315
22.00
40293
	
1306
22.00
40294
	
1310
21.21
40318
	
1310
21.21
40319
	
1311
20.91
40343
	
1303
20.91
40344
	
1319
21.43
40369
	
1318
22.48
40394
	
1338
22.48
40395
	
1344
36.49
40419
	
1367
36.49
40420
	
1366
81.85
40444
	
1392
104.99
40589
	
1403
104.99
40590
	
1401
102.51
40614
	
1409
102.51
40615
	
1409
81.82
40639
	
1393
81.82
40640
	
1379
36.57
40664
	
1346
36.57
40665
	
1342
10.68
40689
	
1322
10.68
40690
	
1321
0.00
40837
	
1317
0.00
40838
	
1318
0.00
40862
	
1317
0.00
40863
	
1321
0.00
40887
	
1322
0.00
40888
	
1319
0.00
40913
	
1317
0.00
40914
	
1318
0.00
40938
	
1316
0.00
40939
	
1319
0.00
40963
	
1318
0.00
40964
	
1318
0.00
41111
	
1318
0.00
41112
	
1314
0.00
41136
	
1317
0.00
41137
	
1315
0.00
41161
	
1318
0.00
41162
	
1316
0.00
41186
	
1317
0.00
41187
	
1319
0.00
41211
	
1319
0.00
41212
	
1317
0.00
41237
	
1318
0.00
41238
	
1315
0.00
41384
	
1312
0.00
41385
	
1311
0.00
41409
	
1315
0.00
41435
	
1328
0.00
41436
	
1341
8.78
41460
	
1365
8.78
41461
	
1365
34.55
41485
	
1391
34.55
41486
	
1391
47.70
41510
	
1394
47.70
41511
	
1394
52.28
41535
	
1398
52.28
41659
	
