=~=~=~=~=~=~=~=~=~=~=~= PuTTY log 2024.12.01 13:12:13 =~=~=~=~=~=~=~=~=~=~=~=
1333
38.04
12405
	
1338
38.04
12406
	
1341
40.40
12430
	
1331
40.40
12431
	
1325
43.17
12455
	
1327
43.17
12456
	
1327
38.54
12480
	
1326
38.54
12481
	
1328
19.00
12505
	
1310
19.00
12506
	
1321
10.48
12653
	
1312
10.48
12654
	
1316
12.69
12678
	
1321
12.69
12679
	
1319
11.42
12704
	
1318
11.42
12705
	
1318
10.81
12729
	
1317
10.81
12730
	
1318
12.71
12754
	
1299
12.71
12755
	
1318
14.98
12902
	
1287
14.98
12903
	
1284
16.60
12927
	
1323
16.60
12928
	
1317
20.33
12952
	
1295
20.33
12953
	
1326
18.94
12977
	
1315
18.94
12978
	
1319
16.56
13002
	
1315
16.56
13003
	
1317
16.69
13150
	
1309
16.69
13151
	
1316
16.17
13175
	
1310
16.17
13176
	
1315
15.51
13200
	
1313
15.51
13201
	
1297
14.89
13226
	
1301
14.89
13227
	
1297
14.45
13251
	
1308
14.98
13276
	
1325
14.98
13277
	
1323
24.83
13301
	
1328
74.56
13446
	
1344
74.56
13447
	
1334
74.33
13471
	
1337
74.33
13472
	
1328
70.42
13496
	
1331
70.42
13497
	
1328
41.16
13521
	
1325
41.16
13522
	
1323
17.54
13546
	
1323
17.54
13547
	
1323
14.89
13694
	
1309
14.89
13695
	
1311
14.87
13719
	
1294
14.87
13720
	
1318
15.47
13744
	
1318
15.47
13745
	
1318
15.98
13770
	
1306
15.98
13771
	
1322
15.60
13795
	
1319
15.60
13796
	
1317
20.41
13943
	
1318
20.41
13944
	
1296
23.17
13968
	
1287
23.17
13969
	
1311
25.88
13993
	
1313
25.88
13994
	
1296
28.83
14018
	
1303
28.83
14019
	
1319
31.41
14043
	
1315
31.41
14044
	
1317
35.48
14191
	
1316
35.48
14192
	
1317
35.47
14216
	
1317
35.47
14217
	
1302
35.11
14241
	
1317
35.11
14242
	
1317
35.44
14266
	
1313
35.44
14267
	
1286
35.92
14292
	
1289
36.23
14317
	
1324
36.23
14318
	
1335
47.32
14342
	
1302
101.21
14487
	
1335
101.21
14488
	
1343
101.61
14512
	
1328
101.61
14513
	
1328
97.12
14537
	
1330
97.12
14538
	
1328
64.21
14562
	
1322
64.21
14563
	
1323
38.97
14587
	
1323
38.97
14588
	
1302
35.93
14735
	
1306
35.93
14736
	
1291
35.71
14760
	
1317
35.71
14761
	
1316
36.38
14785
	
1302
36.38
14786
	
1317
37.56
14810
	
1317
37.56
14811
	
1313
37.87
14836
	
1317
37.87
14837
	
1318
38.01
14983
	
1318
38.01
14984
	
1305
37.88
15008
	
1301
37.88
15009
	
1317
37.67
15034
	
1313
37.67
15035
	
1318
37.72
15059
	
1296
37.72
15060
	
1296
37.91
15084
	
1296
37.91
15085
	
1311
38.67
15232
	
1317
38.67
15233
	
1321
38.41
15257
	
1311
38.41
15258
	
1315
37.95
15282
	
1321
37.95
15283
	
1321
38.42
15307
	
1322
38.42
15308
	
1321
39.01
15332
	
1315
38.71
15358
	
1296
38.71
15359
	
1299
50.06
15383
	
1314
107.56
15527
	
1330
107.56
15528
	
1337
107.23
15552
	
1312
107.23
15553
	
1329
101.69
15578
	
1330
101.69
15579
	
1328
68.49
15603
	
1325
68.49
15604
	
1323
43.62
15628
	
1327
43.62
15629
	
1314
40.56
15776
	
1317
40.56
15777
	
1300
40.33
15801
	
1287
40.33
15802
	
1317
40.78
15826
	
1296
40.78
15827
	
1290
41.83
15851
	
1307
41.83
15852
	
1315
42.58
15876
	
1322
42.58
15877
	
1314
42.97
16024
	
1315
42.97
16025
	
1306
43.86
16049
	
1299
43.86
16050
	
1314
44.01
16074
	
1322
44.01
16075
	
1318
43.63
16100
	
1307
43.63
16101
	
1315
43.98
16125
	
1293
43.98
16126
	
1294
45.33
16273
	
1311
45.33
16274
	
1314
44.55
16298
	
1322
44.55
16299
	
1302
44.89
16323
	
1326
44.89
16324
	
1311
45.32
16348
	
1324
45.32
16349
	
1300
44.99
16373
	
1315
45.01
16398
	
1321
45.01
16399
	
1316
115.57
16546
	
1330
115.57
16547
	
1331
115.25
16571
	
1334
115.25
16572
	
1336
114.14
16596
	
1328
114.14
16597
	
1329
104.37
16622
	
1328
104.37
16623
	
1328
68.18
16647
	
1317
68.18
16648
	
1269
45.19
16795
	
1313
45.19
16796
	
1318
45.23
16820
	
1296
45.23
16821
	
1280
45.16
16845
	
1296
45.16
16846
	
1303
45.21
16870
	
1313
45.21
16871
	
1315
45.63
16895
	
1296
45.63
16896
	
1317
46.52
17043
	
1316
46.52
17044
	
1319
46.72
17068
	
1315
46.72
17069
	
1303
46.19
17093
	
1314
46.19
17094
	
1305
45.65
17119
	
1298
45.65
17120
	
1291
45.80
17144
	
1315
45.80
17145
	
1314
46.72
17291
	
1313
46.72
17292
	
1317
46.48
17317
	
1315
46.48
17318
	
1314
46.14
17342
	
1313
46.14
17343
	
1315
46.58
17367
	
1314
46.58
17368
	
1316
46.79
17392
	
1315
46.79
17393
	
1313
46.93
17540
	
1314
47.51
17565
	
1339
47.51
17566
	
1333
74.10
17590
	
1328
74.10
17591
	
1328
112.96
17615
	
1337
112.96
17616
	
1329
117.65
17641
	
1328
117.65
17642
	
1331
102.01
17666
	
1315
102.01
17667
	
1291
45.12
17814
	
1296
45.12
17815
	
1271
45.56
17839
	
1307
45.56
17840
	
1315
45.48
17864
	
1298
45.48
17865
	
1321
45.44
17889
	
1318
45.44
17890
	
1315
45.92
17914
	
1315
45.92
17915
	
1316
45.99
18062
	
1316
45.99
18063
	
1314
46.76
18087
	
1314
46.76
18088
	
1308
46.70
18112
	
1316
46.70
18113
	
1291
46.51
18138
	
1264
46.51
18139
	
1296
46.40
18163
	
1295
46.40
18164
	
1321
47.98
18310
	
1322
47.98
18311
	
1316
47.29
18336
	
1323
47.29
18337
	
1315
46.72
18361
	
1319
46.72
18362
	
1319
47.39
18386
	
1314
47.39
18387
	
1313
47.69
18411
	
1322
47.69
18412
	
1317
46.88
18559
	
1286
46.88
18560
	
1310
46.89
18584
	
1315
46.96
18609
	
1315
46.96
18610
	
1318
51.11
18634
	
1329
51.11
18635
	
1327
92.01
18660
	
1338
92.01
18661
	
1330
115.40
18685
	
1344
115.40
18686
	
1341
116.11
18833
	
1329
116.11
18834
	
1328
115.77
18858
	
1313
115.77
18859
	
1322
105.68
18883
	
1332
105.68
18884
	
1319
67.85
18908
	
1322
67.85
18909
	
1319
46.61
18933
	
1316
46.61
18934
	
1306
45.63
19081
	
1317
45.63
19082
	
1307
46.63
19106
	
1317
46.63
19107
	
1282
46.90
19131
	
1315
46.90
19132
	
1303
47.39
19156
	
1293
47.39
19157
	
1309
48.78
19182
	
1296
48.78
19183
	
1315
46.70
19329
	
1315
46.70
19330
	
1309
47.72
19355
	
1315
47.72
19356
	
1312
51.25
19380
	
1312
51.25
19381
	
1315
56.85
19405
	
1312
56.85
19406
	
1315
65.38
19430
	
1313
65.38
19431
	
1289
70.34
19578
	
1315
70.34
19579
	
1314
67.28
19603
	
1299
67.28
19604
	
1313
64.05
19628
	
1313
62.91
19653
	
1328
62.91
19654
	
1327
69.58
19678
	
1328
69.58
19679
	
1333
111.10
19704
	
1335
111.10
19705
	
1337
112.71
19851
	
1289
112.71
19852
	
1312
111.02
19877
	
1301
111.02
19878
	
1338
99.34
19902
	
1328
99.34
19903
	
1330
59.93
19927
	
1320
59.93
19928
	
1321
36.98
19952
	
1322
36.98
19953
	
1321
0.00
20100
	
1318
0.00
20101
	
1314
0.00
20125
	
1313
0.00
20126
	
1303
0.00
20150
	
1296
0.00
20151
	
1312
0.00
20175
	
1314
0.00
20176
	
1269
0.00
20201
	
1314
0.00
20202
	
1314
0.00
20226
	
1311
0.00
20227
	
1321
0.00
20374
	
1314
0.00
20375
	
1317
0.00
20399
	
1314
0.00
20400
	
1303
0.00
20424
	
1315
0.00
20425
	
1273
0.00
20449
	
1323
0.00
20450
	
1302
0.00
20474
	
1291
0.00
20475
	
1296
0.00
20499
	
1297
0.00
20500
	
1321
39.99
20647
	
1319
39.99
20648
	
1315
42.87
20672
	
1317
47.25
20697
	
1322
47.25
20698
	
1326
58.54
20723
	
1333
58.54
20724
	
1315
92.39
20748
	
1334
92.39
20749
	
1315
103.40
20773
	
1318
103.40
20774
	
1335
89.71
20921
	
1331
89.71
20922
	
1332
70.18
20946
	
1334
70.18
20947
	
1334
43.75
20971
	
1329
43.75
20972
	
1328
7.47
20996
	
1328
7.47
20997
	
1325
0.00
21021
	
1310
0.00
21022
	
1328
0.00
21046
	
1317
0.00
21170
	
1297
0.00
21194
	
1310
0.00
21195
	
1314
0.00
21219
	
1307
0.00
21220
	
1319
0.00
21245
	
1314
0.00
21246
	
1317
0.00
21270
	
1322
0.00
21271
	
1316
0.00
21295
	
1321
0.00
21296
	
1313
0.00
21320
	
1315
0.00
21444
	
1295
0.00
21468
	
1296
0.00
21469
	
1296
0.00
21493
	
1309
0.00
21494
	
1312
0.00
21518
	
1301
0.00
21519
	
1307
16.39
21543
	
1319
16.39
21544
	
1315
42.21
21568
	
1314
42.21
21569
	
1313
76.77
21716
	
1313
76.77
21717
	
1314
77.22
21741
	
1312
76.55
21767
	
1325
76.55
21768
	
1326
100.39
21792
	
1307
100.39
21793
	
1311
131.05
21817
	
1321
131.05
21818
	
1331
132.37
21842
	
1316
132.37
21843
	
1341
132.61
21990
	
1329
132.61
21991
	
1326
132.35
22015
	
1330
132.35
22016
	
1313
127.38
22040
	
1341
127.38
22041
	
1329
93.08
22065
	
1319
93.08
22066
	
1310
70.46
22091
	
1299
70.46
22092
	
1314
69.38
22238
	
1313
69.38
22239
	
1314
69.90
22264
	
1314
69.90
22265
	
1315
71.17
22289
	
1313
71.17
22290
	
1313
68.99
22314
	
1313
68.99
22315
	
1322
67.57
22339
	
1314
67.57
22340
	
1317
72.45
22487
	
1297
72.45
22488
	
1281
71.67
22512
	
1293
71.67
22513
	
1303
70.41
22537
	
1314
70.41
22538
	
1313
69.72
22562
	
1321
69.72
22563
	
1314
70.47
22587
	
1317
70.47
22588
	
1314
72.88
22735
	
1314
72.88
22736
	
1313
73.76
22760
	
1312
73.76
22761
	
1301
73.49
22785
	
1289
73.16
22811
	
1318
73.16
22812
	
1320
79.37
22836
	
1301
79.37
22837
	
1331
123.60
22861
	
1329
123.60
22862
	
1330
145.09
23009
	
1334
145.09
23010
	
1338
145.92
23034
	
1333
145.92
23035
	
1317
138.30
23059
	
1328
138.30
23060
	
1328
101.51
23084
	
1327
101.51
23085
	
1302
77.51
23109
	
1310
77.51
23110
	
1302
77.18
23257
	
1313
77.18
23258
	
1315
79.81
23282
	
1312
79.81
23283
	
1313
81.85
23307
	
1314
81.85
23308
	
1314
80.31
23333
	
1313
80.31
23334
	
1314
76.77
23358
	
1310
76.77
23359
	
1311
73.26
23506
	
1297
73.26
23507
	
1312
73.23
23531
	
1296
73.23
23532
	
1312
72.24
23556
	
1313
72.24
23557
	
1314
70.96
23581
	
1305
70.96
23582
	
1314
71.04
23606
	
1313
71.04
23607
	
1297
78.73
23754
	
1313
78.73
23755
	
1295
79.88
23779
	
1310
79.88
23780
	
1293
80.92
23804
	
1290
80.92
23805
	
1312
82.79
23829
	
1286
86.23
23855
	
1323
86.23
23856
	
1328
97.99
23880
	
1328
97.99
23881
	
1339
144.40
23905
	
1328
161.52
24049
	
1329
161.52
24050
	
1343
161.21
24075
	
1313
161.21
24076
	
1328
155.05
24100
	
1328
155.05
24101
	
1328
117.13
24125
	
1328
117.13
24126
	
1319
94.37
24150
	
1319
94.37
24151
	
1313
99.78
24298
	
1311
99.78
24299
	
1320
99.14
24323
	
1313
99.14
24324
	
1312
96.07
24348
	
1315
96.07
24349
	
1315
93.67
24373
	
1313
93.67
24374
	
1312
92.42
24399
	
1317
92.42
24400
	
1313
89.57
24546
	
1296
89.57
24547
	
1311
92.60
24571
	
1285
92.60
24572
	
1282
94.19
24597
	
1287
94.19
24598
	
1314
92.95
24622
	
1314
92.95
24623
	
1313
90.02
24647
	
1315
90.02
24648
	
1317
94.23
24795
	
1315
94.23
24796
	
1309
95.96
24820
	
1319
95.96
24821
	
1314
95.54
24845
	
1317
95.54
24846
	
1299
94.50
24870
	
1307
94.33
24895
	
1309
94.33
24896
	
1303
103.26
24920
	
1294
103.26
24921
	
1323
158.60
25068
	
1333
158.60
25069
	
1331
156.48
25093
	
1328
156.48
25094
	
1328
149.43
25119
	
1325
149.43
25120
	
1326
113.55
25144
	
1321
113.55
25145
	
1301
89.66
25169
	
1307
89.66
25170
	
1313
85.68
25317
	
1307
85.68
25318
	
1315
85.81
25342
	
1313
85.81
25343
	
1315
87.00
25367
	
1311
87.00
25368
	
1313
87.27
25392
	
1308
87.27
25393
	
1314
87.81
25417
	
1311
87.81
25418
	
1313
99.78
25565
	
1261
99.78
25566
	
1313
100.41
25590
	
1312
100.41
25591
	
1296
99.06
25615
	
1295
99.06
25616
	
1303
97.75
25641
	
1311
97.75
25642
	
1318
94.72
25666
	
1313
94.72
25667
	
1313
100.66
25813
	
1319
100.66
25814
	
1320
101.83
25839
	
1314
101.83
25840
	
1276
102.41
25864
	
1319
102.41
25865
	
1315
102.10
25889
	
1303
102.10
25890
	
1296
101.73
25914
	
1312
101.61
25939
	
1307
101.61
25940
	
1339
175.27
26087
	
1339
175.27
26088
	
1342
172.59
26112
	
1337
172.59
26113
	
1329
170.82
26137
	
1315
170.82
26138
	
1328
157.60
26163
	
1324
157.60
26164
	
1294
119.36
26188
	
1280
119.36
26189
	
1315
98.60
26335
	
1314
98.60
26336
	
1315
96.22
26361
	
1298
96.22
26362
	
1313
95.22
26386
	
1317
95.22
26387
	
1314
96.33
26411
	
1315
96.33
26412
	
1314
98.74
26436
	
1296
98.74
26437
	
1306
95.31
26584
	
1296
95.31
26585
	
1297
96.98
26609
	
1301
96.98
26610
	
1315
96.22
26634
	
1309
96.22
26635
	
1313
94.27
26659
	
1314
94.27
26660
	
1314
92.96
26685
	
1314
92.96
26686
	
1314
96.49
26832
	
1312
96.49
26833
	
1313
96.89
26857
	
1314
96.89
26858
	
1305
95.81
26883
	
1291
95.81
26884
	
1280
95.79
26908
	
1312
95.79
26909
	
1300
97.04
26933
	
1290
97.04
26934
	
1313
98.64
27081
	
1313
97.28
27106
	
1327
97.28
27107
	
1321
126.12
27131
	
1328
126.12
27132
	
1328
158.62
27156
	
1339
158.62
27157
	
1334
157.90
27181
	
1328
157.90
27182
	
1309
137.16
27206
	
1314
137.16
27207
	
1313
82.66
27354
	
1313
82.66
27355
	
1297
82.30
27379
	
1315
82.30
27380
	
1312
81.88
27405
	
1312
81.88
27406
	
1319
80.41
27430
	
1314
80.41
27431
	
1303
78.88
27455
	
1313
78.88
27456
	
1296
80.82
27603
	
1313
80.82
27604
	
1313
77.96
27628
	
1296
77.96
27629
	
1318
72.79
27653
	
1313
72.79
27654
	
1316
68.63
27678
	
1313
68.63
27679
	
1314
66.53
27703
	
1309
66.53
27704
	
1313
56.51
27851
	
1313
56.51
27852
	
1313
56.47
27876
	
1319
56.47
27877
	
1295
54.65
27901
	
1312
54.65
27902
	
1303
52.47
27927
	
1285
52.47
27928
	
1312
54.49
27952
	
1314
54.49
27953
	
1314
61.69
28099
	
1313
61.69
28100
	
1312
61.42
28125
	
1321
59.86
28150
	
1315
59.86
28151
	
1318
63.76
28175
	
1322
63.76
28176
	
1297
107.43
28200
	
1329
107.43
28201
	
1328
131.38
28225
	
1315
131.38
28226
	
1327
128.08
28373
	
1341
128.08
28374
	
1333
128.68
28398
	
1331
128.68
28399
	
1329
121.03
28423
	
1333
121.03
28424
	
1330
90.33
28449
	
1319
90.33
28450
	
1321
71.48
28474
	
1307
71.48
28475
	
1299
57.68
28621
	
1316
57.68
28622
	
1279
58.69
28647
	
1312
58.69
28648
	
1313
61.03
28672
	
1317
61.03
28673
	
1315
61.44
28697
	
1312
61.44
28698
	
1313
59.84
28722
	
1313
59.84
28723
	
1318
61.33
28870
	
1319
61.33
28871
	
1297
64.34
28895
	
1313
64.34
28896
	
1319
65.84
28920
	
1301
65.84
28921
	
1291
68.41
28945
	
1314
68.41
28946
	
1312
72.40
28970
	
1296
72.40
28971
	
1313
85.04
29118
	
1313
85.04
29119
	
1310
89.27
29143
	
1312
89.27
29144
	
1313
94.62
29169
	
1311
97.35
29194
	
1325
97.35
29195
	
1296
101.77
29219
	
1293
101.77
29220
	
1334
140.82
29244
	
1331
140.82
29245
	
1327
154.23
29392
	
1321
154.23
29393
	
1332
154.40
29417
	
1328
154.40
29418
	
1328
143.84
29442
	
1328
143.84
29443
	
1328
101.01
29467
	
1325
101.01
29468
	
1323
78.71
29492
	
1301
78.71
29493
	
1293
75.76
29640
	
1309
75.76
29641
	
1315
77.27
29665
	
1297
77.27
29666
	
1311
78.86
29691
	
1315
78.86
29692
	
1312
80.50
29716
	
1311
80.50
29717
	
1314
81.61
29741
	
1315
81.61
29742
	
1306
77.20
29889
	
