=~=~=~=~=~=~=~=~=~=~=~= PuTTY log 2024.12.02 12:30:03 =~=~=~=~=~=~=~=~=~=~=~=
1327
0.00
16460
	
1328
0.00
16463
	
1323
0.00
16465
	
1321
0.00
16466
	
1328
0.00
16468
	
1328
0.00
16470
	
1328
0.20
16494
	
1338
0.20
16618
	
1347
46.73
16642
	
1347
46.73
16644
	
1348
46.73
16667
	
1349
46.73
16668
	
1360
36.31
16692
	
1345
36.31
16693
	
1346
8.07
16717
	
1334
8.07
16718
	
1335
0.00
16743
	
1330
0.00
16744
	
1328
3.90
16890
	
1328
3.90
16891
	
1329
4.80
16916
	
1328
4.80
16917
	
1328
6.60
16941
	
1328
6.60
16942
	
1328
8.41
16966
	
1327
8.41
16967
	
1331
9.35
16991
	
1328
9.35
16992
	
1328
10.74
17016
	
1326
10.74
17017
	
1330
16.14
17164
	
1328
16.14
17165
	
1328
16.79
17189
	
1331
16.79
17190
	
1329
17.35
17214
	
1328
17.35
17215
	
1328
17.66
17240
	
1328
17.66
17241
	
1322
18.79
17265
	
1328
18.79
17266
	
1317
20.74
17413
	
1328
20.74
17414
	
1330
20.67
17438
	
1328
20.67
17439
	
1328
20.48
17463
	
1329
20.48
17464
	
1328
20.44
17488
	
1329
21.05
17513
	
1344
21.05
17514
	
1343
39.98
17539
	
1344
39.98
17540
	
1333
60.34
17564
	
1345
21.24
17708
	
1328
21.24
17709
	
1328
21.68
17734
	
1328
21.68
17735
	
1331
21.87
17759
	
1329
21.87
17760
	
1328
22.12
17784
	
1328
22.12
17785
	
1328
22.37
17809
	
1329
22.37
17810
	
1328
24.97
17957
	
1329
24.97
17958
	
1328
25.82
17982
	
1328
25.82
17983
	
1327
26.59
18007
	
1328
26.59
18008
	
1328
27.07
18032
	
1319
27.07
18033
	
1324
27.81
18058
	
1328
27.81
18059
	
1328
29.58
18205
	
1328
29.58
18206
	
1328
29.61
18231
	
1333
29.61
18232
	
1328
29.37
18256
	
1328
29.37
18257
	
1332
29.30
18281
	
1328
29.30
18282
	
1329
29.27
18306
	
1328
29.27
18307
	
1321
28.84
18454
	
1328
28.84
18455
	
1328
28.87
18479
	
1329
28.87
18480
	
1329
28.95
18504
	
1328
28.95
18505
	
1328
28.71
18529
	
1329
28.73
18555
	
1344
28.73
18556
	
1340
49.14
18580
	
1344
49.14
18581
	
1341
67.82
18605
	
1348
28.18
18750
	
1328
28.18
18751
	
1328
28.10
18775
	
1321
28.10
18776
	
1327
27.93
18800
	
1328
27.93
18801
	
1328
27.58
18825
	
1327
27.58
18826
	
1330
27.64
18850
	
1328
27.64
18851
	
1328
26.56
18998
	
1329
26.56
18999
	
1328
26.34
19023
	
1328
26.34
19024
	
1327
26.33
19049
	
1328
26.33
19050
	
1323
26.40
19074
	
1325
26.40
19075
	
1330
26.36
19099
	
1327
26.36
19100
	
1329
25.83
19247
	
1328
25.83
19248
	
1328
25.80
19272
	
1328
25.80
19273
	
1328
25.81
19297
	
1329
25.81
19298
	
1328
25.89
19322
	
1333
25.89
19323
	
1327
25.82
19347
	
1328
25.82
19348
	
1331
25.81
19495
	
1331
25.81
19496
	
1328
25.96
19520
	
1325
25.96
19521
	
1329
25.94
19546
	
1328
25.94
19547
	
1328
25.78
19571
	
1331
26.02
19596
	
1344
26.02
19597
	
1345
48.07
19621
	
1344
48.07
19622
	
1343
64.01
19646
	
1349
23.75
19791
	
1328
23.75
19792
	
1328
23.89
19816
	
1328
23.89
19817
	
1328
23.79
19841
	
1321
23.79
19842
	
1322
23.37
19867
	
1329
23.37
19868
	
1325
23.09
19892
	
1328
23.09
19893
	
1331
23.60
20040
	
1330
23.60
20041
	
1328
23.70
20065
	
1328
23.70
20066
	
1328
23.78
20090
	
1328
23.78
20091
	
1329
23.74
20115
	
1328
23.74
20116
	
1321
23.85
20140
	
1328
23.85
20141
	
1328
24.20
20288
	
1328
24.20
20289
	
1331
24.34
20313
	
1330
24.34
20314
	
1328
24.53
20338
	
1328
24.53
20339
	
1329
24.53
20364
	
1328
24.53
20365
	
1328
24.43
20389
	
1329
24.43
20390
	
1327
24.31
20537
	
1329
24.31
20538
	
1328
24.33
20562
	
1327
24.33
20563
	
1331
24.24
20587
	
1322
24.24
20588
	
1328
24.03
20612
	
1327
24.09
20637
	
1328
24.09
20638
	
1331
26.92
20663
	
1333
26.92
20664
	
1331
48.63
20688
	
1335
26.42
20832
	
1329
26.42
20833
	
1328
26.80
20858
	
1329
26.80
20859
	
1323
26.80
20883
	
1329
26.80
20884
	
1327
26.81
20908
	
1323
26.81
20909
	
1328
27.12
20933
	
1327
27.12
20934
	
1328
32.16
21081
	
1328
32.16
21082
	
1328
32.17
21106
	
1329
32.17
21107
	
1328
30.21
21131
	
1328
30.21
21132
	
1333
23.43
21156
	
1327
23.43
21157
	
1327
10.19
21182
	
1330
10.19
21183
	
1328
0.00
21329
	
1326
0.00
21330
	
1328
0.00
21355
	
1328
0.00
21356
	
1328
0.00
21380
	
1328
0.00
21381
	
1332
0.00
21405
	
1328
0.00
21406
	
1327
0.00
21430
	
1328
0.00
21431
	
1328
0.00
21455
	
1328
0.00
21456
	
1323
22.25
21603
	
1328
22.25
21604
	
1328
27.59
21628
	
1322
27.59
21629
	
1329
32.45
21653
	
1327
36.55
21679
	
1328
36.55
21680
	
1328
44.20
21704
	
1330
44.20
21705
	
1333
70.25
21729
	
1339
70.25
21730
	
1334
57.44
21877
	
1328
57.44
21878
	
1328
57.97
21902
	
1328
57.97
21903
	
1327
58.48
21927
	
1328
58.48
21928
	
1328
58.96
21952
	
1328
58.96
21953
	
1329
59.18
21978
	
1330
59.18
21979
	
1331
56.80
22125
	
1328
56.80
22126
	
1328
56.35
22151
	
1329
56.35
22152
	
1328
56.08
22176
	
1327
56.08
22177
	
1323
55.99
22201
	
1326
55.99
22202
	
1327
55.69
22226
	
1328
55.69
22227
	
1328
55.30
22374
	
1329
55.30
22375
	
1328
55.35
22399
	
1328
55.35
22400
	
1329
55.52
22424
	
1328
55.52
22425
	
1333
55.29
22449
	
1327
55.29
22450
	
1327
55.01
22474
	
1327
55.01
22475
	
1328
55.92
22622
	
1324
55.92
22623
	
1330
56.22
22648
	
1328
56.22
22649
	
1329
56.57
22673
	
1328
56.57
22674
	
1325
57.03
22698
	
1328
57.31
22723
	
1334
57.31
22725
	
1333
64.42
22748
	
1333
64.42
22749
	
1333
83.13
22773
	
1331
64.12
22918
	
1328
64.12
22919
	
1324
65.21
22943
	
1329
65.21
22944
	
1329
65.59
22968
	
1328
65.59
22969
	
1325
66.42
22994
	
1322
66.42
22995
	
1328
66.96
23019
	
1328
66.96
23020
	
1328
67.80
23167
	
1328
67.80
23168
	
1328
67.48
23192
	
1328
67.48
23193
	
1328
66.89
23217
	
1328
66.89
23218
	
1328
66.17
23242
	
1327
66.17
23243
	
1322
65.17
23267
	
1325
65.17
23268
	
1328
62.27
23415
	
1327
62.27
23416
	
1329
61.85
23440
	
1326
61.85
23441
	
1328
61.59
23465
	
1328
61.59
23466
	
1327
61.46
23491
	
1331
61.46
23492
	
1328
61.23
23516
	
1328
61.23
23517
	
1328
60.50
23664
	
1328
60.50
23665
	
1331
60.24
23689
	
1323
60.24
23690
	
1328
60.04
23714
	
1328
60.04
23715
	
1326
59.90
23739
	
1329
59.67
23764
	
1332
59.67
23766
	
1328
66.15
23789
	
1331
66.15
23790
	
1333
36.11
23937
	
1328
36.11
23938
	
1325
25.43
23962
	
1325
25.43
23963
	
1328
14.03
23988
	
1327
14.03
23989
	
1326
4.10
24013
	
1327
4.10
24014
	
1327
0.00
24038
	
1328
0.00
24039
	
1329
0.00
24063
	
1328
0.00
24187
	
1325
0.00
24211
	
1328
0.00
24212
	
1328
0.00
24236
	
1328
0.00
24237
	
1327
0.00
24261
	
1328
0.00
24262
	
1326
0.00
24286
	
1324
0.00
24287
	
1322
0.00
24311
	
1327
0.00
24312
	
1328
0.00
24337
	
1324
0.00
24461
	
1333
5.27
24484
	
1328
5.27
24485
	
1328
11.08
24510
	
1328
11.08
24511
	
1328
15.30
24535
	
1324
15.30
24536
	
1328
18.39
24560
	
1328
18.39
24561
	
1325
20.72
24585
	
1327
20.72
24586
	
1322
27.73
24733
	
1328
27.73
24734
	
1330
27.92
24758
	
1330
27.92
24759
	
1330
28.42
24783
	
1328
29.29
24808
	
1338
29.29
24809
	
1343
40.80
24834
	
1338
40.80
24835
	
1333
50.12
24859
	
1330
50.12
24860
	
1329
35.34
24884
	
1328
29.02
25029
	
1322
29.02
25030
	
1327
28.77
25054
	
1328
28.77
25055
	
1327
28.70
25079
	
1322
28.70
25080
	
1328
28.64
25104
	
1327
28.64
25105
	
1327
28.75
25129
	
1328
28.75
25130
	
1328
28.91
25277
	
1328
28.91
25278
	
1328
29.10
25302
	
1327
29.10
25303
	
1328
29.25
25327
	
1328
29.25
25328
	
1321
29.18
25353
	
1325
29.18
25354
	
1329
29.36
25378
	
1328
29.36
25379
	
1328
30.95
25526
	
1328
30.95
25527
	
1328
31.04
25551
	
1326
31.04
25552
	
1328
31.01
25576
	
1328
31.01
25577
	
1326
31.22
25601
	
1329
31.22
25602
	
1328
31.66
25626
	
1328
31.66
25627
	
1328
34.96
25774
	
1319
34.96
25775
	
1328
36.32
25799
	
1328
36.32
25800
	
1328
37.82
25824
	
1328
39.78
25850
	
1342
39.78
25851
	
1340
53.82
25875
	
1335
53.82
25876
	
1334
63.39
25900
	
1330
63.39
25901
	
1338
49.18
25925
	
1328
46.63
26070
	
1328
46.63
26071
	
1325
46.88
26095
	
1326
46.88
26096
	
1328
47.81
26120
	
1325
47.81
26121
	
1331
48.60
26145
	
1320
48.60
26146
	
1328
49.14
26170
	
1328
49.14
26171
	
1328
50.34
26318
	
1327
50.34
26319
	
1328
50.34
26344
	
1328
50.34
26345
	
1328
50.16
26369
	
1326
50.16
26370
	
1326
49.84
26394
	
1328
49.84
26395
	
1330
49.81
26419
	
1324
49.81
26420
	
1328
49.55
26567
	
1328
49.55
26568
	
1326
49.18
26592
	
1328
49.18
26593
	
1328
48.92
26617
	
1328
48.92
26618
	
1323
48.78
26642
	
1328
48.78
26643
	
1327
48.84
26668
	
1328
48.84
26669
	
1335
48.81
26815
	
1328
48.81
26816
	
1329
48.97
26841
	
1332
48.97
26842
	
1328
48.60
26866
	
1317
48.68
26891
	
1347
48.68
26892
	
1344
63.82
26916
	
1343
63.82
26917
	
1344
69.77
26941
	
1334
69.77
26942
	
1331
52.86
26966
	
1330
48.24
27111
	
1328
48.24
27112
	
1328
48.20
27136
	
1328
48.20
27137
	
1328
47.83
27161
	
1327
47.83
27162
	
1328
47.69
27187
	
1328
47.69
27188
	
1328
47.33
27212
	
1325
47.33
27213
	
1328
16.44
27360
	
1328
16.44
27361
	
1328
6.35
27385
	
1328
6.35
27386
	
1328
0.00
27410
	
1328
0.00
27411
	
1328
0.00
27435
	
1327
0.00
27436
	
1323
0.00
27460
	
1325
0.00
27461
	
1325
0.00
27485
	
1327
0.00
27486
	
1328
0.00
27633
	
1328
0.00
27634
	
1327
0.00
27658
	
1326
0.00
27659
	
1328
0.00
27684
	
1328
0.00
27685
	
1328
0.00
27709
	
1328
0.00
27710
	
1327
0.00
27734
	
1328
0.00
27735
	
1328
0.00
27759
	
1326
0.00
27760
	
1327
0.00
27907
	
1324
0.00
27908
	
1328
0.99
27935
	
1343
0.99
27936
	
1335
22.92
27960
	
1355
22.92
27962
	
1344
44.81
27986
	
1348
44.81
27987
	
1343
43.38
28011
	
1348
43.38
28012
	
1343
19.05
28036
	
1330
19.05
28160
	
1328
13.33
28184
	
1327
13.33
28185
	
1328
13.51
28209
	
1328
13.51
28210
	
1328
13.69
28234
	
1328
13.69
28235
	
1328
14.32
28259
	
1330
14.32
28260
	
1328
15.07
28284
	
1327
15.07
28285
	
1317
15.90
28432
	
1324
15.90
28433
	
1328
16.45
28457
	
1329
16.45
28458
	
1328
16.49
28483
	
1328
16.49
28484
	
1328
16.52
28508
	
1328
16.52
28509
	
1328
16.73
28533
	
1331
16.73
28534
	
1328
16.93
28681
	
1327
16.93
28682
	
1326
16.87
28706
	
1328
16.87
28707
	
1317
16.97
28731
	
1319
16.97
28732
	
1328
17.16
28756
	
1328
17.16
28757
	
1328
17.24
28781
	
1323
17.24
28782
	
1325
17.79
28929
	
1328
17.79
28930
	
1328
17.81
28955
	
1328
18.00
28980
	
1328
18.00
28981
	
1328
21.36
29005
	
1343
21.36
29006
	
1342
50.74
29030
	
1344
50.74
29031
	
1349
51.13
29055
	
1336
51.13
29056
	
1338
26.19
29080
	
1335
19.14
29225
	
1328
19.14
29226
	
1327
19.51
29250
	
1328
19.51
29251
	
1328
19.99
29275
	
1328
19.99
29276
	
1328
19.79
29301
	
1328
19.79
29302
	
1328
19.83
29326
	
1328
19.83
29327
	
1328
20.60
29474
	
1325
20.60
29475
	
1324
20.72
29499
	
1328
20.72
29500
	
1328
20.92
29524
	
1325
20.92
29525
	
1329
20.49
29549
	
1327
20.49
29550
	
1328
20.42
29574
	
1328
20.42
29575
	
1328
20.07
29722
	
1327
20.07
29723
	
1328
19.96
29747
	
1329
19.96
29748
	
1327
19.69
29772
	
1327
19.69
29773
	
1318
19.58
29798
	
1319
19.58
29799
	
1324
19.62
29823
	
1328
19.62
29824
	
1328
19.31
29971
	
1328
19.31
29972
	
1326
19.49
29996
	
1328
19.37
30021
	
1332
19.37
30022
	
1331
24.03
30046
	
1344
24.03
30047
	
1341
53.34
30071
	
1346
53.34
30072
	
1345
51.14
30096
	
1341
51.14
30097
	
1342
19.26
30244
	
1327
19.26
30245
	
1329
19.82
30269
	
1328
19.82
30270
	
1325
19.70
30295
	
1326
19.70
30296
	
1331
19.99
30320
	
1328
19.99
30321
	
1328
20.10
30345
	
1330
20.10
30346
	
1328
19.84
30493
	
1317
19.84
30494
	
1316
19.85
30518
	
1326
19.85
30519
	
1328
20.21
30543
	
1328
20.21
30544
	
1328
20.47
30568
	
1328
20.47
30569
	
1328
20.57
30593
	
1328
20.57
30594
	
1328
21.47
30741
	
1326
21.47
30742
	
1328
21.48
30767
	
1327
21.48
30768
	
1328
21.37
30792
	
1327
21.37
30793
	
1312
21.34
30817
	
1327
21.34
30818
	
1328
21.47
30842
	
1323
21.47
30843
	
1328
22.02
30990
	
1328
22.02
30991
	
1328
21.79
31015
	
1328
21.79
31016
	
1328
21.96
31040
	
1327
22.16
31065
	
1332
22.16
31067
	
1334
30.88
31091
	
1330
30.88
31092
	
1333
46.64
31116
	
1326
46.64
31117
	
1328
30.74
31141
	
1321
22.59
31286
	
1328
22.59
31287
	
1328
22.98
31311
	
1328
22.98
31312
	
1327
23.26
31336
	
1328
23.26
31337
	
1329
23.44
31361
	
1327
23.44
31362
	
1327
23.33
31386
	
1328
23.33
31387
	
1328
22.54
31534
	
1332
22.54
31535
	
1330
22.54
31559
	
1317
22.54
31560
	
1327
22.35
31584
	
1325
22.35
31585
	
1328
22.22
31610
	
1328
22.22
31611
	
1328
22.04
31635
	
1327
22.04
31636
	
1327
21.87
31783
	
1327
21.87
31784
	
1328
22.07
31808
	
1328
22.07
31809
	
1328
22.10
31833
	
1328
22.10
31834
	
1322
22.15
31858
	
1319
22.15
31859
	
1328
22.09
31883
	
1328
22.09
31884
	
1325
21.89
32031
	
1328
21.89
32032
	
1328
21.85
32056
	
1328
21.85
32057
	
1328
21.91
32081
	
1328
21.84
32107
	
1333
21.84
32109
	
1341
30.44
32132
	
1334
30.44
32133
	
1333
42.84
32157
	
1333
42.84
32158
	
1330
28.12
32182
	
1318
21.45
32327
	
1326
21.45
32328
	
1329
21.62
32352
	
1324
21.62
32353
	
1328
21.58
32377
	
1327
21.58
32378
	
1328
21.79
32402
	
1327
21.79
32403
	
1328
22.25
32427
	
1329
22.25
32428
	
1328
28.83
32575
	
1326
28.83
32576
	
1322
30.45
32600
	
1327
30.45
32601
	
1328
32.29
32626
	
1328
32.29
32627
	
1328
34.17
32651
	
1323
34.17
32652
	
1328
35.66
32676
	
1328
35.66
32677
	
1325
41.05
32824
	
1328
41.05
32825
	
1328
41.41
32849
	
1328
41.41
32850
	
1327
42.00
32874
	
1327
42.00
32875
	
1328
42.55
32899
	
1328
42.55
32900
	
1326
42.89
32924
	
1327
42.89
32925
	
1323
42.98
33072
	
1326
42.98
33073
	
1327
42.75
33097
	
1328
42.75
33098
	
1328
42.34
33123
	
1327
42.42
33148
	
1333
42.42
33150
	
1338
53.96
33173
	
1331
53.96
33174
	
1339
65.96
33198
	
1333
65.96
33199
	
1325
49.29
33223
	
1328
41.89
33368
	
1328
41.89
33369
	
1323
41.46
33393
	
1325
41.46
33394
	
1328
41.32
33418
	
1323
41.32
33419
	
1329
40.80
33443
	
1330
40.80
33444
	
1326
40.61
33469
	
1324
40.61
33470
	
1327
39.25
33616
	
1328
39.25
33617
	
1328
38.97
33642
	
1328
38.97
33643
	
1328
38.85
33667
	
1325
38.85
33668
	
1323
38.76
33692
	
1328
38.76
33693
	
1328
38.38
33717
	
1325
38.38
33718
	
1327
38.06
33865
	
1326
38.06
33866
	
1327
37.99
33890
	
1328
37.99
33891
	
1328
38.40
33915
	
1326
38.40
33916
	
1328
38.59
33940
	
1328
38.59
33941
	
1328
38.84
33966
	
1325
38.84
33967
	
1328
38.63
34113
	
1328
38.63
34114
	
1325
38.62
34139
	
1328
38.62
34140
	
1328
38.58
34164
	
1329
38.47
34189
	
1351
38.47
34191
	
1347
51.42
34214
	
1340
51.42
34215
	
1338
61.08
34239
	
1334
61.08
34240
	
1329
44.11
34264
	
1328
38.24
34409
	
1328
38.24
34410
	
1329
38.21
34434
	
1319
38.21
34435
	
1322
38.33
34459
	
1328
38.33
34460
	
1328
38.51
34485
	
1328
38.51
34486
	
1327
38.35
34510
	
1328
38.35
34511
	
1328
38.82
34658
	
1328
38.82
34659
	
1327
38.89
34683
	
1328
38.89
34684
	
1332
38.67
34708
	
1328
38.67
34709
	
1327
38.41
34733
	
1322
38.41
34734
	
1328
38.26
34758
	
1328
38.26
34759
	
1327
38.53
34906
	
1329
38.53
34907
	
1328
38.36
34931
	
1328
38.36
34932
	
1325
38.10
34957
	
1328
38.10
34958
	
1327
38.02
34982
	
1331
38.02
34983
	
1328
38.00
35007
	
1328
38.00
35008
	
1327
37.09
35155
	
1324
37.09
35156
	
1327
37.04
35180
	
1328
37.04
35181
	
1328
36.78
35205
	
1327
36.58
35230
	
1335
36.58
35232
	
1341
49.45
35255
	
1335
49.45
35256
	
1343
56.39
35280
	
1333
56.39
35281
	
1337
32.10
35428
	
1327
32.10
35429
	
1328
31.13
35453
	
1329
31.13
35454
	
1328
30.03
35479
	
1328
30.03
35480
	
1328
28.64
35504
	
1328
28.64
35505
	
1328
26.86
35529
	
1329
26.86
35530
	
1327
0.00
35677
	
1328
0.00
35678
	
1328
0.00
35702
	
1329
0.00
35703
	
1317
0.00
35727
	
1328
0.00
35728
	
1327
0.00
35752
	
1318
0.00
35753
	
1328
0.00
35777
	
1327
0.00
35778
	
1327
0.00
35803
	
1327
0.00
35804
	
1326
0.18
35950
	
1328
0.18
35951
	
1328
0.17
35976
	
1327
0.17
35977
	
1327
0.21
36001
	
1328
0.21
36002
	
1324
0.19
36026
	
1328
0.19
36027
	
1328
0.43
36051
	
1326
0.43
36052
	
1314
0.65
36076
	
1327
0.65
36077
	
1327
1.14
36224
	
1327
1.14
36225
	
1328
0.92
36249
	
1327
1.31
36274
	
1342
1.31
36275
	
1345
14.97
36300
	
1344
14.97
36301
	
1347
26.89
36325
	
1347
26.89
36326
	
1339
27.80
36350
	
1349
27.80
36351
	
1358
16.30
36375
	
1338
16.30
36499
	
1328
0.00
36523
	
1328
0.00
36524
	
1328
0.00
36548
	
1329
0.00
36549
	
1328
0.00
36573
	
1328
0.00
36574
	
1328
0.00
36598
	
1328
0.00
36599
	
1328
0.00
36624
	
1329
0.00
36625
	
1321
0.00
36771
	
1328
0.00
36772
	
1328
0.00
36797
	
1325
0.00
36798
	
1328
0.00
36822
	
1328
0.00
36823
	
1326
0.00
36847
	
1328
0.00
36848
	
1328
0.00
36872
	
1328
0.00
36873
	
1328
0.00
36897
	
1328
0.00
36898
	
1317
0.00
37045
	
1321
0.00
37046
	
1328
0.00
37070
	
1328
0.00
37071
	
1327
0.00
37095
	
1323
0.00
37096
	
1327
0.00
37121
	
1327
0.00
37122
	
1328
0.00
37146
	
1328
0.00
37147
	
1330
0.00
37171
	
1328
0.00
37172
	
1325
0.00
37319
	
1327
0.00
37320
	
1327
0.00
37347
	
1338
0.00
37348
	
1344
0.00
37372
	
1344
0.00
37373
	
1344
19.60
37397
	
1354
19.60
37398
	
1350
25.02
37423
	
1347
25.02
37424
	
1344
25.12
37448
	
1349
25.12
37572
	
1325
0.00
37596
	
1326
0.00
37597
	
1328
0.00
37621
	
1324
0.00
37622
	
1327
0.00
37646
	
1323
0.00
37647
	
1328
0.00
37671
	
1328
0.00
37672
	
1328
0.00
37696
	
1330
0.00
37697
	
1330
0.00
37721
	
1327
0.00
37845
	
1328
0.00
37869
	
1328
0.00
37870
	
1329
0.00
37894
	
1329
0.00
37895
	
1317
0.00
37919
	
1327
0.00
37920
	
1328
0.00
37945
	
1327
0.00
37946
	
1327
0.00
37970
	
1328
0.00
37971
	
1325
0.00
37995
	
1328
0.00
38119
	
1328
0.00
38143
	
1326
0.00
38144
	
1327
0.00
38168
	
1328
0.00
38169
	
1328
0.00
38193
	
1328
0.00
38194
	
1323
0.00
38218
	
1328
0.00
38219
	
1322
0.00
38243
	
1326
0.00
38244
	
