=~=~=~=~=~=~=~=~=~=~=~= PuTTY log 2024.12.01 14:00:01 =~=~=~=~=~=~=~=~=~=~=~=
1311
0.00
239040
	
1311
0.00
239041
	
1312
0.00
239188
	
1315
0.00
239189
	
1312
0.00
239213
	
1315
0.00
239214
	
1314
0.00
239238
	
1310
0.00
239239
	
1312
0.00
239263
	
1317
0.00
239264
	
1315
0.00
239288
	
1312
0.00
239289
	
1312
0.00
239436
	
1314
0.00
239437
	
1316
0.00
239461
	
1314
0.00
239462
	
1312
0.00
239487
	
1314
0.00
239512
	
1299
0.00
239513
	
1306
0.80
239537
	
1307
0.80
239538
	
1317
30.34
239562
	
1325
30.34
239563
	
1328
39.16
239710
	
1328
39.16
239711
	
1333
39.09
239735
	
1328
39.09
239736
	
1327
29.27
239760
	
1328
29.27
239761
	
1327
0.26
239785
	
1319
0.26
239786
	
1318
0.00
239811
	
1311
0.00
239812
	
1317
0.00
239958
	
1312
0.00
239959
	
1311
0.00
239984
	
1310
0.00
239985
	
1301
0.00
240009
	
1313
0.00
240010
	
1309
0.00
240034
	
1313
0.00
240035
	
1312
0.00
240059
	
1303
0.00
240060
	
1313
0.00
240207
	
1315
0.00
240208
	
1315
0.00
240232
	
1313
0.00
240233
	
1311
0.00
240257
	
1314
0.00
240258
	
1307
0.00
240282
	
1312
0.00
240283
	
1310
0.00
240308
	
1309
0.00
240309
	
1307
0.00
240455
	
1311
0.00
240456
	
1312
0.00
240481
	
1315
0.00
240482
	
1313
0.00
240506
	
1308
0.00
240507
	
1313
0.00
240531
	
1313
0.00
240556
	
1293
0.00
240557
	
1294
4.77
240581
	
1305
4.77
240582
	
1311
33.22
240606
	
1328
39.28
240751
	
1327
39.28
240752
	
1326
39.11
240776
	
1330
39.11
240777
	
1318
28.72
240801
	
1315
28.72
240802
	
1319
0.01
240827
	
1314
0.01
240828
	
1318
0.00
240852
	
1314
0.00
240853
	
1311
0.00
241000
	
1314
0.00
241001
	
1313
0.00
241025
	
1317
0.00
241026
	
1313
0.00
241050
	
1317
0.00
241051
	
1314
0.00
241075
	
1296
0.00
241076
	
1303
0.00
241100
	
1312
0.00
241101
	
1313
0.00
241248
	
1314
0.00
241249
	
1315
0.00
241273
	
1312
0.00
241274
	
1317
0.00
241298
	
1313
0.00
241299
	
1313
0.00
241324
	
1314
0.00
241325
	
1312
0.00
241349
	
1315
0.00
241350
	
1308
0.00
241497
	
1312
0.00
241498
	
1311
0.00
241522
	
1312
0.00
241523
	
1315
0.00
241547
	
1316
0.00
241548
	
1314
0.00
241572
	
1313
0.00
241597
	
1296
0.00
241598
	
1298
5.42
241622
	
1313
5.42
241623
	
1314
40.11
241770
	
1315
40.11
241771
	
1326
39.71
241795
	
1328
39.71
241796
	
1319
29.72
241821
	
1314
29.72
241822
	
1321
0.22
241846
	
1317
0.22
241847
	
1315
0.00
241871
	
1313
0.00
241872
	
1312
0.00
242019
	
1312
0.00
242020
	
1314
0.00
242044
	
1314
0.00
242045
	
1301
0.00
242069
	
1313
0.00
242070
	
1315
0.00
242094
	
1312
0.00
242095
	
1312
0.00
242119
	
1315
0.00
242120
	
1311
0.00
242267
	
1314
0.00
242268
	
1313
0.00
242292
	
1314
0.00
242293
	
1313
0.00
242318
	
1312
0.00
242319
	
1316
0.00
242343
	
1313
0.00
242344
	
1315
0.00
242368
	
1316
0.00
242369
	
1315
0.00
242516
	
1313
0.00
242517
	
1313
0.00
242541
	
1313
0.00
242542
	
1314
0.00
242566
	
1312
0.00
242567
	
1315
0.00
242591
	
1315
0.00
242592
	
1307
0.00
242616
	
1312
0.00
242642
	
1291
0.00
242643
	
1295
11.83
242667
	
1317
40.11
242811
	
1330
40.11
242812
	
1301
39.61
242837
	
1311
39.61
242838
	
1326
28.02
242862
	
1328
28.02
242863
	
1326
0.00
242887
	
1315
0.00
242888
	
1318
0.00
242912
	
1317
0.00
242913
	
1307
0.00
243060
	
1315
0.00
243061
	
1315
0.00
243085
	
1314
0.00
243086
	
1314
0.00
243110
	
1310
0.00
243111
	
1307
0.00
243135
	
1314
0.00
243136
	
1308
0.00
243160
	
1312
0.00
243161
	
1311
0.00
243308
	
1314
0.00
243309
	
1315
0.00
243333
	
1317
0.00
243334
	
1317
0.00
243359
	
1314
0.00
243360
	
1316
0.00
243384
	
1313
0.00
243385
	
1316
0.00
243409
	
1315
0.00
243410
	
1316
0.00
243557
	
1313
0.00
243558
	
1315
0.00
243582
	
1315
0.00
243583
	
1315
0.00
243607
	
1314
0.00
243608
	
1316
0.00
243632
	
1309
0.00
243633
	
1313
0.00
243657
	
1315
0.00
243682
	
1289
0.00
243683
	
1296
40.15
243830
	
1328
40.15
243831
	
1321
39.81
243855
	
1314
39.81
243856
	
1327
39.17
243881
	
1323
39.17
243882
	
1328
23.62
243906
	
1321
23.62
243907
	
1319
0.00
243931
	
1318
0.00
243932
	
1312
0.00
244079
	
1313
0.00
244080
	
1313
0.00
244104
	
1315
0.00
244105
	
1316
0.00
244129
	
