=~=~=~=~=~=~=~=~=~=~=~= PuTTY log 2024.12.01 14:14:42 =~=~=~=~=~=~=~=~=~=~=~=
1329
0.00
15951
	
1330
0.00
15952
	
1329
0.00
15976
	
1328
0.00
15977
	
1328
0.00
16002
	
1328
0.00
16003
	
1328
0.00
16027
	
1328
0.00
16028
	
1328
0.00
16052
	
1328
0.00
16053
	
1328
0.00
16077
	
1328
0.00
16078
	
1328
0.00
16225
	
1331
0.00
16226
	
1328
0.02
16250
	
1328
0.02
16251
	
1328
0.00
16275
	
1328
0.00
16276
	
1328
0.10
16300
	
1328
0.10
16301
	
1328
0.15
16326
	
1328
0.15
16327
	
1328
0.22
16351
	
1328
0.22
16352
	
1319
0.34
16499
	
1328
0.34
16500
	
1328
0.37
16524
	
1328
0.37
16525
	
1326
0.45
16549
	
1327
0.45
16550
	
1330
0.42
16574
	
1328
0.42
16575
	
1329
0.99
16599
	
1379
0.99
16600
	
1379
36.66
16624
	
1382
36.66
16748
	
1417
70.85
16772
	
1415
70.85
16773
	
1410
69.40
16797
	
1453
69.40
16798
	
1456
37.99
16823
	
1403
37.99
16824
	
1407
4.55
16848
	
1344
4.55
16849
	
1348
0.00
16873
	
1334
0.00
16874
	
1339
0.00
17021
	
1331
0.00
17022
	
1327
0.00
17046
	
1329
0.00
17047
	
1334
0.00
17071
	
1328
0.00
17072
	
1327
0.00
17096
	
1329
0.00
17097
	
1328
0.00
17121
	
1323
0.00
17122
	
1328
0.00
17147
	
1317
0.00
17148
	
1328
0.00
17295
	
1328
0.00
17296
	
1327
0.00
17320
	
1328
0.00
17321
	
1333
0.00
17345
	
1329
0.00
17346
	
1328
0.00
17370
	
1328
0.00
17371
	
1327
0.00
17395
	
1330
0.00
17396
	
1321
0.00
17420
	
1334
0.00
17421
	
1327
0.00
17568
	
1327
0.00
17569
	
1328
0.00
17593
	
1334
0.00
17594
	
1327
0.00
17619
	
1328
0.00
17620
	
1327
0.00
17644
	
1328
0.00
17645
	
1338
6.58
17669
	
1386
6.58
17670
	
1381
54.51
17694
	
1401
54.51
17818
	
1404
69.39
17842
	
1406
69.39
17843
	
1413
68.64
17867
	
1414
68.64
17868
	
1434
56.76
17892
	
1423
56.76
17893
	
1410
11.94
17917
	
1367
11.94
17918
	
1358
0.00
17943
	
1338
0.00
17944
	
1334
0.00
18090
	
1326
0.00
18091
	
1327
0.00
18116
	
1325
0.00
18117
	
1327
0.00
18141
	
1333
0.00
18142
	
1328
0.00
18166
	
1330
0.00
18167
	
1333
0.00
18191
	
1329
0.00
18192
	
1328
0.00
18216
	
1328
0.00
18217
	
1328
0.00
18364
	
1327
0.00
18365
	
1327
0.00
18389
	
1326
0.00
18390
	
1327
0.00
18414
	
1329
0.00
18415
	
1325
0.00
18440
	
1316
0.00
18441
	
1328
0.00
18465
	
1328
0.00
18466
	
1328
0.00
18490
	
1323
0.00
18491
	
1328
0.00
18638
	
1329
0.00
18639
	
1325
0.00
18663
	
1329
0.00
18664
	
1328
0.00
18688
	
1345
0.00
18689
	
1359
13.16
18713
	
1387
13.16
18714
	
1392
59.40
18738
	
1395
59.40
18739
	
1395
73.87
18764
	
1409
73.87
18888
	
1414
68.52
18911
	
1413
68.52
18912
	
1413
67.55
18937
	
1459
67.55
18938
	
1442
38.23
18962
	
1398
38.23
18963
	
1399
3.83
18987
	
1363
3.83
18988
	
1346
0.00
19012
	
1339
0.00
19013
	
1328
0.00
19160
	
1329
0.00
19161
	
1328
0.00
19185
	
1328
0.00
19186
	
1329
0.00
19210
	
1328
0.00
19211
	
1328
0.00
19235
	
1328
0.00
19236
	
1328
0.00
19261
	
1328
0.00
19262
	
1327
0.00
19286
	
1328
0.00
19287
	
1332
0.00
19434
	
1327
0.00
19435
	
1328
0.00
19459
	
1326
0.00
19460
	
1327
0.00
19484
	
1324
0.00
19485
	
1327
0.00
19509
	
1329
0.00
19510
	
1328
0.00
19534
	
1328
0.00
19535
	
1327
0.00
19559
	
1328
0.00
19560
	
1331
0.00
19707
	
1327
0.00
19708
	
1328
0.00
19733
	
1378
0.00
19734
	
1360
20.83
19758
	
1391
20.83
19759
	
1377
62.92
19783
	
1408
62.92
19784
	
1410
75.15
19808
	
1403
75.15
19809
	
1421
75.34
19833
	
1411
67.66
19978
	
1415
67.66
19979
	
1415
67.29
20003
	
1410
67.29
20004
	
1409
61.07
20028
	
1437
61.07
20029
	
1424
16.57
20053
	
1367
16.57
20054
	
1373
0.00
20079
	
1342
0.00
20080
	
1346
0.00
20104
	
1329
0.00
20228
	
1327
0.00
20252
	
1322
0.00
20253
	
1334
0.00
20277
	
