=~=~=~=~=~=~=~=~=~=~=~= PuTTY log 2024.12.01 13:42:52 =~=~=~=~=~=~=~=~=~=~=~=
1404
181.76
94486
	
1392
182.26
94510
	
1378
182.26
94511
	
1407
147.95
94535
	
1387
147.95
94536
	
1392
20.39
94561
	
1346
20.39
94685
	
1326
0.00
94708
	
1319
0.00
94709
	
1319
0.00
94734
	
1328
0.00
94735
	
1326
0.00
94759
	
1324
0.00
94760
	
1319
0.00
94784
	
1325
0.00
94785
	
1318
0.00
94809
	
1321
0.00
94810
	
1296
0.00
94834
	
1295
0.00
94958
	
1319
0.00
94982
	
1325
0.00
94983
	
1321
0.00
95007
	
1310
0.00
95008
	
1320
0.00
95032
	
1322
0.00
95033
	
1322
0.00
95058
	
1328
0.00
95059
	
1321
0.00
95083
	
1318
0.00
95084
	
1319
0.00
95108
	
1319
0.00
95232
	
1322
0.00
95256
	
1311
0.00
95257
	
1317
0.00
95281
	
1317
0.00
95282
	
1319
0.00
95306
	
1318
0.00
95331
	
1346
0.00
95332
	
1349
14.96
95356
	
1367
14.96
95357
	
1373
51.31
95381
	
1394
51.31
95382
	
1385
181.66
95529
	
1379
181.66
95530
	
1362
181.92
95554
	
1423
181.92
95555
	
1424
127.02
95580
	
1379
127.02
95581
	
1392
13.98
95605
	
1344
13.98
95606
	
1342
0.00
95630
	
1329
0.00
95631
	
1331
0.00
95778
	
1321
0.00
95779
	
1317
0.00
95803
	
1317
0.00
95804
	
1307
0.00
95828
	
1319
0.00
95829
	
1323
0.00
95853
	
1317
0.00
95854
	
1313
0.00
95878
	
1299
0.00
95879
	
1307
0.00
95904
	
1328
0.00
95905
	
1318
0.00
96051
	
1319
0.00
96052
	
1319
0.00
96077
	
1322
0.00
96078
	
1322
0.00
96102
	
1298
0.00
96103
	
1322
0.00
96127
	
1326
0.00
96128
	
1309
0.00
96152
	
1318
0.00
96153
	
1318
0.00
96177
	
1305
0.00
96178
	
1328
0.00
96325
	
1327
0.00
96326
	
1318
0.00
96350
	
1321
0.00
96375
	
1345
0.00
96376
	
1358
21.77
96401
	
1391
21.77
96402
	
1375
57.49
96426
	
1402
57.49
96427
	
1392
123.94
96451
	
1398
123.94
96452
	
1381
168.18
96476
	
1399
181.12
96621
	
1408
181.12
96622
	
1396
181.63
96646
	
1387
181.63
96647
	
1403
163.70
96671
	
1402
163.70
96672
	
1403
34.62
96696
	
1351
34.62
96697
	
1350
2.18
96721
	
1331
2.18
96722
	
1321
0.00
96869
	
1328
0.00
96870
	
1322
0.00
96894
	
1315
0.00
96895
	
1295
0.00
96920
	
1307
0.00
96921
	
1311
0.00
96945
	
1314
0.00
96946
	
1317
0.00
96970
	
1302
0.00
96971
	
1321
0.00
96995
	
1319
0.00
96996
	
1318
0.00
97143
	
1321
0.00
97144
	
1313
0.00
97168
	
1317
0.00
97169
	
1321
0.00
97193
	
1318
0.00
97194
	
1319
0.00
97218
	
1319
0.00
97219
	
1303
0.00
97243
	
1298
0.00
97244
	
1312
0.00
97269
	
1282
0.00
97270
	
1328
0.00
97416
	
1319
0.00
97417
	
1313
0.00
97442
	
1320
0.00
97443
	
1326
3.92
97467
	
1395
3.92
97468
	
1378
42.28
97492
	
1393
42.28
97493
	
1387
77.71
97517
	
1390
77.71
97518
	
1361
145.23
97542
	
1392
145.23
97666
	
1398
180.87
97690
	
1397
180.87
97691
	
1405
181.33
97715
	
1411
181.33
97716
	
1419
119.72
97740
	
1367
119.72
97741
	
1377
12.38
97766
	
1341
12.38
97767
	
1338
0.00
97791
	
1321
0.00
97915
	
1328
0.00
97939
	
1306
0.00
97940
	
1285
0.00
97964
	
1309
0.00
97965
	
1317
0.00
97989
	
1314
0.00
97990
	
1318
0.00
98014
	
1319
0.00
98015
	
1319
0.00
98039
	
1323
0.00
98040
	
1319
0.00
98064
	
1319
0.00
98188
	
1317
0.00
98212
	
1316
0.00
98213
	
1314
0.00
98237
	
1322
0.00
98238
	
1302
0.00
98262
	
1287
0.00
98263
	
1315
0.00
98288
	
1314
0.00
98289
	
1317
0.00
98313
	
1318
0.00
98314
	
1317
0.00
98338
	
1319
0.00
98462
	
1323
0.00
98486
	
1313
0.00
98487
	
1293
0.00
98514
	
1347
0.00
98515
	
1360
19.74
98539
	
1380
19.74
98540
	
1395
56.05
98564
	
1365
56.05
98565
	
1406
117.23
98590
	
1393
117.23
98591
	
1390
182.82
98737
	
1395
182.82
98738
	
1408
179.95
98762
	
1421
179.95
98763
	
1413
79.12
98788
	
1376
79.12
98789
	
1350
7.13
98813
	
1315
7.13
98814
	
1331
0.00
98838
	
1303
0.00
98839
	
1300
0.00
98986
	
1313
0.00
98987
	
1323
0.00
99011
	
1319
0.00
99012
	
1322
0.00
99036
	
1327
0.00
99037
	
