=~=~=~=~=~=~=~=~=~=~=~= PuTTY log 2024.12.02 12:50:27 =~=~=~=~=~=~=~=~=~=~=~=
1329
0.00
18274
	
1328
0.00
18277
	
1329
0.00
18279
	
1328
0.00
18280
	
1328
0.00
18282
	
1335
0.00
18284
	
1333
0.39
18308
	
1344
0.39
18432
	
1351
43.14
18456
	
1353
43.14
18457
	
1347
42.86
18481
	
1359
42.86
18482
	
1355
34.16
18506
	
1346
34.16
18507
	
1345
7.38
18531
	
1333
7.38
18532
	
1342
0.00
18557
	
1331
0.00
18558
	
1331
0.00
18704
	
1329
0.00
18705
	
1330
0.00
18730
	
1330
0.00
18731
	
1335
0.00
18755
	
1329
0.00
18756
	
1329
0.00
18780
	
1331
0.00
18781
	
1332
0.00
18805
	
1329
0.00
18806
	
1326
0.00
18830
	
1337
0.00
18831
	
1331
0.00
18978
	
1332
0.00
18979
	
1331
0.00
19003
	
1331
0.00
19004
	
1330
0.00
19028
	
1329
0.00
19029
	
1333
0.00
19054
	
1330
0.00
19055
	
1329
0.00
19079
	
1330
0.00
19080
	
1330
0.00
19104
	
1328
0.00
19105
	
1332
0.00
19252
	
1329
0.00
19253
	
1331
0.00
19277
	
1332
0.00
19278
	
1334
0.00
19302
	
1331
0.00
19327
	
1349
0.00
19328
	
1344
13.60
19352
	
1345
13.60
19353
	
1347
38.84
19378
	
1358
38.84
19379
	
1349
44.27
19403
	
1356
44.27
19527
	
1327
0.00
19551
	
1328
0.00
19552
	
1333
0.00
19576
	
1328
0.00
19577
	
1330
0.00
19601
	
1332
0.00
19602
	
1330
0.00
19626
	
1330
0.00
19627
	
1334
0.00
19651
	
1339
0.00
19652
	
1330
0.00
19676
	
1333
0.00
19800
	
1333
0.00
19824
	
1330
0.00
19825
	
1331
0.00
19849
	
1328
0.00
19850
	
1314
0.00
19875
	
1328
0.00
19876
	
1331
0.00
19900
	
1330
0.00
19901
	
1331
0.00
19925
	
1329
0.00
19926
	
1330
0.00
19950
	
1331
0.00
20074
	
1330
8.87
20098
	
1328
8.87
20099
	
1329
10.80
20123
	
1329
10.80
20124
	
1325
14.00
20148
	
1328
14.00
20149
	
1329
17.19
20173
	
1327
17.19
20174
	
1323
20.37
20199
	
1330
20.37
20200
	
1331
34.49
20346
	
1335
34.49
20347
	
1325
36.01
20372
	
1331
36.01
20373
	
1328
39.01
20397
	
1340
39.01
20398
	
1339
61.66
20422
	
1339
61.66
20423
	
1331
52.34
20447
	
1332
52.34
20448
	
1328
38.86
20595
	
1329
38.86
20596
	
1333
38.67
20620
	
1330
38.67
20621
	
1328
38.22
20645
	
1329
38.22
20646
	
1332
37.58
20670
	
1331
37.58
20671
	
1330
36.86
20696
	
1329
36.86
20697
	
1327
35.33
20843
	
1328
35.33
20844
	
1326
35.25
20869
	
1326
35.25
20870
	
1329
34.90
20894
	
1329
34.90
20895
	
1328
34.43
20919
	
1329
34.43
20920
	
1329
34.09
20944
	
1328
34.09
20945
	
1329
33.10
21092
	
1328
33.10
21093
	
1330
32.67
21117
	
1328
32.67
21118
	
1326
32.32
21142
	
1325
32.32
21143
	
1329
32.28
21167
	
1330
32.28
21168
	
1329
32.27
21192
	
1328
32.27
21193
	
1331
31.53
21340
	
1328
31.53
21341
	
1329
31.43
21365
	
1328
31.43
21366
	
1331
31.18
21391
	
1330
30.94
21416
	
1331
30.94
21417
	
1328
35.14
21441
	
1335
35.14
21442
	
1337
55.02
21466
	
1328
55.02
21467
	
1332
40.74
21491
	
1330
28.63
21636
	
1328
28.63
21637
	
1329
28.25
21661
	
1334
28.25
21662
	
1329
28.12
21686
	
1331
28.12
21687
	
1330
28.07
21711
	
1331
28.07
21712
	
1330
28.11
21737
	
1328
28.11
21738
	
1328
27.63
21884
	
1329
27.63
21885
	
1328
27.55
21910
	
1331
27.55
21911
	
1331
27.47
21935
	
1326
27.47
21936
	
1329
27.41
21960
	
1329
27.41
21961
	
1329
27.46
21985
	
1328
27.46
21986
	
1328
27.39
22133
	
1330
27.39
22134
	
1328
27.38
22158
	
1331
27.38
22159
	
1331
27.41
22183
	
1327
27.41
22184
	
1326
27.18
22208
	
1334
27.18
22209
	
1329
27.11
22234
	
1328
27.11
22235
	
1334
26.91
22382
	
1328
26.91
22383
	
1330
26.85
22407
	
1331
26.85
22408
	
1330
26.73
22432
	
1328
26.50
22457
	
1333
26.50
22458
	
1329
31.42
22482
	
1344
31.42
22483
	
1331
65.07
22507
	
1350
65.07
22508
	
1357
24.97
22655
	
1329
24.97
22656
	
1331
24.86
22680
	
1333
24.86
22681
	
1330
24.98
22706
	
1328
24.98
22707
	
1332
24.92
22731
	
1328
24.92
22732
	
1329
24.91
22756
	
1329
24.91
22757
	
1328
25.20
22904
	
1330
25.20
22905
	
1329
25.12
22929
	
1328
25.12
22930
	
1333
25.05
22954
	
1329
25.05
22955
	
1330
25.02
22979
	
1329
25.02
22980
	
1329
25.06
23004
	
1328
25.06
23005
	
1328
25.13
23152
	
1330
25.13
23153
	
1329
25.34
23177
	
1332
25.34
23178
	
1323
25.41
23203
	
1328
25.41
23204
	
1328
25.23
23228
	
1328
25.23
23229
	
1329
25.28
23253
	
1328
25.28
23254
	
1329
24.98
23401
	
1329
24.98
23402
	
1338
25.04
23426
	
1328
25.04
23427
	
1330
25.06
23451
	
1328
25.06
23452
	
1328
24.82
23476
	
1330
24.81
23501
	
1335
24.81
23502
	
1343
34.85
23527
	
1345
34.85
23528
	
1350
69.68
23552
	
1344
24.09
23696
	
1328
24.09
23697
	
1327
24.37
23722
	
1330
24.37
23723
	
1330
24.64
23747
	
1334
24.64
23748
	
1329
24.80
23772
	
1331
24.80
23773
	
1331
24.62
23797
	
1328
24.62
23798
	
1328
25.12
23945
	
1318
25.12
23946
	
1325
25.34
23970
	
1329
25.34
23971
	
1328
25.42
23995
	
1324
25.42
23996
	
1329
25.40
24020
	
1328
25.40
24021
	
1329
25.50
24046
	
1328
25.50
24047
	
1328
25.85
24193
	
1330
25.85
24194
	
1330
25.88
24219
	
1327
25.88
24220
	
1328
25.88
24244
	
1328
25.88
24245
	
1329
25.71
24269
	
1317
25.71
24270
	
1331
25.35
24294
	
1328
25.35
24295
	
1329
25.61
24442
	
1329
25.61
24443
	
1328
25.76
24467
	
1328
25.76
24468
	
1332
25.84
24492
	
1329
25.84
24493
	
1328
25.80
24517
	
1329
25.81
24543
	
1339
25.81
24544
	
1339
38.01
24568
	
1339
38.01
24569
	
1344
71.62
24593
	
1345
24.68
24738
	
1327
24.68
24739
	
1330
24.85
24763
	
1329
24.85
24764
	
1328
25.04
24788
	
1329
25.04
24789
	
1333
25.29
24813
	
1328
25.29
24814
	
1331
25.26
24838
	
1328
25.26
24839
	
1329
25.01
24986
	
1328
25.01
24987
	
1324
24.14
25011
	
1328
24.14
25012
	
1324
22.91
25037
	
1328
22.91
25038
	
1328
20.76
25062
	
1328
20.76
25063
	
1329
17.09
25087
	
1330
17.09
25088
	
1329
3.14
25235
	
1330
3.14
25236
	
1331
2.15
25260
	
1328
2.15
25261
	
1328
1.64
25285
	
1329
1.64
25286
	
1327
1.60
25310
	
1323
1.60
25311
	
1329
1.50
25335
	
1318
1.50
25336
	
1329
1.31
25360
	
1328
1.31
25361
	
1328
0.86
25508
	
1328
0.86
25509
	
1328
0.92
25533
	
1327
0.92
25534
	
1330
0.84
25559
	
1328
0.84
25584
	
1341
0.84
25585
	
1344
11.41
25609
	
1347
11.41
25610
	
1344
31.96
25634
	
1345
31.96
25635
	
1342
35.55
25659
	
1350
35.55
25783
	
1331
20.24
25807
	
1333
20.24
25808
	
1331
24.12
25832
	
1331
24.12
25833
	
1327
26.51
25857
	
1331
26.51
25858
	
1328
28.35
25883
	
1331
28.35
25884
	
1328
30.22
25908
	
1331
30.22
25909
	
1328
38.24
26056
	
1328
38.24
26057
	
1329
38.44
26081
	
1328
38.44
26082
	
1328
38.24
26106
	
1328
38.24
26107
	
1328
38.19
26131
	
1329
38.19
26132
	
1328
38.21
26156
	
1329
38.21
26157
	
1328
37.48
26304
	
1332
37.48
26305
	
1328
37.62
26329
	
1328
37.62
26330
	
1319
37.58
26354
	
1328
37.58
26355
	
1328
37.62
26380
	
1328
37.62
26381
	
1328
37.81
26405
	
1328
37.81
26406
	
1329
39.39
26553
	
1329
39.39
26554
	
1329
39.67
26578
	
1329
39.67
26579
	
1326
39.88
26603
	
1328
40.32
26628
	
1345
40.32
26629
	
1342
60.29
26653
	
1342
60.29
26654
	
1339
85.82
26678
	
1337
85.82
26679
	
1344
39.97
26826
	
1337
39.97
26827
	
1328
39.95
26851
	
1328
39.95
26852
	
1334
39.87
26877
	
1330
39.87
26878
	
1329
39.68
26902
	
1329
39.68
26903
	
1328
39.25
26927
	
1331
39.25
26928
	
1328
38.87
27075
	
1331
38.87
27076
	
1327
38.87
27100
	
1328
38.87
27101
	
1331
38.84
27125
	
1328
38.84
27126
	
1329
39.07
27150
	
1328
39.07
27151
	
1331
39.18
27175
	
1330
39.18
27176
	
1328
38.96
27323
	
1328
38.96
27324
	
1321
39.23
27348
	
1329
39.23
27349
	
1333
39.05
27374
	
1330
39.05
27375
	
1330
38.94
27399
	
1328
38.94
27400
	
1329
38.74
27424
	
1330
38.74
27425
	
1329
37.54
27572
	
1330
37.54
27573
	
1328
37.40
27597
	
1329
37.40
27598
	
1330
37.36
27622
	
1328
37.36
27623
	
1328
37.16
27647
	
1325
36.96
27672
	
1325
36.96
27673
	
1329
39.24
27698
	
1334
39.24
27699
	
1334
62.18
27723
	
1339
36.70
27867
	
1328
36.70
27868
	
1333
36.47
27892
	
1331
36.47
27893
	
1328
36.47
27918
	
1328
36.47
27919
	
1329
36.18
27943
	
1329
36.18
27944
	
1328
36.09
27968
	
1329
36.09
27969
	
1328
35.44
28116
	
1326
35.44
28117
	
1328
35.31
28141
	
1330
35.31
28142
	
1328
35.46
28166
	
1331
35.46
28167
	
1329
35.68
28191
	
1329
35.68
28192
	
1328
35.67
28216
	
1330
35.67
28217
	
1329
34.63
28364
	
1328
34.63
28365
	
1328
34.54
28389
	
1321
34.54
28390
	
1321
34.48
28415
	
1328
34.48
28416
	
1328
34.41
28440
	
1329
34.41
28441
	
1329
34.32
28465
	
1328
34.32
28466
	
1328
34.01
28613
	
1328
34.01
28614
	
1329
33.90
28638
	
1330
33.90
28639
	
1330
33.86
28663
	
1328
33.86
28664
	
1327
33.99
28688
	
1325
33.91
28713
	
1327
33.91
28714
	
1327
36.75
28739
	
1329
36.75
28740
	
1328
59.22
28764
	
1333
34.64
28908
	
1332
34.64
28909
	
1329
34.37
28934
	
1328
34.37
28935
	
1330
34.48
28959
	
1328
34.48
28960
	
1331
34.24
28984
	
1329
34.24
28985
	
1328
34.20
29009
	
1333
34.20
29010
	
1328
33.67
29157
	
1328
33.67
29158
	
1328
33.39
29182
	
1326
33.39
29183
	
1333
33.33
29207
	
1330
33.33
29208
	
1329
33.38
29232
	
1328
33.38
29233
	
1328
33.19
29258
	
1327
33.19
29259
	
1332
33.40
29405
	
1328
33.40
29406
	
1322
33.51
29431
	
1330
33.51
29432
	
1328
33.58
29456
	
1318
33.58
29457
	
1327
33.71
29481
	
1327
33.71
29482
	
1328
33.61
29506
	
1328
33.61
29507
	
1330
33.09
29654
	
1328
33.09
29655
	
1334
32.62
29679
	
1329
32.62
29680
	
1328
32.18
29704
	
1327
32.18
29705
	
1328
31.61
29729
	
1332
30.50
29755
	
1327
30.50
29756
	
1328
31.23
29780
	
1335
31.23
29781
	
1334
47.41
29805
	
1334
2.48
29950
	
1330
2.48
29951
	
1329
3.34
29975
	
1330
3.34
29976
	
1329
3.81
30000
	
1334
3.81
30001
	
1333
4.13
30025
	
1331
4.13
30026
	
1333
4.11
30050
	
1329
4.11
30051
	
1330
4.02
30075
	
1330
4.02
30076
	
1328
2.39
30223
	
1329
2.39
30224
	
1331
1.41
30248
	
1328
1.41
30249
	
1331
0.00
30274
	
1328
0.00
30275
	
1331
0.75
30299
	
1330
0.75
30300
	
1333
4.95
30324
	
1329
4.95
30325
	
1331
9.37
30349
	
1329
9.37
30350
	
1328
27.39
30497
	
1329
27.39
30498
	
1329
31.04
30522
	
1328
31.04
30523
	
1327
33.75
30547
	
1326
33.75
30548
	
1328
35.53
30572
	
1328
35.53
30573
	
1328
37.68
30598
	
1330
37.68
30599
	
1330
45.09
30745
	
1330
45.09
30746
	
1329
45.44
30771
	
1328
45.61
30796
	
1330
45.61
30797
	
1334
50.18
30821
	
1329
50.18
30822
	
1335
72.59
30846
	
1335
72.59
30847
	
1339
58.72
30871
	
1331
58.72
30872
	
1335
48.46
30896
	
1329
45.92
31041
	
1330
45.92
31042
	
1329
45.21
31066
	
1330
45.21
31067
	
1330
44.71
31091
	
1330
44.71
31092
	
1331
44.39
31117
	
1333
44.39
31118
	
1328
44.37
31142
	
1328
44.37
31143
	
1332
45.72
31290
	
1325
45.72
31291
	
1329
45.96
31315
	
1329
45.96
31316
	
1329
46.17
31340
	
1328
46.17
31341
	
1337
46.37
31365
	
1328
46.37
31366
	
1330
46.47
31390
	
1330
46.47
31391
	
1333
46.90
31538
	
1328
46.90
31539
	
1323
46.96
31563
	
1328
46.96
31564
	
1328
46.74
31588
	
1327
46.74
31589
	
1326
46.60
31614
	
1331
46.60
31615
	
1328
46.12
31639
	
1329
46.12
31640
	
1329
44.22
31787
	
1329
44.22
31788
	
1330
44.08
31812
	
1329
44.19
31837
	
1331
44.19
31838
	
1330
50.08
31862
	
1330
50.08
31863
	
1334
72.10
31887
	
1335
72.10
31888
	
1335
56.83
31912
	
1332
56.83
31913
	
1331
43.60
32060
	
1331
43.60
32061
	
1328
43.04
32085
	
1329
43.04
32086
	
1331
42.71
32111
	
1329
42.71
32112
	
1330
42.26
32136
	
1328
42.26
32137
	
1330
42.31
32161
	
1330
42.31
32162
	
1335
42.72
32309
	
1329
42.72
32310
	
1330
42.39
32334
	
1329
42.39
32335
	
1328
42.28
32359
	
1328
42.28
32360
	
1331
42.01
32384
	
1329
42.01
32385
	
1328
41.64
32409
	
1329
41.64
32410
	
1328
41.15
32557
	
1323
41.15
32558
	
1329
40.95
32583
	
1326
40.95
32584
	
1328
40.71
32608
	
1327
40.71
32609
	
1332
40.66
32633
	
1329
40.66
32634
	
1327
40.65
32658
	
1328
40.65
32659
	
1333
40.38
32806
	
1330
40.38
32807
	
1329
40.18
32831
	
1331
40.18
32832
	
1328
40.03
32856
	
1328
40.07
32881
	
1336
40.07
32882
	
1331
49.98
32907
	
1332
49.98
32908
	
1340
65.15
32932
	
1337
65.15
32933
	
1334
47.84
32957
	
1328
37.74
33102
	
1329
37.74
33103
	
1328
37.64
33127
	
1330
37.64
33128
	
1328
37.41
33152
	
1331
37.41
33153
	
1330
37.20
33177
	
1329
37.20
33178
	
1328
37.11
33202
	
1328
37.11
33203
	
1330
37.26
33350
	
1328
37.26
33351
	
1329
37.11
33375
	
1335
37.11
33376
	
1332
36.95
33400
	
1329
36.95
33401
	
1333
36.81
33426
	
1335
36.81
33427
	
1328
36.65
33451
	
1330
36.65
33452
	
1331
23.96
33599
	
1331
23.96
33600
	
1326
17.84
33624
	
1325
17.84
33625
	
1328
11.82
33649
	
1328
11.82
33650
	
1331
7.16
33674
	
1327
7.16
33675
	
1329
4.31
33699
	
1328
4.31
33700
	
1328
3.81
33724
	
1330
3.81
33848
	
1328
6.72
33872
	
1330
6.72
33873
	
1328
6.77
33897
	
1329
6.66
33923
	
1329
6.66
33924
	
1339
15.32
33948
	
1348
15.32
33949
	
1356
34.82
33973
	
1344
34.82
33974
	
1350
38.03
33998
	
1351
38.03
33999
	
1353
0.00
34146
	
1333
0.00
34147
	
1330
0.00
34171
	
1333
0.00
34172
	
1329
0.00
34196
	
1331
0.00
34197
	
1330
0.00
34221
	
1332
0.00
34222
	
1328
0.00
34247
	
1325
0.00
34248
	
1329
0.00
34272
	
1331
0.00
34273
	
1329
0.00
34420
	
1329
0.00
34421
	
1331
0.00
34445
	
1326
0.00
34446
	
1328
0.00
34470
	
1330
0.00
34471
	
1329
0.00
34495
	
1328
0.00
34496
	
1333
0.00
34520
	
1328
0.00
34521
	
1328
0.00
34545
	
1328
0.00
34546
	
1329
0.46
34693
	
1328
0.46
34694
	
1331
0.42
34718
	
1325
0.42
34719
	
1328
0.79
34744
	
1330
0.79
34745
	
1329
1.19
34769
	
1329
1.19
34770
	
1328
1.40
34794
	
1331
1.40
34795
	
1328
1.41
34819
	
1333
1.41
34820
	
1328
1.37
34967
	
1326
1.37
34968
	
1328
1.48
34995
	
1334
1.48
34996
	
1334
5.05
35020
	
1345
5.05
35021
	
1339
33.68
35046
	
1354
33.68
35047
	
1346
45.43
35071
	
1353
45.43
35072
	
1345
27.93
35096
	
1342
27.93
35220
	
1334
0.23
35244
	
1328
0.23
35245
	
1330
0.19
35269
	
1333
0.19
35270
	
1328
0.47
35294
	
1330
0.47
35295
	
1328
0.69
35319
	
1329
0.69
35320
	
1330
0.91
35344
	
1330
0.91
35345
	
1330
0.93
35370
	
1327
0.93
35494
	
1326
0.79
35517
	
1331
0.79
35518
	
1328
0.89
35543
	
1329
0.89
35544
	
1329
0.95
35568
	
1328
0.95
35569
	
1330
0.98
35593
	
1331
0.98
35594
	
1331
0.99
35618
	
1328
0.99
35619
	
1329
1.74
35766
	
1328
1.74
35767
	
1327
1.98
35791
	
1328
1.98
35792
	
1328
2.15
35816
	
1326
2.15
35817
	
1319
2.18
35841
	
1326
2.18
35842
	
1328
2.39
35866
	
1329
2.39
35867
	
1328
2.45
35892
	
1329
2.45
35893
	
1333
2.80
36039
	
1329
2.80
36040
	
1329
3.11
36065
	
1339
3.11
36066
	
1341
15.78
36090
	
1346
15.78
36091
	
1345
43.72
36115
	
1351
43.72
36116
	
1345
50.78
36140
	
1346
50.78
36141
	
1348
42.82
36165
	
1344
42.82
36289
	
1331
2.09
36313
	
1333
2.09
36314
	
1328
2.24
36338
	
1328
2.24
36339
	
1328
2.47
36363
	
1330
2.47
36364
	
1328
2.56
36389
	
1328
2.56
36390
	
1326
2.59
36414
	
1326
2.59
36415
	
1328
3.04
36562
	
1328
3.04
36563
	
1329
3.01
36587
	
1329
3.01
36588
	
1325
2.92
36612
	
1328
2.92
36613
	
1329
3.00
36637
	
1328
3.00
36638
	
1328
3.00
36662
	
1328
3.00
36663
	
1328
3.01
36687
	
1329
3.01
36688
	
1323
3.02
36835
	
1328
3.02
36836
	
1331
3.08
36860
	
1322
3.08
36861
	
1328
3.07
36886
	
1329
3.07
36887
	
1328
3.07
36911
	
1328
3.07
36912
	
1333
3.14
36936
	
1328
3.14
36937
	
1331
3.19
36961
	
1330
3.19
36962
	
1327
3.04
37109
	
1324
3.04
37110
	
1328
3.10
37134
	
1330
3.10
37135
	
1332
6.29
37159
	
1338
6.29
37160
	
1345
35.36
37184
	
1349
35.36
37185
	
1347
50.02
37210
	
1351
50.02
37211
	
1359
33.12
37235
	
1344
33.12
37359
	
1329
2.73
37383
	
1328
2.73
37384
	
1328
2.89
37408
	
1326
2.89
37409
	
1324
3.32
37433
	
1327
3.32
37434
	
1327
3.83
37458
	
1329
3.83
37459
	
1329
5.24
37483
	
1330
5.24
37484
	
1329
18.29
37631
	
1329
18.29
37632
	
1328
19.69
37656
	
1329
19.69
37657
	
1328
21.49
37681
	
1331
21.49
37682
	
1327
23.17
37707
	
1328
23.17
37708
	
1328
24.37
37732
	
1328
24.37
37733
	
1325
27.62
37880
	
1328
27.62
37881
	
1328
27.50
37905
	
1328
27.50
37906
	
1329
27.23
37930
	
1328
27.23
37931
	
1331
27.20
37955
	
1329
27.20
37956
	
1329
27.01
37980
	
1328
27.01
37981
	
1331
26.06
38128
	
1328
26.06
38129
	
1328
25.91
38153
	
1329
25.64
38178
	
1332
25.64
38179
	
1334
32.68
38204
	
1349
32.68
38205
	
1347
66.38
38229
	
1355
66.38
38230
	
1352
59.60
38254
	
1333
59.60
38255
	
1343
31.81
38279
	
1331
24.32
38424
	
1331
24.32
38425
	
1330
24.06
38449
	
1328
24.06
38450
	
1327
24.19
38474
	
1329
24.19
38475
	
1325
24.12
38499
	
1325
24.12
38500
	
1322
24.31
38524
	
1328
24.31
38525
	
1330
24.82
38672
	
1331
24.82
38673
	
1328
24.98
38697
	
1328
24.98
38698
	
1331
25.14
38723
	
1333
25.14
38724
	
1328
25.06
38748
	
1328
25.06
38749
	
1328
25.08
38773
	
1328
25.08
38774
	
1328
25.23
38921
	
1328
25.23
38922
	
1328
25.35
38946
	
1332
25.35
38947
	
1329
25.36
38971
	
1328
25.36
38972
	
1330
25.52
38996
	
1329
25.52
38997
	
1328
25.49
39021
	
1329
25.49
39022
	
1332
25.78
39169
	
1313
25.78
39170
	
1328
25.79
39194
	
1326
25.54
39220
	
1338
25.54
39221
	
1332
34.12
39245
	
1345
34.12
39246
	
1347
67.45
39270
	
1348
67.45
39271
	
1349
57.94
39295
	
1339
57.94
39296
	
1340
30.92
39320
	
1332
25.43
39465
	
1333
25.43
39466
	
1331
25.42
39490
	
1328
25.42
39491
	
1331
25.44
39515
	
1328
25.44
39516
	
1327
25.12
39540
	
1323
25.12
39541
	
1329
25.16
39566
	
1324
25.16
39567
	
1329
25.59
39713
	
1334
25.59
39714
	
1328
25.47
39739
	
1328
25.47
39740
	
1334
25.36
39764
	
1326
25.36
39765
	
1328
25.38
39789
	
1328
25.38
39790
	
1329
25.45
39814
	
1329
25.45
39815
	
1328
26.30
39962
	
1322
26.30
39963
	
1329
26.40
39987
	
1333
26.40
39988
	
1329
26.53
40012
	
1332
26.53
40013
	
1331
26.67
40037
	
1329
26.67
40038
	
1331
26.62
40063
	
1325
26.62
40064
	
1328
27.04
40210
	
1329
27.04
40211
	
1327
26.99
40236
	
1327
26.92
40261
	
1329
26.92
40262
	
1337
36.95
40286
	
1344
36.95
40287
	
1348
70.53
40311
	
1357
70.53
40312
	
1347
58.96
40336
	
1346
58.96
40337
	
1341
32.68
40361
	
1335
26.27
40506
	
1333
26.27
40507
	
1326
26.15
40531
	
1328
26.15
40532
	
1331
26.02
40556
	
1328
26.02
40557
	
1330
25.78
40582
	
1323
25.78
40583
	
1329
25.39
40607
	
1324
25.39
40608
	
1327
25.44
40755
	
1330
25.44
40756
	
1323
25.33
40780
	
1325
25.33
40781
	
1329
25.46
40805
	
1329
25.46
40806
	
1330
25.52
40830
	
1330
25.52
40831
	
1330
25.65
40855
	
1329
25.65
40856
	
1328
25.87
41003
	
1328
25.87
41004
	
1328
25.75
41028
	
1318
25.75
41029
	
1328
25.75
41053
	
1328
25.75
41054
	
1328
25.83
41079
	
1328
25.83
41080
	
1329
25.68
41104
	
1324
25.68
41105
	
1328
25.40
41252
	
1329
25.40
41253
	
1326
25.18
41277
	
1329
25.18
41302
	
1339
25.18
41303
	
1344
36.08
41327
	
1339
36.08
41328
	
1350
70.43
41352
	
1344
70.43
41353
	
1344
77.48
41377
	
1347
77.48
41378
	
1349
25.14
41525
	
1330
25.14
41526
	
1331
24.99
41550
	
1331
24.99
41551
	
1329
24.75
41576
	
1329
24.75
41577
	
1329
24.20
41601
	
1326
24.20
41602
	
1325
23.43
41626
	
1323
23.43
41627
	
1329
11.84
41774
	
1330
11.84
41775
	
1329
8.92
41799
	
1333
8.92
41800
	
1329
5.94
41824
	
1328
5.94
41825
	
1328
3.64
41849
	
1330
3.64
41850
	
1328
2.07
41874
	
1328
2.07
41875
	
1328
0.58
41900
	
1327
0.58
41901
	
1328
2.25
42047
	
1329
2.25
42048
	
1331
2.70
42073
	
1328
2.70
42074
	
1329
2.77
42098
	
1328
2.77
42099
	
1328
2.82
42123
	
1328
2.82
42124
	
1331
2.79
42148
	
1331
2.79
42149
	
1328
2.92
42173
	
1328
2.92
42174
	
1326
2.91
42321
	
1327
2.91
42322
	
1328
3.03
42346
	
1345
3.03
42347
	
1349
15.97
42371
	
1347
15.97
42372
	
1343
35.44
42397
	
1346
35.44
42398
	
1352
37.99
42422
	
1355
37.99
42423
	
1355
0.00
42570
	
1334
0.00
42571
	
1333
0.00
42595
	
1315
0.00
42596
	
1328
0.00
42620
	
1330
0.00
42621
	
1331
0.00
42645
	
1328
0.00
42646
	
1328
0.00
42670
	
1330
0.00
42671
	
1330
0.00
42695
	
1328
0.00
42696
	
1329
0.00
42843
	
1328
0.00
42844
	
1330
0.00
42868
	
1327
0.00
42869
	
1325
0.00
42894
	
1328
0.00
42895
	
1322
0.00
42919
	
1329
0.00
42920
	
1329
0.00
42944
	
1324
0.00
42945
	
1334
0.00
42969
	
1330
0.00
42970
	
1332
0.00
43117
	
1334
0.00
43118
	
1328
0.00
43142
	
1329
0.00
43143
	
1328
0.00
43167
	
1330
0.00
43168
	
1330
0.00
43192
	
1329
0.00
43193
	
1323
0.00
43218
	
1321
0.00
43219
	
1329
0.00
43243
	
1328
0.00
43244
	
1328
0.00
43391
	
1330
0.00
43392
	
1328
0.00
43419
	
1341
0.00
43420
	
1328
2.79
43444
	
1344
2.79
43445
	
1347
28.17
43469
	
1339
28.17
43470
	
1351
35.51
43494
	
1349
35.51
43495
	
1351
35.27
43520
	
1354
35.27
43644
	
1329
0.00
43667
	
1331
0.00
43668
	
1330
0.00
43693
	
1328
0.00
43694
	
1329
0.00
43718
	
1328
0.00
43719
	
1330
0.00
43743
	
1331
0.00
43744
	
1324
0.00
43768
	
1329
0.00
43769
	
1327
0.00
43793
	
1326
0.00
43917
	
1328
0.00
43941
	
1328
0.00
43942
	
1329
0.00
43966
	
1328
0.00
43967
	
1332
0.00
43991
	
1333
0.00
43992
	
1333
0.00
44017
	
1331
0.00
44018
	
1328
0.00
44042
	
1327
0.00
44043
	
1319
0.00
44190
	
1318
0.00
44191
	
1328
0.00
44215
	
1332
0.00
44216
	
1331
0.00
44240
	
1328
0.00
44241
	
1328
0.00
44265
	
1326
0.00
44266
	
1330
0.00
44290
	
1328
0.00
44291
	
1329
0.00
44315
	
1328
0.00
44316
	
1327
0.00
44463
	
1322
0.00
44464
	
1328
0.00
44488
	
1344
0.00
44489
	
1349
11.96
44514
	
1344
11.96
44515
	
1345
32.20
44539
	
1355
32.20
44540
	
1353
35.55
44564
	
1353
35.55
44565
	
1353
24.13
44589
	
1351
24.13
44713
	
1328
0.00
44737
	
1335
0.00
44738
	
1319
0.00
44762
	
1331
0.00
44763
	
1328
0.00
44787
	
1328
0.00
44788
	
1327
0.00
44812
	
1328
0.00
44813
	
1328
0.00
44838
	
1330
0.00
44839
	
1331
0.00
44985
	
1331
0.00
44986
	
1330
0.00
45011
	
1328
0.00
45012
	
1331
0.00
45036
	
1330
0.00
45037
	
1329
0.00
45061
	
1330
0.00
45062
	
1328
0.00
45086
	
1323
0.00
45087
	
1315
0.00
45111
	
1328
0.00
45112
	
1328
0.00
45259
	
1328
0.00
45260
	
1328
0.00
45284
	
1328
0.00
45285
	
1329
0.00
45309
	
1328
0.00
45310
	
1334
0.00
45334
	
1334
0.00
45335
	
1332
0.00
45360
	
1328
0.00
45361
	
1325
0.00
45385
	
1329
0.00
45386
	
1331
0.00
45533
	
1330
0.00
45534
	
1334
0.00
45561
	
1334
0.00
45562
	
1337
4.41
45586
	
1345
4.41
45587
	
1349
28.75
45611
	
1351
28.75
45612
	
1344
34.95
45636
	
1355
34.95
45637
	
1350
34.76
45662
	
1349
34.76
45786
	
1330
0.00
45809
	
1328
0.00
45810
	
1329
0.00
45835
	
1330
0.00
45836
	
1329
0.00
45860
	
1331
0.00
45861
	
1329
0.00
45885
	
1328
0.00
45886
	
1333
0.00
45910
	
1335
0.00
45911
	
1334
0.00
45935
	
1328
0.00
46059
	
1328
0.00
46083
	
1329
0.00
46084
	
1330
0.00
46108
	
1330
0.00
46109
	
1329
0.00
46133
	
1332
0.00
46134
	
1333
0.00
46159
	
1328
0.00
46160
	
1328
0.00
46184
	
1329
0.00
46185
	
1328
0.00
46209
	
1333
0.00
46333
	
1328
0.00
46357
	
1335
0.00
46358
	
1328
0.00
46382
	
1326
0.00
46383
	
1331
0.00
46407
	
1328
0.00
46408
	
1328
0.00
46432
	
1329
0.00
46433
	
1328
0.00
46457
	
1328
0.00
46458
	
1328
0.00
46605
	
1328
0.00
46606
	
1328
0.00
46630
	
1327
0.00
46656
	
1331
0.00
46657
	
1331
0.13
46681
	
1337
0.13
46682
	
1350
25.15
46706
	
1347
25.15
46707
	
1347
34.83
46731
	
1350
34.83
46732
	
1350
35.53
46756
	
1345
35.53
46757
	
1329
0.00
46904
	
1331
0.00
46905
	
1330
0.00
46929
	
1328
0.00
46930
	
1322
0.00
46954
	
1328
0.00
46955
	
1327
0.00
46980
	
1323
0.00
46981
	
1329
0.00
47005
	
1331
0.00
47006
	
1333
0.00
47030
	
1330
0.00
47154
	
1328
0.00
47178
	
1328
0.00
47179
	
1328
0.00
47203
	
1330
0.00
47204
	
1327
0.00
47228
	
1328
0.00
47229
	
1322
0.00
47253
	
1331
0.00
47254
	
1328
0.00
47278
	
1327
0.00
47279
	
1325
0.00
47304
	
1326
0.00
47428
	
