=~=~=~=~=~=~=~=~=~=~=~= PuTTY log 2024.12.02 12:49:45 =~=~=~=~=~=~=~=~=~=~=~=
1328
0.00
16838
	
1324
0.00
16841
	
1326
0.00
16843
	
1328
0.00
16844
	
1328
0.00
16846
	
1329
0.00
16848
	
1328
0.58
16872
	
1343
0.58
16996
	
1349
54.23
17020
	
1350
54.23
17021
	
1349
55.82
17045
	
1350
55.82
17046
	
1345
56.67
17070
	
1357
56.67
17071
	
1358
42.93
17095
	
1344
42.93
17096
	
1346
15.96
17121
	
1333
15.96
17122
	
1327
10.00
17268
	
1328
10.00
17269
	
1329
10.26
17294
	
1328
10.26
17295
	
1328
10.15
17319
	
1324
10.15
17320
	
1329
10.35
17344
	
1329
10.35
17345
	
1330
10.53
17369
	
1328
10.53
17370
	
1329
11.27
17517
	
1328
11.27
17518
	
1328
11.49
17542
	
1328
11.49
17543
	
1328
11.91
17567
	
1328
11.91
17568
	
1329
12.23
17593
	
1329
12.23
17594
	
1328
12.63
17618
	
1327
12.63
17619
	
1328
13.34
17766
	
1328
13.34
17767
	
1325
13.44
17791
	
1329
13.44
17792
	
1328
13.53
17816
	
1328
13.53
17817
	
1328
13.74
17841
	
1328
13.74
17842
	
1329
13.66
17866
	
1323
14.05
17891
	
1339
14.05
17892
	
1344
66.78
18039
	
1349
66.78
18040
	
1355
66.07
18064
	
1357
66.07
18065
	
1350
65.64
18090
	
1360
65.64
18091
	
1353
51.36
18115
	
1344
51.36
18116
	
1344
21.28
18140
	
1331
21.28
18141
	
1333
12.72
18288
	
1327
12.72
18289
	
1331
12.65
18313
	
1328
12.65
18314
	
1329
12.48
18338
	
1331
12.48
18339
	
1331
12.57
18363
	
1328
12.57
18364
	
1331
12.64
18389
	
1328
12.64
18390
	
1329
12.92
18536
	
1328
12.92
18537
	
1327
12.93
18562
	
1326
12.93
18563
	
1329
12.95
18587
	
1327
12.95
18588
	
1329
12.94
18612
	
1319
12.94
18613
	
1328
12.86
18637
	
1328
12.86
18638
	
1328
12.53
18785
	
1328
12.53
18786
	
1328
12.45
18810
	
1330
12.45
18811
	
1328
12.49
18835
	
1328
12.49
18836
	
1328
12.34
18860
	
1333
12.34
18861
	
1328
12.14
18886
	
1322
12.14
18887
	
1328
11.59
19034
	
1328
11.52
19059
	
1330
11.52
19060
	
1329
14.97
19084
	
1342
14.97
19085
	
1343
46.46
19109
	
1351
46.46
19110
	
1350
62.59
19134
	
1349
62.59
19135
	
1347
61.97
19159
	
1349
61.97
19160
	
1345
9.76
19307
	
1328
9.76
19308
	
1329
9.95
19332
	
1328
9.95
19333
	
1332
10.02
19358
	
1330
10.02
19359
	
1329
10.11
19383
	
1328
10.11
19384
	
1328
9.89
19408
	
1331
9.89
19409
	
1328
9.98
19433
	
1329
9.98
19434
	
1330
10.10
19581
	
1319
10.10
19582
	
1321
10.13
19606
	
1317
10.13
19607
	
1328
10.11
19631
	
1323
10.11
19632
	
1329
10.12
19657
	
1328
10.12
19658
	
1328
10.14
19682
	
1330
10.14
19683
	
1328
10.44
19830
	
1329
10.44
19831
	
1322
10.39
19855
	
1329
10.39
19856
	
1327
10.30
19880
	
1322
10.30
19881
	
1325
10.25
19905
	
1330
10.25
19906
	
1327
10.19
19930
	
1326
10.19
19931
	
1327
10.11
20078
	
1332
10.11
20079
	
1326
10.05
20103
	
1328
9.99
20128
	
1335
9.99
20129
	
1344
23.74
20154
	
1344
23.74
20155
	
1333
53.54
20179
	
1342
53.54
20180
	
1341
61.85
20204
	
1358
61.85
20205
	
1353
62.59
20229
	
1353
62.59
20353
	
1353
60.75
20377
	
1350
60.75
20379
	
1349
60.77
20402
	
1346
60.77
20403
	
1354
53.98
20427
	
1349
53.98
20428
	
1349
23.15
20452
	
1345
23.15
20453
	
1337
9.26
20478
	
1330
9.26
20479
	
1332
9.08
20625
	
1328
9.08
20626
	
1328
9.05
20651
	
1328
9.05
20652
	
1328
9.10
20676
	
1328
9.10
20677
	
1330
9.04
20701
	
1328
9.04
20702
	
1328
9.23
20726
	
1328
9.23
20727
	
1328
9.49
20751
	
1330
9.49
20752
	
1327
9.56
20899
	
1331
9.56
20900
	
1329
9.64
20924
	
1327
9.64
20925
	
1327
9.47
20949
	
1328
9.47
20950
	
1330
9.52
20975
	
1328
9.52
20976
	
1328
9.67
21000
	
1328
9.67
21001
	
1329
9.84
21025
	
1330
9.84
21026
	
1330
9.72
21173
	
1328
9.72
21174
	
1328
9.78
21201
	
1334
9.78
21202
	
1337
15.14
21226
	
1345
15.14
21227
	
1351
47.38
21251
	
1347
47.38
21252
	
1349
61.73
21277
	
1349
61.73
21278
	
1347
63.06
21302
	
1350
63.06
21426
	
1344
60.69
21450
	
1347
60.69
21452
	
1349
59.70
21475
	
1360
59.70
21476
	
1353
38.00
21500
	
1341
38.00
21501
	
1341
12.84
21525
	
1330
12.84
21526
	
1335
7.53
21550
	
1331
7.53
21551
	
1328
9.15
21698
	
1328
9.15
21699
	
1329
9.36
21723
	
1329
9.36
21724
	
1326
9.45
21748
	
1315
9.45
21749
	
1335
9.65
21774
	
1322
9.65
21775
	
1328
9.81
21799
	
1328
9.81
21800
	
1328
9.94
21824
	
1328
9.94
21825
	
1325
10.01
21972
	
1328
10.01
21973
	
1328
10.03
21997
	
1329
10.03
21998
	
1328
10.19
22022
	
1328
10.19
22023
	
1328
10.20
22047
	
1330
10.20
22048
	
1328
10.11
22072
	
1322
10.11
22073
	
1323
10.22
22220
	
1321
10.22
22221
	
1328
10.18
22245
	
1328
10.22
22271
	
1347
10.22
22272
	
1348
26.42
22296
	
1350
26.42
22297
	
1350
55.28
22321
	
1347
55.28
22322
	
1347
62.84
22346
	
1342
62.84
22347
	
1346
62.59
22371
	
1335
60.70
22516
	
1347
60.70
22517
	
1354
60.67
22541
	
1342
60.67
22542
	
1346
54.33
22566
	
1350
54.33
22567
	
1350
23.35
22591
	
1342
23.35
22592
	
1335
9.14
22617
	
1328
9.14
22618
	
1324
7.55
22642
	
1329
7.55
22766
	
1322
8.85
22790
	
1328
8.85
22791
	
1326
8.81
22815
	
1328
8.81
22816
	
1321
8.93
22840
	
1309
8.93
22841
	
1329
8.87
22865
	
1328
8.87
22866
	
1334
8.83
22890
	
1330
8.83
22891
	
1329
9.22
23038
	
1332
9.22
23039
	
1329
9.28
23063
	
1329
9.28
23064
	
1331
9.18
23089
	
1327
9.18
23090
	
1328
9.11
23114
	
1328
9.11
23115
	
1327
9.02
23139
	
1318
9.02
23140
	
1328
8.77
23164
	
1326
8.77
23165
	
1328
13.28
23312
	
1330
13.28
23313
	
1327
15.96
23340
	
1329
15.96
23341
	
1327
23.91
23365
	
1339
23.91
23366
	
1341
62.52
23390
	
1346
62.52
23391
	
1353
83.04
23416
	
1356
83.04
23417
	
1347
89.84
23441
	
1349
89.84
23565
	
1350
106.76
23589
	
1351
106.76
23590
	
1350
108.14
23614
	
1358
108.14
23615
	
1351
87.58
23639
	
1342
87.58
23640
	
1333
59.57
23664
	
1328
59.57
23665
	
1331
52.24
23689
	
1327
52.24
23813
	
1328
48.80
23837
	
1327
48.80
23838
	
1331
47.88
23862
	
1329
47.88
23863
	
1329
47.38
23888
	
1327
47.38
23889
	
1329
46.92
23913
	
1328
46.92
23914
	
1327
46.41
23938
	
1328
46.41
23939
	
1327
44.01
24086
	
1318
44.01
24087
	
1322
43.69
24111
	
1328
43.69
24112
	
1328
43.18
24136
	
1328
43.18
24137
	
1321
42.95
24161
	
1328
42.95
24162
	
1327
42.58
24186
	
1328
42.58
24187
	
1328
40.48
24334
	
1328
40.48
24335
	
1323
40.65
24359
	
1328
40.68
24385
	
1327
40.68
24386
	
1332
50.62
24410
	
1346
50.62
24411
	
1345
87.97
24435
	
1350
87.97
24436
	
1348
100.61
24460
	
1351
100.61
24461
	
1344
37.26
24608
	
1328
37.26
24609
	
1328
37.22
24633
	
1329
37.22
24634
	
1322
37.31
24658
	
1331
37.31
24659
	
1328
37.78
24683
	
1326
37.78
24684
	
1327
37.67
24709
	
1323
37.67
24710
	
1330
36.71
24856
	
1331
36.71
24857
	
1328
36.57
24882
	
1328
36.57
24883
	
1328
36.43
24907
	
1328
36.43
24908
	
1327
36.24
24932
	
1327
36.24
24933
	
1326
36.09
24957
	
1327
36.09
24958
	
1323
35.93
25105
	
1328
35.93
25106
	
1328
35.93
25130
	
1327
35.93
25131
	
1328
35.78
25155
	
1327
35.78
25156
	
1328
35.76
25180
	
1328
35.76
25181
	
1327
35.76
25206
	
1328
35.76
25207
	
1328
35.92
25353
	
1325
35.92
25354
	
1328
35.95
25379
	
1324
35.95
25380
	
1326
35.93
25404
	
1328
36.18
25429
	
1339
36.18
25430
	
1342
52.89
25454
	
1344
52.89
25455
	
1344
86.97
25479
	
1346
86.97
25480
	
1348
96.60
25504
	
1346
95.04
25649
	
1351
95.04
25650
	
1350
94.69
25674
	
1350
94.69
25675
	
1345
91.85
25699
	
1350
91.85
25700
	
1335
62.23
25725
	
1331
62.23
25726
	
1333
37.91
25750
	
1322
37.91
25751
	
1331
34.03
25898
	
1328
34.03
25899
	
1328
34.06
25923
	
1328
34.06
25924
	
1329
34.23
25948
	
1330
34.23
25949
	
1319
34.30
25973
	
1328
34.30
25974
	
1327
34.39
25998
	
1328
34.39
25999
	
1325
34.04
26146
	
1327
34.04
26147
	
1328
34.25
26171
	
1328
34.25
26172
	
1335
34.35
26196
	
1328
34.35
26197
	
1328
34.41
26222
	
1324
34.41
26223
	
1328
34.33
26247
	
1328
34.33
26248
	
1328
33.36
26395
	
1315
33.36
26396
	
1326
33.36
26420
	
1327
33.36
26421
	
1322
33.39
26445
	
1328
33.56
26470
	
1342
33.56
26471
	
1354
51.30
26495
	
1344
51.30
26496
	
1345
84.04
26520
	
1341
84.04
26521
	
1353
91.63
26668
	
1345
91.63
26669
	
1347
90.82
26694
	
1358
90.82
26695
	
1349
68.38
26719
	
1329
68.38
26720
	
1332
38.54
26744
	
1327
38.54
26745
	
1329
30.86
26769
	
1328
30.86
26770
	
1329
31.74
26917
	
1328
31.74
26918
	
1328
31.59
26942
	
1329
31.59
26943
	
1328
31.85
26967
	
1328
31.85
26968
	
1323
31.78
26992
	
1329
31.78
26993
	
1328
31.78
27018
	
1318
31.78
27019
	
1321
32.30
27165
	
1328
32.30
27166
	
1328
32.26
27191
	
1328
32.26
27192
	
1328
32.15
27216
	
1328
32.15
27217
	
1326
32.12
27241
	
1328
32.12
27242
	
1327
31.88
27266
	
1327
31.88
27267
	
1327
31.40
27414
	
1325
31.40
27415
	
1321
31.43
27439
	
1324
31.43
27440
	
1327
31.40
27464
	
1326
31.40
27465
	
1326
31.43
27489
	
1328
31.95
27515
	
1339
31.95
27516
	
1338
56.68
27540
	
1351
56.68
27541
	
1347
84.94
27565
	
1346
89.11
27710
	
1353
89.11
27711
	
1345
89.19
27735
	
1345
89.19
27736
	
1333
86.36
27760
	
1347
86.36
27761
	
1344
57.54
27785
	
1333
57.54
27786
	
1334
34.24
27810
	
1328
34.24
27811
	
1328
30.37
27958
	
1328
30.37
27959
	
1328
30.27
27983
	
1329
30.27
27984
	
1329
30.43
28008
	
1328
30.43
28009
	
1329
30.36
28034
	
1324
30.36
28035
	
1323
30.60
28059
	
1327
30.60
28060
	
1328
30.24
28207
	
1327
30.24
28208
	
1318
30.26
28232
	
1328
30.26
28233
	
1328
30.36
28257
	
1328
30.36
28258
	
1327
30.52
28282
	
1328
30.52
28283
	
1327
30.47
28307
	
1327
30.47
28308
	
1328
30.40
28455
	
1328
30.40
28456
	
1323
30.38
28480
	
1318
30.38
28481
	
1323
30.20
28505
	
1319
30.20
28506
	
1326
30.12
28531
	
1328
30.10
28556
	
1327
30.10
28557
	
1328
32.39
28581
	
1341
32.39
28582
	
1349
64.91
28606
	
1343
89.15
28751
	
1347
89.15
28752
	
1357
88.84
28776
	
1345
88.84
28777
	
1343
85.42
28801
	
1344
85.42
28802
	
1344
54.28
28826
	
1341
54.28
28827
	
1334
32.00
28851
	
1328
32.00
28852
	
1325
28.68
28999
	
1327
28.68
29000
	
1328
28.81
29024
	
1324
28.81
29025
	
1327
28.91
29050
	
1328
28.91
29051
	
1328
28.99
29075
	
1328
28.99
29076
	
1327
28.98
29100
	
1328
28.98
29101
	
1327
28.79
29248
	
1317
28.79
29249
	
1328
28.77
29273
	
1328
28.77
29274
	
1325
28.94
29298
	
1327
28.94
29299
	
1328
29.17
29323
	
1328
29.17
29324
	
1328
29.33
29348
	
1328
29.33
29349
	
1328
29.83
29496
	
1324
29.83
29497
	
1309
29.84
29521
	
1327
29.84
29522
	
1326
29.84
29547
	
1316
29.84
29548
	
1328
29.96
29572
	
1328
29.87
29597
	
1328
29.87
29598
	
1328
32.58
29622
	
1340
32.58
29623
	
1344
66.47
29647
	
1345
87.15
29792
	
1345
87.15
29793
	
1354
87.14
29817
	
1343
87.14
29818
	
1344
82.73
29842
	
1344
82.73
29843
	
1347
50.22
29868
	
1338
50.22
29869
	
1334
30.01
29893
	
1325
30.01
29894
	
1316
27.68
30041
	
1328
27.68
30042
	
1326
27.83
30066
	
1326
27.83
30067
	
1328
28.07
30091
	
1328
28.07
30092
	
1328
27.87
30116
	
1328
27.87
30117
	
1327
27.82
30141
	
1328
27.82
30142
	
1328
29.00
30289
	
1328
29.00
30290
	
1328
29.12
30314
	
1319
29.12
30315
	
1326
29.20
30339
	
1327
29.20
30340
	
1328
29.05
30365
	
1327
29.05
30366
	
1328
28.92
30390
	
1327
28.92
30391
	
1326
29.05
30538
	
1327
29.05
30539
	
1323
28.96
30563
	
1321
28.96
30564
	
1326
28.91
30588
	
1319
28.91
30589
	
1325
28.81
30613
	
1323
28.57
30638
	
1328
28.57
30639
	
1328
31.96
30663
	
1339
31.96
30664
	
1335
87.65
30811
	
1349
87.65
30812
	
1353
87.25
30836
	
1345
87.25
30837
	
1345
83.24
30862
	
1347
83.24
30863
	
1358
51.40
30887
	
1328
51.40
30888
	
1330
29.69
30912
	
1321
29.69
30913
	
1330
25.62
31060
	
1327
25.62
31061
	
1328
25.68
31085
	
1328
25.68
31086
	
1327
25.35
31110
	
1327
25.35
31111
	
1328
24.88
31135
	
1328
24.88
31136
	
1328
23.95
31160
	
1328
23.95
31161
	
1323
5.39
31308
	
1319
5.39
31309
	
1325
4.26
31333
	
1327
4.26
31334
	
1328
4.08
31359
	
1329
4.08
31360
	
1326
4.17
31384
	
1327
4.17
31385
	
1326
4.40
31409
	
1328
4.40
31410
	
1326
4.36
31434
	
1328
4.36
31435
	
1319
4.35
31582
	
1319
4.35
31583
	
1319
4.26
31607
	
1323
4.26
31608
	
1328
4.25
31632
	
1327
4.25
31633
	
1322
4.14
31658
	
1327
4.04
31683
	
1338
4.04
31684
	
1332
10.24
31708
	
1351
10.24
31709
	
1345
34.96
31733
	
1343
34.96
31734
	
1344
39.97
31881
	
1341
39.97
31882
	
1343
39.84
31906
	
1354
39.84
31907
	
1350
30.14
31931
	
1335
30.14
31932
	
1343
5.02
31956
	
1329
5.02
31957
	
1329
0.00
31982
	
1329
0.00
31983
	
1328
0.00
32129
	
1328
0.00
32130
	
1328
0.00
32155
	
1328
0.00
32156
	
1325
0.00
32180
	
1326
0.00
32181
	
1321
0.00
32205
	
1327
0.00
32206
	
1328
0.00
32230
	
1330
0.00
32231
	
1327
0.00
32255
	
1328
0.00
32256
	
1328
0.09
32403
	
1324
0.09
32404
	
1328
0.08
32428
	
1326
0.08
32429
	
1328
0.16
32454
	
1327
0.16
32455
	
1323
0.31
32479
	
1325
0.31
32480
	
1326
0.23
32504
	
1323
0.23
32505
	
1317
0.11
32529
	
1326
0.11
32530
	
1327
0.33
32677
	
1328
0.33
32678
	
1327
0.38
32702
	
1319
0.55
32727
	
1341
0.55
32728
	
1343
10.92
32752
	
1350
10.92
32753
	
1343
37.94
32778
	
1345
37.94
32779
	
1345
45.55
32803
	
1334
45.55
32804
	
1341
45.11
32828
	
1345
45.11
32952
	
1349
43.93
32976
	
1346
43.93
32978
	
1351
43.89
33001
	
1345
43.89
33002
	
1345
38.40
33026
	
1349
38.40
33027
	
1346
10.46
33051
	
1335
10.46
33052
	
1339
0.00
33076
	
1328
0.00
33077
	
1320
0.00
33224
	
1326
0.00
33225
	
1328
0.00
33249
	
1328
0.00
33250
	
1321
0.00
33275
	
1328
0.00
33276
	
1327
0.00
33300
	
1328
0.00
33301
	
1327
0.00
33325
	
1329
0.00
33326
	
1328
0.00
33350
	
1327
0.00
33351
	
1328
0.00
33498
	
1326
0.00
33499
	
1317
0.00
33523
	
1323
0.00
33524
	
1327
0.00
33548
	
1328
0.00
33549
	
1327
0.00
33574
	
1327
0.00
33575
	
1325
0.00
33599
	
1328
0.00
33600
	
1326
0.00
33624
	
1328
0.00
33625
	
1328
0.00
33772
	
1328
0.00
33773
	
1323
0.00
33800
	
1327
0.00
33801
	
1328
4.09
33825
	
1344
4.09
33826
	
1349
32.42
33850
	
1348
32.42
33851
	
1345
44.63
33876
	
1345
44.63
33877
	
1347
45.90
33901
	
1350
45.90
34025
	
1351
43.77
34049
	
1344
43.77
34051
	
1344
42.90
34074
	
1349
42.90
34075
	
1350
24.03
34099
	
1334
24.03
34100
	
1344
1.64
34124
	
1330
1.64
34125
	
1337
0.00
34149
	
1328
0.00
34150
	
1331
0.00
34297
	
1328
0.00
34298
	
1328
0.00
34322
	
1328
0.00
34323
	
1323
0.00
34348
	
1322
0.00
34349
	
1317
0.00
34373
	
1327
0.00
34374
	
1328
0.00
34398
	
1326
0.00
34399
	
1328
0.00
34423
	
1328
0.00
34424
	
1328
0.00
34571
	
1328
0.00
34572
	
1330
0.00
34596
	
1328
0.00
34597
	
1328
0.00
34621
	
1329
0.00
34622
	
1328
0.00
34646
	
1328
0.00
34647
	
1327
0.00
34672
	
1318
0.00
34673
	
1313
0.00
34697
	
1319
0.00
34698
	
1327
0.00
34845
	
1326
0.00
34846
	
1324
0.54
34873
	
1345
0.54
34874
	
1333
19.09
34898
	
1344
19.09
34899
	
1352
43.24
34923
	
1337
43.24
34924
	
1344
47.99
34948
	
1349
47.99
34949
	
1349
46.80
34974
	
1348
46.80
35098
	
1345
45.70
35121
	
1343
45.70
35123
	
1349
45.60
35147
	
1346
45.60
35148
	
1357
34.68
35172
	
1345
34.68
35173
	
1341
6.74
35197
	
1331
6.74
35198
	
1328
0.00
35222
	
1328
0.00
35223
	
1330
0.00
35370
	
1328
0.00
35371
	
1328
0.00
35395
	
1328
0.00
35396
	
1329
0.12
35420
	
1327
0.12
35421
	
1328
0.04
35446
	
1330
0.04
35447
	
1326
0.14
35471
	
1328
0.14
35472
	
1330
0.16
35496
	
1326
0.16
35497
	
1327
0.25
35644
	
1328
0.25
35645
	
1325
0.38
35669
	
1327
0.38
35670
	
1328
0.43
35694
	
1328
0.43
35695
	
1328
0.45
35719
	
1328
0.45
35720
	
1328
0.55
35744
	
1330
0.55
35745
	
1323
0.63
35770
	
1328
0.63
35771
	
1331
0.07
35917
	
1318
0.07
35918
	
1326
0.04
35943
	
1321
0.04
35944
	
1331
6.05
35968
	
1342
6.05
35969
	
1348
35.01
35993
	
1347
35.01
35994
	
1343
45.54
36018
	
1348
45.54
36019
	
1346
45.83
36043
	
1347
45.83
36167
	
1345
43.12
36191
	
1350
43.12
36193
	
1347
42.89
36216
	
1339
42.89
36217
	
1338
39.90
36241
	
1341
39.90
36242
	
1343
14.23
36267
	
1337
14.23
36268
	
1340
0.00
36292
	
1328
0.00
36293
	
1326
0.00
36440
	
1327
0.00
36441
	
1326
0.00
36465
	
1326
0.00
36466
	
1327
0.00
36490
	
1328
0.00
36491
	
1314
0.00
36515
	
1327
0.00
36516
	
1328
0.00
36540
	
1324
0.00
36541
	
1313
0.00
36565
	
1328
0.00
36566
	
1327
0.00
36713
	
1327
0.00
36714
	
1328
0.00
36738
	
1328
0.00
36739
	
1328
0.00
36764
	
1326
0.00
36765
	
1328
0.00
36789
	
1324
0.00
36790
	
1325
0.00
36814
	
1325
0.00
36815
	
1317
0.00
36839
	
1319
0.00
36840
	
1327
0.00
36987
	
1327
0.00
36988
	
1327
0.00
37012
	
1338
0.00
37013
	
1344
14.94
37037
	
1344
14.94
37038
	
1344
36.85
37063
	
1346
36.85
37064
	
1345
40.89
37088
	
1347
40.89
37089
	
1355
39.86
37113
	
1354
37.39
37258
	
1347
37.39
37259
	
1344
37.35
37283
	
1343
37.35
37284
	
1347
30.81
37308
	
1335
30.81
37309
	
1338
5.37
37333
	
1337
5.37
37334
	
1334
0.00
37358
	
1328
0.00
37359
	
1325
0.00
37383
	
1328
0.00
37507
	
1328
0.00
37531
	
1328
0.00
37532
	
1328
0.00
37556
	
1328
0.00
37557
	
1319
0.00
37582
	
1303
0.00
37583
	
1318
0.00
37607
	
1327
0.00
37608
	
1328
0.00
37632
	
1312
0.00
37633
	
1328
0.00
37657
	
1327
0.00
37781
	
1328
0.00
37805
	
1328
0.00
37806
	
1328
0.00
37830
	
1328
0.00
37831
	
1327
0.00
37855
	
1327
0.00
37856
	
1315
0.00
37880
	
1328
0.00
37881
	
1322
0.00
37905
	
1323
0.00
37906
	
1324
0.00
38053
	
