=~=~=~=~=~=~=~=~=~=~=~= PuTTY log 2024.12.02 12:26:43 =~=~=~=~=~=~=~=~=~=~=~=
1328
0.00
215422
	
1328
0.00
215425
	
1328
0.00
215427
	
1325
0.00
215428
	
1330
0.00
215430
	
1327
0.00
215432
	
1328
50.18
215579
	
1360
50.18
215580
	
1351
49.92
215604
	
1353
49.92
215605
	
1355
49.72
215629
	
1354
49.72
215630
	
1350
50.00
215654
	
1360
50.00
215655
	
1356
35.64
215679
	
1349
35.64
215680
	
1328
1.77
215827
	
1328
1.77
215828
	
1328
2.13
215852
	
1328
2.13
215853
	
1328
2.36
215878
	
1323
2.36
215879
	
1327
3.06
215903
	
1328
3.06
215904
	
1328
3.41
215928
	
1321
3.41
215929
	
1333
5.27
216076
	
1331
5.27
216077
	
1328
5.32
216101
	
1329
5.32
216102
	
1328
5.42
216126
	
1328
5.42
216127
	
1332
5.21
216151
	
1328
5.21
216152
	
1328
5.07
216176
	
1328
5.07
216177
	
1328
6.36
216324
	
1329
6.36
216325
	
1328
6.56
216349
	
1329
6.56
216350
	
1328
6.77
216375
	
1328
6.77
216376
	
1329
6.43
216400
	
1328
6.43
216401
	
1330
6.50
216425
	
1328
6.50
216426
	
1328
6.55
216573
	
1328
6.97
216598
	
1340
6.97
216599
	
1349
27.01
216623
	
1350
27.01
216624
	
1350
53.23
216648
	
1359
53.23
216649
	
1350
59.96
216673
	
1359
59.96
216674
	
1355
45.77
216699
	
1346
45.77
216700
	
1325
6.17
216846
	
1328
6.17
216847
	
1322
6.49
216872
	
1328
6.49
216873
	
1326
6.61
216897
	
1327
6.61
216898
	
1328
6.55
216922
	
1322
6.55
216923
	
1328
6.70
216947
	
1330
6.70
216948
	
1328
6.06
217095
	
1329
6.06
217096
	
1328
6.01
217120
	
1328
6.01
217121
	
1329
7.18
217145
	
1331
7.18
217146
	
1328
7.71
217170
	
1328
7.71
217171
	
1324
7.05
217196
	
1325
7.05
217197
	
1317
6.28
217343
	
1329
6.28
217344
	
1329
6.08
217369
	
1327
6.08
217370
	
1328
6.23
217394
	
1328
6.23
217395
	
1328
6.24
217419
	
1329
6.24
217420
	
1327
6.34
217444
	
1328
6.34
217445
	
1328
5.78
217592
	
1326
5.78
217593
	
1328
5.66
217617
	
1327
5.64
217642
	
1328
5.64
217643
	
1326
9.03
217667
	
1342
9.03
217668
	
1339
39.31
217693
	
1344
39.31
217694
	
1360
56.22
217718
	
1347
56.22
217719
	
1343
58.01
217866
	
1346
58.01
217867
	
1345
57.98
217891
	
1354
57.98
217892
	
1359
46.62
217916
	
1351
46.62
217917
	
1344
17.56
217941
	
1340
17.56
217942
	
1334
6.10
217966
	
1329
6.10
217967
	
1330
6.86
218114
	
1328
6.86
218115
	
1327
7.00
218139
	
1328
7.00
218140
	
1328
6.99
218164
	
1328
6.99
218165
	
1312
6.60
218190
	
1328
6.60
218191
	
1317
6.35
218215
	
1328
6.35
218216
	
1328
6.18
218363
	
1328
6.18
218364
	
1329
6.22
218388
	
1328
6.22
218389
	
1328
5.83
218413
	
1328
5.83
218414
	
1327
5.88
218438
	
1328
5.88
218439
	
1325
6.04
218463
	
1328
6.04
218464
	
1330
5.37
218611
	
1322
5.37
218612
	
1329
5.34
218636
	
1328
5.34
218637
	
1328
5.31
218661
	
1333
5.39
218687
	
1333
5.39
218688
	
1334
12.35
218712
	
1344
12.35
218713
	
1351
44.39
218737
	
1350
44.39
218738
	
1351
59.11
218885
	
1334
59.11
218886
	
1341
58.85
218910
	
1341
58.85
218911
	
1356
47.72
218935
	
1348
47.72
218936
	
1343
17.74
218960
	
1331
17.74
218961
	
1334
5.14
218985
	
1328
5.14
218986
	
1328
4.82
219133
	
1329
4.82
219134
	
1327
4.98
219158
	
1328
4.98
219159
	
1325
5.03
219184
	
1325
5.03
219185
	
1323
4.93
219209
	
1330
4.93
219210
	
1328
5.16
219234
	
1319
5.16
219235
	
1331
5.63
219382
	
1332
5.63
219383
	
1329
5.37
219407
	
1327
5.37
219408
	
1328
5.31
219432
	
1328
5.31
219433
	
1328
5.56
219457
	
1328
5.56
219458
	
1328
5.70
219482
	
1328
5.70
219483
	
1323
5.57
219630
	
1328
5.57
219631
	
1330
5.48
219655
	
1328
5.48
219656
	
1328
5.36
219681
	
1328
5.36
219682
	
1323
5.22
219706
	
1329
5.26
219731
	
1341
5.26
219732
	
1343
15.86
219756
	
1350
15.86
219757
	
1354
57.91
219904
	
1348
57.91
219905
	
1350
57.95
219929
	
1342
57.95
219930
	
1351
47.72
219954
	
1350
47.72
219955
	
1345
17.61
219979
	
1340
17.61
219980
	
1333
4.78
220005
	
1329
4.78
220006
	
1329
4.71
220152
	
1328
4.71
220153
	
1328
4.84
220178
	
1328
4.84
220179
	
1328
4.28
220203
	
1331
4.28
220204
	
1327
3.98
220228
	
1329
3.98
220229
	
1328
3.73
220253
	
1328
3.73
220254
	
1328
4.26
220401
	
1328
4.26
220402
	
1327
4.04
220426
	
1329
4.04
220427
	
1328
3.73
220451
	
1328
3.73
220452
	
1326
3.72
220476
	
1323
3.72
220477
	
1321
4.00
220502
	
1329
4.00
220503
	
1322
3.44
220649
	
1328
3.44
220650
	
1328
3.48
220675
	
1330
3.48
220676
	
1328
3.36
220700
	
1329
3.36
220701
	
1328
3.26
220725
	
1327
3.26
220726
	
1327
3.09
220750
	
1329
3.69
220775
	
1341
3.69
220776
	
1347
20.66
220800
	
1346
55.54
220945
	
1346
55.54
220946
	
1355
55.39
220970
	
1355
55.39
220971
	
1358
42.91
220995
	
1353
42.91
220996
	
1345
12.20
221021
	
1335
12.20
221022
	
1330
1.18
221046
	
1328
1.18
221047
	
1331
0.74
221194
	
1328
0.74
221195
	
1328
0.48
221219
	
1328
0.48
221220
	
1331
0.44
221244
	
1323
0.44
221245
	
1330
0.44
221269
	
1313
0.44
221270
	
1328
0.23
221294
	
1323
0.23
221295
	
1328
0.00
221442
	
1328
0.00
221443
	
1327
0.00
221467
	
1328
0.00
221468
	
1326
0.00
221492
	
1328
0.00
221493
	
1328
0.00
221518
	
1329
0.00
221519
	
1317
0.00
221543
	
1325
0.00
221544
	
1328
0.00
221691
	
1328
0.00
221692
	
1327
0.12
221716
	
1328
0.12
221717
	
1327
0.00
221741
	
1331
0.00
221742
	
1325
0.00
221766
	
1327
0.00
221767
	
1328
0.00
221791
	
1328
0.19
221816
	
1347
0.19
221817
	
1359
53.01
221964
	
1349
53.01
221965
	
1348
52.32
221989
	
1343
52.32
221990
	
1351
51.49
222015
	
1355
51.49
222016
	
1362
35.19
222040
	
1354
35.19
222041
	
1346
6.27
222065
	
1330
6.27
222066
	
1328
0.00
222213
	
1328
0.00
222214
	
1313
0.00
222238
	
1328
0.00
222239
	
1328
0.00
222263
	
1326
0.00
222264
	
1325
0.00
222288
	
1327
0.00
222289
	
1327
0.00
222313
	
1328
0.00
222314
	
1328
0.00
222461
	
1327
0.00
222462
	
1328
0.00
222486
	
1328
0.00
222487
	
1331
0.00
222512
	
1328
0.00
222513
	
1331
0.00
222537
	
1328
0.00
222538
	
1327
0.00
222562
	
1327
0.00
222563
	
1327
0.00
222710
	
1328
0.00
222711
	
1326
0.00
222735
	
1327
0.00
222736
	
1328
0.00
222760
	
1328
0.00
222761
	
1328
0.00
222785
	
1328
0.00
222786
	
1325
0.00
222810
	
1328
0.00
222811
	
1328
0.00
222958
	
1327
0.00
222983
	
1328
0.00
222984
	
1331
0.00
223009
	
1344
0.00
223010
	
1345
12.55
223034
	
1347
12.55
223035
	
1346
22.11
223059
	
1348
22.11
223060
	
1345
20.55
223084
	
1349
20.55
223085
	
1328
0.00
223232
	
1327
0.00
223233
	
1323
0.00
223257
	
1319
0.00
223258
	
1328
0.00
223282
	
1328
0.00
223283
	
1328
0.00
223307
	
1323
0.00
223308
	
1328
0.00
223333
	
1327
0.00
223334
	
1328
0.00
223481
	
1324
0.00
223482
	
1328
0.00
223506
	
1327
0.00
223507
	
1328
0.00
223531
	
1326
0.00
223532
	
1325
0.00
223556
	
1328
0.00
223557
	
1328
0.00
223581
	
1327
0.00
223582
	
1309
0.00
223729
	
1327
0.00
223730
	
1327
0.00
223754
	
1329
0.00
223755
	
1327
0.00
223779
	
1327
0.00
223780
	
1328
0.00
223805
	
1327
0.00
223806
	
1333
0.00
223830
	
1327
0.00
223831
	
1326
0.00
223978
	
1327
0.00
223979
	
1326
0.00
224003
	
1326
0.00
224028
	
1340
0.00
224029
	
1337
0.00
224053
	
1344
0.00
224054
	
1354
13.08
224078
	
1346
13.08
224079
	
1347
20.62
224103
	
1349
20.62
224104
	
1348
20.10
224251
	
1346
20.10
224252
	
1344
19.60
224276
	
1350
19.60
224277
	
1347
4.77
224302
	
1331
4.77
224303
	
1343
0.00
224327
	
1330
0.00
224328
	
1338
0.00
224352
	
1334
0.00
224353
	
1333
0.00
224500
	
1325
0.00
224501
	
1328
0.00
224525
	
1328
0.00
224526
	
1327
0.00
224550
	
1328
0.00
224551
	
1329
0.00
224575
	
1326
0.00
224576
	
1319
0.00
224600
	
1326
0.00
224601
	
1327
0.00
224748
	
1328
0.00
224749
	
1327
0.00
224773
	
1328
0.00
224774
	
1328
0.00
224799
	
1328
0.00
224800
	
1327
0.00
224824
	
1328
0.00
224825
	
1327
0.00
224849
	
1328
0.00
224850
	
1328
0.00
224997
	
1328
0.00
224998
	
1328
0.00
225022
	
1328
0.00
225023
	
1328
0.00
225047
	
1328
0.00
225072
	
1335
0.00
225073
	
1336
0.00
225097
	
1346
0.00
225098
	
1345
15.26
225123
	
1347
15.26
225124
	
1354
19.74
225270
	
1344
19.74
225271
	
1344
19.39
225296
	
1354
19.39
225297
	
1353
4.55
225321
	
1347
4.55
225322
	
1344
0.00
225346
	
1332
0.00
225347
	
1328
0.00
225371
	
1328
0.00
225372
	
1331
0.00
225519
	
1325
0.00
225520
	
1327
0.00
225544
	
1328
0.00
225545
	
1317
0.00
225569
	
1327
0.00
225570
	
1324
0.00
225594
	
1329
0.00
225595
	
1327
0.00
225620
	
1327
0.00
225621
	
1327
0.00
225767
	
1328
0.00
225768
	
1327
0.00
225793
	
1328
0.00
225794
	
1328
0.00
225818
	
1330
0.00
225819
	
1328
0.00
225843
	
1328
0.00
225844
	
1317
0.00
225868
	
1328
0.00
225869
	
1328
0.00
226016
	
1328
0.00
226017
	
1330
0.00
226041
	
1331
0.00
226042
	
1327
0.00
226066
	
1328
0.00
226067
	
1327
0.00
226091
	
1325
0.00
226117
	
1341
0.00
226118
	
1341
0.00
226142
	
1350
0.00
226143
	
1351
16.75
226167
	
1346
19.61
226312
	
1342
19.61
226313
	
1350
19.15
226337
	
1348
19.15
226338
	
1344
3.53
226362
	
1341
3.53
226363
	
1344
0.00
226387
	
1329
0.00
226388
	
1327
0.00
226412
	
1331
0.00
226413
	
1329
0.00
226560
	
1327
0.00
226561
	
1328
0.00
226585
	
1327
0.00
226586
	
1328
0.00
226611
	
1332
0.00
226612
	
1321
0.00
226636
	
1323
0.00
226637
	
1326
0.00
226661
	
1328
0.00
226662
	
1328
0.00
226809
	
1328
0.00
226810
	
1328
0.00
226834
	
1328
0.00
226835
	
1328
0.00
226859
	
1328
0.00
226860
	
1328
0.00
226884
	
1327
0.00
226885
	
1327
0.00
226909
	
1327
0.00
226910
	
1327
0.00
227057
	
1328
0.00
227058
	
1325
0.00
227082
	
1322
0.00
227083
	
1328
0.00
227108
	
1328
0.00
227109
	
1327
0.00
227133
	
1328
0.00
227158
	
1340
0.00
227159
	
1341
0.00
227183
	
1346
0.00
227184
	
1345
17.23
227208
	
1348
19.24
227353
	
1354
19.24
227354
	
1346
19.26
227378
	
1347
19.26
227379
	
1343
17.31
227403
	
1339
17.31
227404
	
1341
0.00
227428
	
1341
0.00
227429
	
1344
0.00
227454
	
1328
0.00
227455
	
1326
0.00
227601
	
1328
0.00
227602
	
1328
0.00
227627
	
1328
0.00
227628
	
1326
0.00
227652
	
1327
0.00
227653
	
1326
0.00
227677
	
1330
0.00
227678
	
1327
0.00
227702
	
1315
0.00
227703
	
1323
0.00
227850
	
1327
0.00
227851
	
1326
0.00
227875
	
1326
0.00
227876
	
1328
0.00
227900
	
1328
0.00
227901
	
1327
0.00
227926
	
1327
0.00
227927
	
1329
0.00
227951
	
1326
0.00
227952
	
1327
0.00
228099
	
1324
0.00
228100
	
1328
0.00
228124
	
1328
0.00
228125
	
1328
0.00
228149
	
1328
0.00
228150
	
1327
0.00
228174
	
1328
0.00
228199
	
1343
0.00
228200
	
1345
0.12
228224
	
1344
0.12
228225
	
1347
19.45
228372
	
1352
19.45
228373
	
1349
18.84
228397
	
1349
18.84
228398
	
1346
2.86
228423
	
1342
2.86
228424
	
1341
0.00
228448
	
1331
0.00
228449
	
1328
0.00
228473
	
1328
0.00
228474
	
1328
0.00
228621
	
1330
0.00
228622
	
1328
0.00
228646
	
1327
0.00
228647
	
1318
0.00
228671
	
1328
0.00
228672
	
1317
0.00
228696
	
1328
0.00
228697
	
1328
0.00
228721
	
1328
0.00
228722
	
1327
0.00
228869
	
1329
0.00
228870
	
1327
0.00
228894
	
1327
0.00
228895
	
1331
0.00
228920
	
1327
0.00
228921
	
1328
0.00
228945
	
1327
0.00
228946
	
1328
0.00
228970
	
1327
0.00
228971
	
1322
0.00
229118
	
1319
0.00
229119
	
1328
0.00
229143
	
1330
0.00
229144
	
1327
0.00
229168
	
1326
0.00
229169
	
1328
0.00
229193
	
1323
0.00
229194
	
1328
0.00
229218
	
1327
0.00
229244
	
1329
0.00
229245
	
1332
0.00
229269
	
1341
19.24
229413
	
1349
19.24
229414
	
1344
19.14
229439
	
1345
19.14
229440
	
1335
17.04
229464
	
1351
17.04
229465
	
1349
0.00
229489
	
1339
0.00
229490
	
1337
0.00
229514
	
1331
0.00
229515
	
1328
0.00
229662
	
1328
0.00
229663
	
1324
0.00
229687
	
1328
0.00
229688
	
1328
0.00
229712
	
1323
0.00
229713
	
1328
0.00
229738
	
1327
0.00
229739
	
1327
0.00
229763
	
1322
0.00
229764
	
1317
0.00
229911
	
1329
0.00
229912
	
1328
0.00
229936
	
1328
0.00
229937
	
1328
0.00
229961
	
1328
0.00
229962
	
1327
0.00
229986
	
1328
0.00
229987
	
1328
0.00
230011
	
1328
0.00
230012
	
1327
0.00
230159
	
1328
0.00
230160
	
1328
0.00
230184
	
1323
0.00
230185
	
1328
0.00
230209
	
1327
0.00
230210
	
1328
0.00
230235
	
1328
0.00
230236
	
1326
0.00
230260
	
1327
0.00
230285
	
1333
0.00
230286
	
1335
0.00
230310
	
1344
19.29
230455
	
1358
19.29
230456
	
1351
19.23
230480
	
1346
19.23
230481
	
1344
16.53
230505
	
1351
16.53
230506
	
1349
0.00
230530
	
1332
0.00
230531
	
1326
0.00
230556
	
1329
0.00
230557
	
1328
0.00
230703
	
1327
0.00
230704
	
1328
0.00
230729
	
1328
0.00
230730
	
1328
0.00
230754
	
1331
0.00
230755
	
1328
0.00
230779
	
1328
0.00
230780
	
1320
0.00
230804
	
1327
0.00
230805
	
1326
0.00
230952
	
1328
0.00
230953
	
1328
0.00
230977
	
1317
0.00
230978
	
1328
0.00
231002
	
1327
0.00
231003
	
1328
0.00
231027
	
1327
0.00
231028
	
1329
0.00
231053
	
1327
0.00
231054
	
1328
0.00
231200
	
1321
0.00
231201
	
1314
0.00
231226
	
1318
0.00
231227
	
1327
0.00
231251
	
1327
0.00
231252
	
1328
0.00
231276
	
1328
0.00
231277
	
1328
0.00
231301
	
1324
0.00
231326
	
1329
0.00
231327
	
1328
0.00
231351
	
1342
29.95
231496
	
