=~=~=~=~=~=~=~=~=~=~=~= PuTTY log 2024.12.02 12:48:32 =~=~=~=~=~=~=~=~=~=~=~=
1328
0.00
40092
	
1318
0.00
40093
	
1322
0.00
40097
	
1328
0.00
40099
	
1328
0.00
40100
	
1328
0.00
40102
	
1326
0.39
40126
	
1347
0.39
40250
	
1359
37.93
40274
	
1356
37.93
40275
	
1360
37.43
40299
	
1356
37.43
40300
	
1355
37.05
40324
	
1361
37.05
40325
	
1370
23.68
40349
	
1349
23.68
40350
	
1349
2.09
40375
	
1337
2.09
40376
	
1329
0.00
40522
	
1327
0.00
40523
	
1324
0.00
40548
	
1328
0.00
40549
	
1332
0.00
40573
	
1331
0.00
40574
	
1329
0.00
40598
	
1328
0.00
40599
	
1329
0.00
40623
	
1329
0.00
40624
	
1328
0.00
40648
	
1328
0.00
40649
	
1328
0.00
40796
	
1328
0.00
40797
	
1328
0.00
40821
	
1322
0.00
40822
	
1317
0.00
40846
	
1329
0.00
40847
	
1329
0.00
40872
	
1327
0.00
40873
	
1328
0.00
40897
	
1329
0.00
40898
	
1328
0.00
40922
	
1328
0.00
40923
	
1328
0.00
41070
	
1328
0.00
41071
	
1328
0.00
41095
	
1328
0.00
41096
	
1325
0.00
41120
	
1328
0.00
41145
	
1353
0.00
41146
	
1339
11.00
41170
	
1344
11.00
41171
	
1348
35.09
41196
	
1354
35.09
41197
	
1347
40.76
41221
	
1355
40.76
41345
	
1355
36.48
41369
	
1354
36.48
41371
	
1353
36.25
41394
	
1351
36.25
41395
	
1349
32.00
41419
	
1353
32.00
41420
	
1351
6.82
41444
	
1335
6.82
41445
	
1333
0.00
41469
	
1333
0.00
41470
	
1329
0.00
41617
	
1328
0.00
41618
	
1330
0.00
41642
	
1329
0.00
41643
	
1329
0.00
41668
	
1328
0.00
41669
	
1327
0.00
41693
	
1328
0.00
41694
	
1323
0.00
41718
	
1328
0.00
41719
	
1327
0.00
41743
	
1326
0.00
41744
	
1328
0.00
41891
	
1328
0.00
41892
	
1328
0.00
41916
	
1328
0.00
41917
	
1328
0.00
41941
	
1329
0.00
41942
	
1328
0.00
41966
	
1329
0.00
41967
	
1328
0.00
41992
	
1327
0.00
41993
	
1328
0.00
42017
	
1328
0.00
42018
	
1328
0.00
42165
	
1328
0.00
42166
	
1328
0.00
42193
	
1328
0.00
42194
	
1328
0.00
42218
	
1335
0.00
42219
	
1344
24.73
42243
	
1353
24.73
42244
	
1348
38.79
42268
	
1358
38.79
42269
	
1354
40.27
42294
	
1349
40.27
42418
	
1356
35.58
42441
	
1358
35.58
42443
	
1360
34.93
42467
	
1361
34.93
42468
	
1361
19.18
42492
	
1348
19.18
42493
	
1350
0.00
42517
	
1333
0.00
42518
	
1333
0.00
42542
	
1329
0.00
42543
	
1328
0.00
42690
	
1318
0.00
42691
	
1328
0.00
42715
	
1328
0.00
42716
	
1327
0.00
42740
	
1328
0.00
42741
	
1328
0.00
42765
	
1328
0.00
42766
	
1328
0.00
42791
	
1327
0.00
42792
	
1328
0.00
42816
	
1328
0.00
42817
	
1327
0.00
42964
	
1328
0.00
42965
	
1328
0.00
42989
	
1321
0.00
42990
	
1317
0.00
43014
	
1327
0.00
43015
	
1328
0.00
43039
	
1326
0.00
43040
	
1328
0.00
43064
	
1327
0.00
43065
	
1328
0.00
43089
	
1328
0.00
43090
	
1330
0.00
43237
	
1328
0.00
43238
	
1318
0.00
43263
	
1340
0.00
43264
	
1334
6.17
43288
	
1344
6.17
43289
	
1345
32.29
43313
	
1342
32.29
43314
	
1347
39.99
43338
	
1345
39.99
43339
	
1353
39.72
43363
	
1353
39.72
43487
	
1360
36.16
43511
	
1360
36.16
43513
	
1354
36.12
43536
	
1351
36.12
43537
	
1355
30.51
43561
	
1353
30.51
43562
	
1350
4.52
43587
	
1338
4.52
43588
	
1341
0.00
43612
	
1333
0.00
43613
	
1328
1.63
43760
	
1328
1.63
43761
	
1329
3.23
43785
	
1328
3.23
43786
	
1328
4.55
43810
	
1329
4.55
43811
	
1328
6.51
43835
	
1329
6.51
43836
	
1328
8.60
43860
	
1328
8.60
43861
	
1328
10.06
43885
	
1328
10.06
43886
	
1327
12.22
44033
	
1317
12.22
44034
	
1328
11.68
44058
	
1328
11.68
44059
	
1328
11.17
44084
	
1328
11.17
44085
	
1328
10.72
44109
	
1328
10.72
44110
	
1328
10.49
44134
	
1328
10.49
44135
	
1328
9.50
44282
	
1328
9.50
44283
	
1328
9.19
44307
	
1321
8.99
44332
	
1327
8.99
44333
	
1330
11.76
44357
	
1343
11.76
44358
	
1345
42.16
44382
	
1357
42.16
44383
	
1348
59.75
44408
	
1354
59.75
44409
	
1355
61.90
44433
	
1350
61.90
44557
	
1328
4.78
44581
	
1328
4.78
44582
	
1325
5.01
44606
	
1323
5.01
44607
	
1329
5.52
44631
	
1328
5.52
44632
	
1328
5.99
44656
	
1325
5.99
44657
	
1328
6.17
44681
	
1328
6.17
44682
	
1329
6.20
44706
	
1330
6.20
44830
	
1328
6.33
44854
	
1328
6.33
44855
	
1328
6.11
44880
	
1328
6.11
44881
	
1322
5.93
44905
	
1329
5.93
44906
	
1328
6.05
44930
	
1323
6.05
44931
	
1328
5.86
44955
	
1328
5.86
44956
	
1328
5.94
44980
	
1325
5.94
45104
	
1328
5.96
45128
	
1328
5.96
45129
	
1328
5.77
45153
	
1331
5.77
45154
	
1328
5.81
45178
	
1328
5.81
45179
	
1328
5.83
45204
	
1325
5.83
45205
	
1327
5.76
45229
	
1327
5.76
45230
	
1322
5.73
45377
	
1328
5.73
45378
	
1328
5.76
45402
	
1328
6.12
45427
	
1342
6.12
45428
	
1341
24.56
45452
	
1350
24.56
45453
	
1347
51.69
45477
	
1349
51.69
45478
	
1351
57.52
45502
	
1356
57.52
45503
	
1361
43.03
45528
	
1348
43.03
45652
	
1328
2.89
45675
	
1328
2.89
45676
	
1328
3.26
45701
	
1328
3.26
45702
	
1328
3.52
45726
	
1330
3.52
45727
	
1329
3.52
45751
	
1329
3.52
45752
	
1328
3.80
45776
	
1328
3.80
45777
	
1327
4.16
45801
	
1328
4.16
45925
	
1327
4.55
45949
	
1328
4.55
45950
	
1328
4.62
45974
	
1323
4.62
45975
	
1328
4.66
46000
	
1328
4.66
46001
	
1329
4.74
46025
	
1328
4.74
46026
	
1330
4.79
46050
	
1328
4.79
46051
	
1328
4.80
46075
	
1328
4.80
46199
	
1321
4.88
46223
	
1324
4.88
46224
	
1328
4.97
46248
	
1325
4.97
46249
	
1322
5.08
46273
	
1321
5.08
46274
	
1328
5.14
46298
	
1328
5.14
46299
	
1328
5.06
46324
	
1329
5.06
46325
	
1328
5.25
46471
	
1328
5.25
46472
	
1327
5.36
46497
	
1330
5.36
46522
	
1344
5.36
46523
	
1341
17.19
46547
	
1345
17.19
46548
	
1345
47.34
46572
	
1351
47.34
46573
	
1351
56.76
46597
	
1349
56.76
46598
	
1350
56.08
46622
	
1354
56.08
46746
	
1327
1.84
46770
	
1328
1.84
46771
	
1330
2.50
46795
	
1328
2.50
46796
	
1328
2.75
46821
	
1329
2.75
46822
	
1328
2.66
46846
	
1328
2.66
46847
	
1326
2.74
46871
	
1328
2.74
46872
	
1327
3.06
46896
	
1313
3.06
47020
	
1331
3.55
47044
	
1328
3.55
47045
	
1328
3.60
47069
	
1330
3.60
47070
	
1328
3.75
47094
	
1328
3.75
47095
	
1328
3.85
47119
	
1328
3.85
47120
	
1325
3.88
47145
	
1328
3.88
47146
	
1328
3.89
47170
	
1323
3.89
47294
	
1328
4.01
47318
	
1327
4.01
47319
	
1328
4.02
47343
	
1328
4.02
47344
	
1329
3.95
47368
	
1329
3.95
47369
	
1328
3.95
47393
	
1328
3.95
47394
	
1328
3.96
47418
	
1328
3.96
47419
	
1323
3.90
47566
	
1327
3.90
47567
	
1328
3.98
47591
	
1328
4.02
47617
	
1331
4.02
47618
	
1340
10.05
47642
	
1344
10.05
47643
	
1344
40.39
47667
	
1354
40.39
47668
	
1357
53.73
47692
	
1354
53.73
47693
	
1351
55.00
47717
	
1357
55.00
47841
	
1328
0.79
47865
	
1327
0.79
47866
	
1321
1.00
47890
	
1326
1.00
47891
	
1326
0.99
47915
	
1328
0.99
47916
	
1328
0.54
47941
	
1333
0.54
47942
	
1328
0.00
47966
	
1330
0.00
47967
	
1328
0.00
47991
	
1328
0.00
48115
	
1328
0.00
48139
	
1328
0.00
48140
	
1328
0.00
48164
	
1325
0.00
48165
	
1327
0.00
48189
	
1329
0.00
48190
	
1331
0.00
48214
	
1322
0.00
48215
	
1330
0.00
48239
	
1327
0.00
48240
	
1328
0.00
48265
	
1332
0.00
48389
	
1329
0.00
48412
	
1323
0.00
48413
	
1328
0.00
48438
	
1328
0.00
48439
	
1328
0.00
48463
	
1328
0.00
48464
	
1327
0.00
48488
	
1327
0.00
48489
	
1326
0.00
48513
	
1323
0.00
48514
	
1323
0.00
48661
	
1329
0.00
48662
	
1328
0.00
48686
	
1328
0.00
48711
	
1331
0.00
48712
	
1328
0.00
48737
	
1342
0.00
48738
	
1343
20.63
48762
	
1349
20.63
48763
	
1348
32.33
48787
	
1346
32.33
48788
	
1346
33.22
48812
	
1350
33.22
48813
	
1351
30.06
48960
	
1357
30.06
48962
	
1349
29.70
48985
	
1360
29.70
48986
	
1359
15.40
49010
	
1345
15.40
49011
	
1346
0.00
49035
	
1334
0.00
49036
	
1338
0.00
49061
	
1330
0.00
49062
	
1326
0.00
49208
	
1322
0.00
49209
	
1330
0.00
49234
	
1325
0.00
49235
	
1328
0.00
49259
	
1328
0.00
49260
	
1328
0.00
49284
	
1328
0.00
49285
	
1328
0.00
49309
	
1328
0.00
49310
	
1328
0.00
49334
	
1328
0.00
49335
	
1329
0.00
49482
	
1315
0.00
49483
	
1323
0.00
49507
	
1323
0.00
49508
	
1328
0.00
49533
	
1328
0.00
49534
	
1328
0.00
49558
	
1328
0.00
49559
	
1328
0.00
49583
	
1326
0.00
49584
	
1329
0.00
49608
	
1328
0.00
49609
	
1326
0.00
49756
	
1328
0.00
49757
	
1328
0.00
49784
	
1335
0.00
49785
	
1349
8.58
49809
	
1346
8.58
49810
	
1345
34.40
49835
	
1349
34.40
49836
	
1348
41.77
49860
	
1351
41.77
49861
	
1348
41.64
49885
	
1354
41.64
50009
	
1351
39.25
50033
	
1354
39.25
50035
	
1351
38.92
50058
	
1354
38.92
50059
	
1353
31.43
50083
	
1354
31.43
50084
	
1346
3.44
50108
	
1345
3.44
50109
	
1335
0.00
50133
	
1330
0.00
50134
	
1331
0.00
50281
	
1326
0.00
50282
	
1325
0.00
50306
	
1329
0.00
50307
	
1326
0.00
50332
	
1319
0.00
50333
	
1319
0.00
50357
	
1327
0.00
50358
	
1330
0.00
50382
	
1325
0.00
50383
	
1326
0.00
50407
	
1328
0.00
50408
	
1328
0.00
50555
	
1328
0.00
50556
	
1326
0.00
50580
	
1327
0.00
50581
	
1328
0.00
50605
	
1328
0.00
50606
	
1328
0.00
50630
	
1329
0.00
50631
	
1311
0.00
50656
	
1328
0.00
50657
	
1327
0.00
50681
	
1325
0.00
50682
	
1327
0.00
50829
	
1328
0.00
50830
	
1328
0.00
50857
	
1332
0.00
50858
	
1333
3.25
50882
	
1339
3.25
50883
	
1345
32.84
50907
	
1342
32.84
50908
	
1346
43.86
50932
	
1355
43.86
50933
	
1358
44.52
50958
	
1350
44.52
51082
	
1346
41.10
51105
	
1351
41.10
51107
	
1356
40.93
51131
	
1354
40.93
51132
	
1349
38.14
51156
	
1359
38.14
51157
	
1354
12.79
51181
	
1343
12.79
51182
	
1338
0.00
51206
	
1333
0.00
51207
	
1329
0.00
51354
	
1325
0.00
51355
	
1331
0.00
51379
	
1328
0.00
51380
	
1329
0.00
51404
	
1329
0.00
51405
	
1328
0.00
51429
	
1328
0.00
51430
	
1328
0.00
51455
	
1328
0.00
51456
	
1328
0.00
51480
	
1328
0.00
51481
	
1330
0.00
51628
	
1328
0.00
51629
	
1328
0.00
51653
	
1328
0.00
51654
	
1328
0.00
51678
	
1328
0.00
51679
	
1328
0.00
51703
	
1330
0.00
51704
	
1328
0.00
51728
	
1321
0.00
51729
	
1327
0.00
51754
	
1327
0.00
51755
	
1321
0.00
51901
	
1325
0.00
51902
	
1328
0.00
51927
	
1333
0.00
51928
	
1345
12.81
51952
	
1345
12.81
51953
	
1353
36.84
51977
	
1349
36.84
51978
	
1359
42.40
52002
	
1351
42.40
52003
	
1347
41.59
52027
	
1354
37.63
52172
	
1354
37.63
52173
	
1358
37.20
52197
	
1354
37.20
52198
	
1354
30.20
52222
	
1349
30.20
52223
	
1343
2.23
52247
	
1335
2.23
52248
	
1338
0.00
52273
	
1330
0.00
52274
	
1330
0.00
52298
	
1313
0.00
52422
	
1327
0.00
52446
	
1328
0.00
52447
	
1326
0.00
52471
	
1329
0.00
52472
	
1328
0.00
52496
	
1328
0.00
52497
	
1328
0.00
52521
	
1328
0.00
52522
	
1328
0.00
52546
	
1327
0.00
52547
	
1328
0.00
52571
	
1327
0.00
52695
	
1329
4.58
52719
	
1328
4.58
52720
	
1329
5.32
52745
	
1328
5.32
52746
	
1326
5.61
52770
	
1328
5.61
52771
	
1327
6.14
52795
	
1328
6.14
52796
	
1327
6.06
52820
	
1328
6.06
52821
	
1330
6.23
52845
	
1327
6.23
52969
	
1328
6.70
52993
	
1328
6.70
52994
	
1328
7.04
53018
	
1329
7.04
53019
	
1331
15.25
53043
	
1345
15.25
53044
	
1344
47.63
53069
	
1351
47.63
53070
	
1350
60.44
53094
	
1358
60.44
53095
	
1327
5.22
53242
	
1325
5.22
53243
	
1328
5.64
53267
	
1332
5.64
53268
	
1331
5.96
53292
	
1323
5.96
53293
	
1329
6.23
53317
	
1329
6.23
53318
	
1328
6.48
53342
	
1327
6.48
53343
	
1329
6.45
53367
	
1328
6.45
53368
	
1328
7.01
53515
	
1328
7.01
53516
	
1327
6.95
53540
	
1328
6.95
53541
	
1319
6.95
53566
	
1322
6.95
53567
	
1327
7.15
53591
	
1328
7.15
53592
	
1328
7.11
53616
	
1327
7.11
53617
	
1328
7.10
53641
	
1327
7.10
53642
	
1328
7.00
53789
	
1328
7.00
53790
	
1328
7.00
53814
	
1327
7.00
53815
	
1326
6.90
53839
	
1328
6.90
53840
	
1321
6.79
53865
	
1323
6.79
53866
	
1323
6.93
53890
	
1329
6.93
53891
	
1327
6.86
53915
	
1319
6.86
53916
	
1327
6.31
54063
	
1331
6.31
54064
	
1328
6.99
54091
	
1337
6.99
54092
	
1337
30.67
54116
	
1350
30.67
54117
	
1352
53.76
54141
	
1349
53.76
54142
	
1343
58.22
54167
	
1355
58.22
54168
	
1350
39.56
54192
	
1343
39.56
54316
	
1329
3.59
54340
	
1328
3.59
54341
	
1331
3.78
54365
	
1328
3.78
54366
	
1326
3.70
54390
	
1327
3.70
54391
	
1326
3.87
54415
	
1328
3.87
54416
	
1328
3.89
54440
	
1326
3.89
54441
	
1325
3.68
54588
	
1328
3.68
54589
	
1328
3.70
54613
	
1327
3.70
54614
	
1328
3.71
54638
	
1323
3.71
54639
	
1328
3.54
54664
	
1329
3.54
54665
	
1328
3.45
54689
	
1328
3.45
54690
	
1328
3.54
54714
	
1327
3.54
54715
	
1329
3.32
54862
	
1327
3.32
54863
	
1328
3.30
54887
	
1328
3.30
54888
	
1330
3.36
54912
	
1327
3.36
54913
	
1328
3.38
54937
	
1328
3.38
54938
	
1328
3.37
54962
	
1328
3.37
54963
	
1328
3.38
54988
	
1327
3.38
54989
	
1326
2.96
55136
	
1327
2.96
55137
	
1328
3.01
55164
	
1342
3.01
55165
	
1355
17.08
55189
	
1346
17.08
55190
	
1353
45.56
55214
	
1355
45.56
55215
	
1350
53.50
55239
	
1353
53.50
55240
	
1349
52.74
55265
	
1357
52.74
55389
	
1328
0.03
55412
	
1325
0.03
55413
	
1328
0.04
55438
	
1328
0.04
55439
	
1327
0.45
55463
	
1328
0.45
55464
	
1330
0.70
55488
	
1328
0.70
55489
	
1328
0.74
55513
	
1328
0.74
55514
	
1328
0.75
55538
	
1328
0.75
55662
	
1328
1.12
55686
	
1318
1.12
55687
	
1325
1.12
55711
	
1324
1.12
55712
	
1328
1.20
55736
	
1329
1.20
55737
	
1328
1.18
55762
	
1328
1.18
55763
	
1326
1.11
55787
	
1328
1.11
55788
	
1328
0.99
55935
	
1328
0.99
55936
	
1319
1.11
55960
	
1329
1.11
55961
	
1329
1.00
55985
	
1315
1.00
55986
	
1324
0.96
56010
	
1329
0.96
56011
	
1325
1.15
56035
	
1321
1.15
56036
	
1331
1.35
56061
	
1327
1.35
56062
	
1328
1.22
56208
	
1328
1.22
56209
	
1328
1.18
56234
	
1329
1.18
56235
	
1330
4.94
56259
	
1342
4.94
56260
	
1332
34.99
56284
	
1344
34.99
56285
	
1349
49.50
56309
	
1350
49.50
56310
	
1349
51.66
56334
	
1344
51.66
56458
	
1328
0.00
56482
	
1328
0.00
56483
	
1328
0.00
56507
	
1328
0.00
56508
	
1328
0.00
56532
	
1328
0.00
56533
	
1328
0.00
56558
	
1328
0.00
56559
	
1323
0.00
56583
	
1329
0.00
56584
	
1331
0.00
56608
	
1319
0.00
56732
	
1328
0.00
56756
	
1327
0.00
56757
	
1328
0.00
56781
	
1327
0.00
56782
	
1328
0.05
56806
	
1329
0.05
56807
	
1329
0.01
56831
	
1327
0.01
56832
	
1328
0.11
56856
	
1328
0.11
56857
	
1328
0.02
57004
	
1328
0.02
57005
	
1328
0.10
57030
	
1330
0.10
57031
	
1329
0.10
57055
	
1327
0.10
57056
	
1328
0.05
57080
	
1328
0.05
57081
	
1328
0.03
57105
	
1328
0.03
57106
	
1328
0.03
57130
	
1328
0.03
57131
	
1321
0.03
57278
	
1318
0.03
57279
	
1327
0.14
57303
	
1335
0.14
57304
	
1341
13.97
57328
	
1342
13.97
57329
	
1355
42.57
57354
	
1348
42.57
57355
	
1349
50.56
57379
	
1351
50.56
57380
	
1355
49.84
57404
	
1350
49.84
57528
	
1328
0.00
57552
	
1328
0.00
57553
	
1319
0.00
57577
	
1329
0.00
57578
	
1328
0.00
57602
	
1325
0.00
57603
	
1327
0.00
57627
	
1325
0.00
57628
	
1328
0.00
57652
	
1327
0.00
57653
	
1328
0.00
57800
	
1328
0.00
57801
	
1327
0.00
57826
	
1328
0.00
57827
	
1328
0.00
57851
	
1328
0.00
57852
	
1328
0.00
57876
	
1329
0.00
57877
	
1322
0.00
57901
	
1322
0.00
57902
	
1328
0.00
57926
	
1323
0.00
57927
	
1328
0.00
58074
	
1328
0.00
58075
	
1328
0.00
58099
	
1329
0.00
58100
	
1328
0.00
58124
	
1327
0.00
58125
	
1328
0.00
58150
	
1328
0.00
58151
	
1328
0.00
58175
	
1328
0.00
58176
	
1310
0.00
58200
	
1326
0.00
58201
	
1328
0.00
58348
	
1328
0.00
58349
	
1328
0.00
58376
	
1328
0.00
58377
	
1331
5.30
58401
	
1344
5.30
58402
	
1343
35.46
58426
	
1355
35.46
58427
	
1345
47.93
58452
	
1352
47.93
58453
	
1344
49.43
58477
	
1350
49.43
58601
	
1347
46.65
58625
	
1354
46.65
58627
	
1351
46.43
58650
	
1347
46.43
58651
	
1354
43.32
58675
	
1353
43.32
58676
	
1349
16.03
58700
	
1343
16.03
58701
	
1339
0.00
58725
	
1329
0.00
58726
	
1322
0.00
58873
	
1328
0.00
58874
	
1329
0.00
58898
	
1329
0.00
58899
	
1328
0.00
58923
	
1328
0.00
58924
	
1328
0.00
58949
	
1329
0.00
58950
	
1328
0.00
58974
	
1328
0.00
58975
	
1328
0.00
58999
	
1328
0.00
59000
	
1323
0.00
59147
	
1321
0.00
59148
	
1327
0.00
59172
	
1327
0.00
59173
	
1328
0.00
59197
	
