=~=~=~=~=~=~=~=~=~=~=~= PuTTY log 2024.11.29 13:09:56 =~=~=~=~=~=~=~=~=~=~=~=
309
14029.34
	
208
14084.94
	
369
14084.94
	
265
14086.73
	
294
14086.73
	
181
14149.99
	
256
14149.99
	
146
14208.38
	
257
14208.38
	
176
14161.53
	
290
14161.53
	
194
14154.13
	
272
14154.13
	
167
14154.43
	
221
14154.43
	
125
14153.80
	
240
14153.80
	
163
14153.50
	
280
14153.50
	
192
14152.90
	
290
14152.90
	
768
14151.30
	
298
14151.30
	
194
14151.23
	
284
14151.23
	
207
14151.22
	
286
14151.22
	
176
14155.59
	
240
14155.59
	
129
14187.04
	
230
14187.04
	
155
14225.39
	
262
14225.39
	
185
14265.28
	
278
14265.28
	
175
14284.74
	
253
14284.74
	
142
14307.82
	
231
14307.82
	
157
14310.68
	
290
14310.68
	
639
14290.60
	
442
14290.60
	
176
14288.92
	
227
14288.92
	
141
14287.02
	
277
14287.02
	
195
14288.08
	
283
14288.08
	
174
14351.33
	
379
14351.33
	
124
14408.76
	
225
Force exceeded max force! Stopping servo.
Force was: 14408.76
14432.25
	
350
14432.25
	
241
14397.70
	
304
14397.70
	
176
14354.77
	
232
14354.77
	
135
14312.35
	
262
14312.35
	
183
14313.50
	
304
14313.50
	
208
14323.08
	
291
14323.08
	
155
14331.35
	
222
14331.35
	
135
14335.38
	
240
14335.38
	
167
14335.23
	
304
14335.23
	
198
14338.83
	
377
14338.83
	
511
14362.94
	
285
14362.94
	
195
14374.13
	
282
14374.13
	
199
14395.97
	
283
14395.97
	
301
14435.27
	
241
14435.27
	
129
14458.21
	
245
14458.21
	
172
14468.14
	
276
14468.14
	
192
14478.47
	
277
14478.47
	
144
14493.41
	
242
14493.41
	
139
14502.31
	
252
14502.31
	
176
14521.15
	
354
14521.15
	
240
14522.14
	
261
14522.14
	
144
14524.64
	
240
14524.64
	
149
14527.86
	
272
14527.86
	
193
14531.55
	
270
Force exceeded max force! Stopping servo.
Force was: 14531.55
14531.55
	
737
14574.69
	
287
14574.69
	
183
14583.04
	
255
14583.04
	
181
14590.54
	
289
14590.54
	
192
14593.57
	
266
14593.57
	
156
14596.39
	
235
14596.39
	
141
14599.67
	
240
14599.67
	
163
14601.57
	
295
14601.57
	
195
14603.15
	
256
14603.15
	
143
14604.79
	
239
14604.79
	
145
14598.63
	
342
14598.63
	
247
14595.42
	
401
14595.42
	
156
14594.86
	
230
14594.86
	
124
14592.81
	
231
14592.81
	
157
14589.09
	
277
14589.09
	
195
14586.36
	
275
14586.36
	
167
14585.11
	
227
14585.11
	
134
14581.79
	
235
14581.79
	
163
14579.89
	
285
14579.89
	
193
14582.70
	
278
14582.70
	
768
14574.99
	
298
14574.99
	
197
14575.54
	
292
14575.54
	
207
14573.76
	
294
14573.76
	
169
14568.24
	
240
14568.24
	
134
14567.42
	
237
14567.42
	
163
14566.82
	
276
14566.82
	
197
14562.89
	
427
14562.89
	
174
Force exceeded max force! Stopping servo.
Force was: 14562.89
15021.28
	
302
15021.28
	
194
14955.54
	
257
14955.54
	
179
14650.61
	
315
14650.61
	
336
14430.32
	
262
14430.32
	
153
14408.18
	
225
14408.18
	
139
14451.22
	
270
14451.22
	
194
14470.80
	
302
14470.80
	
725
14508.16
	
290
14508.16
	
174
14515.00
	
256
14515.00
	
175
14521.33
	
278
14521.33
	
195
14529.25
	
262
14529.25
	
157
14533.48
	
228
14533.48
	
128
14537.44
	
222
14537.44
	
147
14541.68
	
293
14541.68
	
323
14543.69
	
259
14543.69
	
154
14544.19
	
215
14544.19
	
126
14547.51
	
232
14547.51
	
815
14555.59
	
340
14555.59
	
221
14553.20
	
262
14553.20
	
144
14555.21
	
241
14555.21
	
159
14558.75
	
272
14558.75
	
195
14559.46
	
305
14559.46
	
192
14559.64
	
246
14559.64
	
130
14560.98
	
221
14560.98
	
151
14567.11
	
286
14567.11
	
207
14574.57
	
281
14574.57
	
171
14577.32
	
277
Force exceeded max force! Stopping servo.
Force was: 14577.32
14577.32
	
176
14656.60
	
259
14656.60
	
181
14852.69
	
434
14852.69
	
195
14686.46
	
272
14686.46
	
150
14586.25
	
331
14586.25
	
239
14587.41
	
324
14587.41
	
208
14589.48
	
301
14589.48
	
181
14590.71
	
225
14590.71
	
128
14589.93
	
242
14589.93
	
173
14590.34
	
290
14590.34
	
179
14590.29
	
295
14590.29
	
175
14589.78
	
222
14589.78
	
131
14589.62
	
234
14589.62
	
167
14592.60
	
398
14592.60
	
832
14599.84
	
307
14599.84
	
176
14599.12
	
233
14599.12
	
150
14602.10
	
258
14602.10
	
311
14603.87
	
277
14603.87
	
172
14603.81
	
240
14603.81
	
132
14607.42
	
229
14607.42
	
151
14610.91
	
273
14610.91
	
175
14609.71
	
278
14609.71
	
166
14608.54
	
227
14608.54
	
117
14601.13
	
327
14601.13
	
240
14597.39
	
284
14597.39
	
186
14597.01
	
277
14597.01
	
154
14599.24
	
223
14599.24
	
142
Force exceeded max force! Stopping servo.
Force was: 14599.24
15180.24
	
433
15180.24
	
200
14966.86
	
315
14966.86
	
192
14603.68
	
231
14603.68
	
133
14474.16
	
231
14474.16
	
158
14491.04
	
294
14491.04
	
195
14535.47
	
270
14535.47
	
162
14564.57
	
234
14564.57
	
128
14576.53
	
246
14576.53
	
171
14586.04
	
299
14586.04
	
192
14591.93
	
273
14591.93
	
551
14616.37
	
308
14616.37
	
213
14621.13
	
400
14621.13
	
183
14624.53
	
279
14624.53
	
165
14626.05
	
239
14626.05
	
125
14625.16
	
226
14625.16
	
151
14626.74
	
274
14626.74
	
192
14628.96
	
295
14628.96
	
177
14630.12
	
227
14630.12
	
121
14629.45
	
223
14629.45
	
148
14629.19
	
272
14629.19
	
829
14630.28
	
337
14630.28
	
199
14628.87
	
225
14628.87
	
134
14629.58
	
258
14629.58
	
161
14631.75
	
275
14631.75
	
174
14631.23
	
265
14631.23
	
144
14629.50
	
218
14629.50
	
143
14631.87
	
363
Force exceeded max force! Stopping servo.
Force was: 14631.87
15226.81
	
364
15226.81
	
240
15174.01
	
267
15174.01
	
145
14847.93
	
223
14847.93
	
143
14564.75
	
368
14564.75
	
158
14586.33
	
285
14586.33
	
179
14627.90
	
243
14627.90
	
128
14636.58
	
215
14636.58
	
141
14645.40
	
259
14645.40
	
187
14667.04
	
358
14667.04
	
224
14668.58
	
241
14668.58
	
144
14671.91
	
240
14671.91
	
144
14676.86
	
300
14676.86
	
195
14679.89
	
285
14679.89
	
157
14682.75
	
236
14682.75
	
142
14684.20
	
383
14684.20
	
163
14683.83
	
281
14683.83
	
182
14684.31
	
260
14684.31
	
144
14685.04
	
217
14685.04
	
880
14684.73
	
319
14684.73
	
226
14683.75
	
290
14683.75
	
176
14682.79
	
237
14682.79
	
130
14684.82
	
247
14684.82
	
146
14684.49
	
272
14684.49
	
185
14682.54
	
289
14682.54
	
176
14683.97
	
219
14683.97
	
121
14686.78
	
224
14686.78
	
131
Force exceeded max force! Stopping servo.
Force was: 14686.78
15321.68
	
352
15321.68
	
234
15249.95
	
263
15249.95
	
145
14891.18
	
231
14891.18
	
285
14607.12
	
256
14607.12
	
182
14569.73
	
285
14569.73
	
177
14608.42
	
245
14608.42
	
761
14663.94
	
308
14663.94
	
221
14666.28
	
287
14666.28
	
190
14668.17
	
270
14668.17
	
153
14672.06
	
217
14672.06
	
128
14674.92
	
243
14674.92
	
175
14675.04
	
277
14675.04
	
183
14674.05
	
257
14674.05
	
144
14674.88
	
209
14674.88
	
128
14677.21
	
247
14677.21
	
175
14679.04
	
282
14679.04
	
427
14682.84
	
303
14682.84
	
176
14683.79
	
351
14683.79
	
138
14685.95
	
288
14685.95
	
197
14692.01
	
266
14692.01
	
159
14700.12
	
222
14700.12
	
126
14702.63
	
228
14702.63
	
155
14703.10
	
270
14703.10
	
183
14704.58
	
268
14704.58
	
159
14705.61
	
214
14705.61
	
127
14704.45
	
227
14704.45
	
819
14708.76
	
336
Force exceeded max force! Stopping servo.
Force was: 14708.76
14708.76
	
208
14795.04
	
254
14795.04
	
135
15039.67
	
362
15039.67
	
144
14870.09
	
258
14870.09
	
819
14703.31
	
350
14703.31
	
216
14704.67
	
245
14704.67
	
276
14706.34
	
235
14706.34
	
161
14706.95
	
303
14706.95
	
206
14706.84
	
267
14706.84
	
147
14706.59
	
214
14706.59
	
107
14703.58
	
244
14703.58
	
174
14702.51
	
276
14702.51
	
181
14701.67
	
265
14701.67
	
146
14701.92
	
213
14701.92
	
390
14699.46
	
326
14699.46
	
229
14698.28
	
289
14698.28
	
176
14697.12
	
229
14697.12
	
258
14696.67
	
241
14696.67
	
165
14694.33
	
282
14694.33
	
193
14690.01
	
273
14690.01
	
160
14687.20
	
222
14687.20
	
255
14689.38
	
234
14689.38
	
159
14688.43
	
278
14688.43
	
186
14684.50
	
286
14684.50
	
743
14681.81
	
271
14681.81
	
189
14679.12
	
275
14679.12
	
199
14677.41
	
304
14677.41
	
185
Force exceeded max force! Stopping servo.
Force was: 14677.41
14678.25
	
238
14678.25
	
768
14679.73
	
298
14679.73
	
212
14677.93
	
297
14677.93
	
199
14675.52
	
286
14675.52
	
172
14676.32
	
219
14676.32
	
135
14677.37
	
251
14677.37
	
181
14674.30
	
285
14674.30
	
186
14670.51
	
262
14670.51
	
142
14666.39
	
208
14666.39
	
121
14659.44
	
241
14659.44
	
173
14646.71
	
290
14646.71
	
800
14605.86
	
287
14605.86
	
144
14593.49
	
241
14593.49
	
173
14579.88
	
286
14579.88
	
192
14567.22
	
271
14567.22
	
163
14558.26
	
335
14558.26
	
100
14556.05
	
230
14556.05
	
157
14553.53
	
304
14553.53
	
208
14552.29
	
298
14552.29
	
176
14541.99
	
215
14541.99
	
130
14527.22
	
261
14527.22
	
496
14504.22
	
350
14504.22
	
226
14503.55
	
247
14503.55
	
112
14501.03
	
233
14501.03
	
151
14494.56
	
265
14494.56
	
186
14490.38
	
287
14490.38
	
177
14493.19
	
357
Force exceeded max force! Stopping servo.
Force was: 14493.19
14808.25
	
308
14808.25
	
222
14770.70
	
305
14770.70
	
206
14546.02
	
270
14546.02
	
273
14367.29
	
209
14367.29
	
128
14370.21
	
256
14370.21
	
176
14395.87
	
285
14395.87
	
187
14406.92
	
272
14406.92
	
131
14417.82
	
218
14417.82
	
144
14430.21
	
255
14430.21
	
187
14434.44
	
302
14434.44
	
571
14452.83
	
279
14452.83
	
175
14454.62
	
247
14454.62
	
175
14456.29
	
288
14456.29
	
197
14456.51
	
271
14456.51
	
161
14459.05
	
209
14459.05
	
128
14459.93
	
242
14459.93
	
172
14460.36
	
285
14460.36
	
189
14462.63
	
271
14462.63
	
284
14465.49
	
208
14465.49
	
123
14468.44
	
368
14468.44
	
271
14468.87
	
304
14468.87
	
192
14469.91
	
240
14469.91
	
129
14468.61
	
231
14468.61
	
156
14469.61
	
273
14469.61
	
192
14471.23
	
278
14471.23
	
171
14473.92
	
215
14473.92
	
115
Force exceeded max force! Stopping servo.
Force was: 14473.92
15064.07
	
339
15064.07
	
251
14983.65
	
310
14983.65
	
207
14668.25
	
383
14668.25
	
125
14448.46
	
214
14448.46
	
132
14421.57
	
263
14421.57
	
195
14446.20
	
283
14446.20
	
175
14462.39
	
248
14462.39
	
130
14515.62
	
307
14515.62
	
221
14521.44
	
319
14521.44
	
218
14526.83
	
296
14526.83
	
159
14532.42
	
220
14532.42
	
128
14535.83
	
237
14535.83
	
163
14536.15
	
286
14536.15
	
188
14537.68
	
387
14537.68
	
133
14539.22
	
209
14539.22
	
127
14539.01
	
257
14539.01
	
181
14537.80
	
304
14537.80
	
934
14531.66
	
286
14531.66
	
165
14528.70
	
230
14528.70
	
158
14528.18
	
273
14528.18
	
192
14528.44
	
285
14528.44
	
303
14527.70
	
218
14527.70
	
126
14526.85
	
228
14526.85
	
156
14526.67
	
291
14526.67
	
204
14525.82
	
273
14525.82
	
144
14525.15
	
225
14525.15
	
124
14526.18
	
320
Force exceeded max force! Stopping servo.
Force was: 14526.18
14526.18
	
233
14628.44
	
304
14628.44
	
197
14816.14
	
257
14816.14
	
140
14639.78
	
231
14639.78
	
150
14518.85
	
336
14518.85
	
241
14516.98
	
283
14516.98
	
171
14518.40
	
240
14518.40
	
144
14518.01
	
239
14518.01
	
164
14517.43
	
289
14517.43
	
193
14518.32
	
290
14518.32
	
174
14519.66
	
225
14519.66
	
132
14520.84
	
253
14520.84
	
176
14519.89
	
288
14519.89
	
187
14517.55
	
256
14517.55
	
752
14514.59
	
282
14514.59
	
202
14513.62
	
283
14513.62
	
207
14513.28
	
421
14513.28
	
166
14515.15
	
231
14515.15
	
123
14516.67
	
237
14516.67
	
155
14516.42
	
289
14516.42
	
206
14516.69
	
279
14516.69
	
168
14518.90
	
227
14518.90
	
128
14522.20
	
230
14522.20
	
162
14523.24
	
301
14523.24
	
679
14520.09
	
311
14520.09
	
179
14520.70
	
225
14520.70
	
142
14520.21
	
271
14520.21
	
194
Force exceeded max force! Stopping servo.
Force was: 14520.21
14520.51
	
291
14520.51
	
545
14511.42
	
273
14511.42
	
171
14510.78
	
239
14510.78
	
167
14508.93
	
291
14508.93
	
322
14503.09
	
268
14503.09
	
153
14497.69
	
225
14497.69
	
135
14494.65
	
240
14494.65
	
166
14488.86
	
303
14488.86
	
332
14481.75
	
266
14481.75
	
152
14473.65
	
235
14473.65
	
143
14468.75
	
246
14468.75
	
821
14158.45
	
327
14158.45
	
211
14158.14
	
240
14158.14
	
141
14158.16
	
240
14158.16
	
162
14158.11
	
289
14158.11
	
199
14158.23
	
270
14158.23
	
164
14157.84
	
240
14157.84
	
138
14158.10
	
244
14158.10
	
167
14158.14
	
272
14158.14
	
314
14158.20
	
256
14158.20
	
150
14157.99
	
229
14157.99
	
761
14157.95
	
336
14157.95
	
241
14157.88
	
295
14157.88
	
186
14157.34
	
253
14157.34
	
139
14157.75
	
238
14157.75
	
151
14157.86
	
266
14157.86
	
189
14156.77
	
271
14156.77
	
171
14108.82
	
250
14108.82
	
141
14038.22
	
235
14038.22
	
160
14026.80
	
275
14026.80
	
195
14085.77
	
335
14085.77
	
206
14087.44
	
221
14087.44
	
138
14123.65
	
252
14123.65
	
176
14217.13
	
404
14217.13
	
175
14169.05
	
283
14169.05
	
157
14157.60
	
226
14157.60
	
143
14157.97
	
255
14157.97
	
177
14157.48
	
303
14157.48
	
192
14156.99
	
261
14156.99
	
145
14156.38
	
240
14156.38
	
530
14154.96
	
336
14154.96
	
223
14154.36
	
305
14154.36
	
187
14154.22
	
231
14154.22
	
139
14153.66
	
256
14153.66
	
178
14153.57
	
401
14153.57
	
171
14153.32
	
272
14153.32
	
166
14153.73
	
219
14153.73
	
128
14152.70
	
234
14152.70
	
160
14153.06
	
386
14153.06
	
154
14152.45
	
318
14152.45
	
192
14152.29
	
256
14152.29
	
170
14152.49
	
283
14152.49
	
181
14152.26
	
278
14152.26
	
173
14152.30
	
245
14152.30
	
130
14143.26
	
226
14143.26
	
146
14062.75
	
287
14062.75
	
180
14034.88
	
282
14034.88
	
175
14030.67
	
245
14030.67
	
141
14057.15
	
231
14057.15
	
911
14091.41
	
321
14091.41
	
209
14092.42
	
256
14092.42
	
143
14116.95
	
215
14116.95
	
138
14218.55
	
253
14218.55
	
308
14172.29
	
272
14172.29
	
172
14157.84
	
251
14157.84
	
141
14158.22
	
232
14158.22
	
154
14157.56
	
257
14157.56
	
161
14157.18
	
273
14157.18
	
173
14156.65
	
265
14156.65
	
628
