=~=~=~=~=~=~=~=~=~=~=~= PuTTY log 2024.12.02 12:27:47 =~=~=~=~=~=~=~=~=~=~=~=
1328
0.00
13917
	
1328
0.00
13920
	
1328
0.00
13922
	
1328
0.00
13923
	
1328
0.00
13925
	
1327
0.00
13927
	
1327
1.17
13951
	
1364
1.17
14075
	
1408
115.01
14099
	
1405
115.01
14100
	
1413
115.11
14124
	
1409
115.11
14125
	
1408
113.79
14149
	
1431
113.79
14150
	
1426
75.33
14174
	
1389
75.33
14175
	
1380
21.91
14200
	
1346
21.91
14201
	
1325
0.00
14347
	
1325
0.00
14348
	
1319
0.00
14373
	
1325
0.00
14374
	
1324
0.00
14398
	
1328
0.00
14399
	
1328
0.00
14423
	
1324
0.00
14424
	
1328
0.00
14448
	
1328
0.00
14449
	
1326
0.00
14473
	
1328
0.00
14597
	
1326
0.22
14621
	
1328
0.22
14622
	
1327
0.44
14646
	
1325
0.44
14647
	
1324
0.00
14671
	
1327
0.00
14672
	
1322
0.00
14697
	
1328
0.00
14698
	
1327
0.00
14722
	
1319
0.00
14723
	
1325
0.00
14747
	
1328
0.00
14871
	
1327
0.00
14895
	
1329
0.00
14896
	
1327
0.00
14920
	
1323
0.00
14921
	
1327
0.00
14945
	
1327
0.17
14970
	
1371
0.17
14971
	
1379
36.62
14996
	
1390
36.62
14997
	
1392
85.75
15021
	
1395
85.75
15022
	
1407
110.35
15046
	
1411
111.65
15194
	
1412
111.65
15195
	
1410
110.79
15219
	
1414
110.79
15220
	
1421
95.82
15244
	
1414
95.82
15245
	
1398
35.20
15269
	
1349
35.20
15270
	
1350
2.69
15294
	
1329
2.69
15295
	
1335
0.00
15442
	
1329
0.00
15443
	
1329
0.00
15467
	
1328
0.00
15468
	
1327
0.00
15493
	
1327
0.00
15494
	
1325
0.00
15518
	
1328
0.00
15519
	
1328
0.00
15543
	
1326
0.00
15544
	
1328
0.00
15568
	
1331
0.00
15569
	
1322
0.00
15716
	
1321
0.00
15717
	
1327
0.00
15741
	
1328
0.00
15742
	
1328
0.00
15766
	
1327
0.00
15767
	
1327
0.00
15791
	
1323
0.00
15792
	
1328
0.00
15817
	
1327
0.00
15818
	
1328
0.00
15842
	
1327
0.00
15843
	
1319
0.00
15990
	
1323
0.00
15991
	
1328
0.00
16018
	
1339
0.00
16019
	
1337
8.18
16043
	
1378
8.18
16044
	
1383
62.03
16068
	
1392
62.03
16069
	
1394
97.54
16093
	
1417
97.54
16094
	
1417
112.06
16119
	
1409
112.06
16243
	
1407
108.62
16266
	
1415
108.62
16268
	
1408
106.46
16292
	
1452
106.46
16293
	
1425
62.76
16317
	
1375
62.76
16318
	
1378
13.04
16342
	
1341
13.04
16343
	
1344
0.00
16367
	
1328
0.00
16368
	
1328
0.00
16515
	
1328
0.00
16516
	
1326
0.00
16540
	
1325
0.00
16541
	
1325
0.00
16565
	
1321
0.00
16566
	
1318
0.00
16591
	
1326
0.00
16592
	
1328
0.00
16616
	
1328
0.00
16617
	
1322
0.00
16641
	
1328
0.00
16642
	
1330
0.00
16789
	
1326
0.00
16790
	
1327
0.00
16814
	
1328
0.00
16815
	
1327
0.00
16839
	
1327
0.00
16840
	
1325
0.00
16864
	
1328
0.00
16865
	
1328
0.00
16889
	
1312
0.00
16890
	
1327
0.00
16915
	
1334
0.00
16916
	
1328
0.00
17062
	
1328
0.00
17063
	
1326
0.00
17088
	
1367
0.00
17089
	
1360
26.23
17113
	
1386
26.23
17114
	
1381
78.70
17138
	
1406
78.70
17139
	
1392
106.23
17163
	
1410
106.23
17164
	
1414
108.96
17311
	
1419
108.96
17312
	
1414
108.14
17336
	
1411
108.14
17337
	
1409
96.56
17361
	
1424
96.56
17362
	
1405
36.32
17386
	
1360
36.32
17387
	
1353
0.08
17412
	
1333
0.08
17413
	
1328
0.00
17559
	
1326
0.00
17560
	
1323
0.00
17585
	
1322
0.00
17586
	
1328
0.00
17610
	
1326
0.00
17611
	
1328
0.00
17635
	
1328
0.00
17636
	
1327
0.00
17660
	
1325
0.00
17661
	
1328
0.00
17685
	
1327
0.00
17686
	
1327
0.00
17833
	
1327
0.00
17834
	
1322
0.00
17858
	
1325
0.00
17859
	
1327
0.00
17883
	
1319
0.00
17884
	
1317
0.00
17909
	
1317
0.00
17910
	
1328
0.00
17934
	
1327
0.00
17935
	
1330
0.11
17959
	
1327
0.11
17960
	
1326
6.19
18107
	
1328
6.19
18108
	
1317
9.27
18135
	
1363
9.27
18136
	
1377
57.51
18160
	
1392
57.51
18161
	
1387
104.18
18185
	
1407
104.18
18186
	
1410
125.53
18211
	
1419
125.53
18212
	
1413
128.66
18236
	
1408
123.73
18380
	
1410
123.73
18381
	
1414
123.32
18406
	
1424
123.32
18407
	
1443
92.95
18431
	
1389
92.95
18432
	
1390
33.30
18456
	
1349
33.30
18457
	
1344
6.61
18481
	
1327
6.61
18482
	
1331
2.31
18629
	
1327
2.31
18630
	
1328
2.43
18654
	
1326
2.43
18655
	
1328
2.47
18679
	
1328
2.47
18680
	
1328
2.20
18704
	
1326
2.20
18705
	
1325
2.26
18730
	
1322
2.26
18731
	
1328
2.56
18755
	
1326
2.56
18756
	
1325
1.90
18903
	
1317
1.90
18904
	
1326
1.84
18928
	
1326
1.84
18929
	
1327
1.55
18953
	
1328
1.55
18954
	
1327
1.36
18978
	
1328
1.36
18979
	
1328
1.39
19003
	
1327
1.39
19004
	
1327
1.37
19028
	
1326
1.37
19029
	
1327
1.89
19176
	
1319
1.89
19177
	
1327
2.11
19201
	
1333
2.11
19202
	
1344
20.38
19226
	
1360
20.38
19227
	
1378
76.78
19252
	
1394
76.78
19253
	
1393
109.50
19277
	
1409
109.50
19278
	
1410
118.43
19425
	
1405
118.43
19426
	
1410
117.29
19450
	
1431
117.29
19451
	
1441
75.89
19475
	
1390
75.89
19476
	
1385
21.69
19500
	
1342
21.69
19501
	
1339
0.00
19525
	
1330
0.00
19526
	
1330
0.00
19673
	
1328
0.00
19674
	
1328
0.00
19698
	
1328
0.00
19699
	
1328
0.00
19723
	
1327
0.00
19724
	
1328
0.00
19749
	
1328
0.00
19750
	
1325
0.00
19774
	
1325
0.00
19775
	
1318
0.00
19799
	
1314
0.00
19800
	
1328
0.00
19947
	
1325
0.00
19948
	
1327
0.00
19972
	
1326
0.00
19973
	
1327
0.00
19997
	
1327
0.00
19998
	
1327
0.00
20022
	
1327
0.00
20023
	
1322
0.00
20047
	
1327
0.00
20048
	
1328
0.00
20073
	
1328
0.00
20074
	
1328
0.15
20220
	
1328
0.15
20221
	
1327
0.26
20245
	
1351
0.26
20246
	
1357
26.39
20271
	
1375
26.39
20272
	
1376
78.50
20296
	
1393
78.50
20297
	
1397
107.51
20321
	
1410
107.51
20322
	
1413
112.87
20469
	
1419
112.87
20470
	
1409
111.68
20494
	
1403
111.68
20495
	
1407
103.10
20519
	
1418
103.10
20520
	
1410
45.71
20544
	
1358
45.71
20545
	
1353
5.94
20569
	
1337
5.94
20570
	
1327
0.00
20717
	
1328
0.00
20718
	
1327
0.00
20742
	
1324
0.00
20743
	
1325
0.00
20768
	
1323
0.00
20769
	
1319
0.00
20793
	
1326
0.00
20794
	
1317
0.00
20818
	
1323
0.00
20819
	
1327
0.00
20843
	
1328
0.00
20844
	
1328
0.00
20991
	
1328
0.00
20992
	
1327
0.00
21016
	
1327
0.00
21017
	
1328
0.00
21041
	
1328
0.00
21042
	
1326
0.00
21066
	
1327
0.00
21067
	
1323
0.00
21092
	
1327
0.00
21093
	
1326
0.00
21117
	
1321
0.00
21118
	
1329
0.00
21265
	
1326
0.00
21266
	
1325
0.00
21293
	
1371
0.00
21294
	
1388
35.14
21318
	
1387
35.14
21319
	
1387
80.11
21343
	
1402
80.11
21344
	
1399
101.12
21368
	
1410
101.12
21369
	
1415
105.48
21393
	
1405
99.88
21538
	
1407
99.88
21539
	
1414
98.35
21563
	
1424
98.35
21564
	
1430
73.69
21588
	
1397
73.69
21589
	
1390
16.39
21614
	
1345
16.39
21615
	
1344
0.00
21639
	
1329
0.00
21640
	
1333
0.00
21664
	
1326
0.00
21788
	
1327
0.00
21812
	
1326
0.00
21813
	
1319
0.00
21837
	
1323
0.00
21838
	
1325
0.00
21862
	
1326
0.00
21863
	
1323
0.00
21887
	
1317
0.00
21888
	
1323
0.00
21912
	
1327
0.00
21913
	
1325
0.00
22060
	
1327
0.00
22061
	
1323
0.00
22085
	
1327
0.00
22086
	
1325
0.00
22111
	
1317
0.00
22112
	
1327
0.00
22136
	
1327
0.00
22137
	
1319
0.00
22161
	
1322
0.00
22162
	
1325
0.00
22186
	
1326
0.00
22187
	
1326
0.00
22334
	
1327
0.00
22335
	
1328
0.00
22362
	
1351
0.00
22363
	
1348
8.11
22387
	
1371
8.11
22388
	
1378
60.28
22413
	
1389
60.28
22414
	
1399
90.50
22438
	
1412
90.50
22439
	
1409
99.76
22463
	
1412
99.76
22464
	
1409
96.54
22611
	
1415
96.54
22613
	
1410
96.21
22636
	
1409
96.21
22637
	
1403
86.15
22661
	
1413
86.15
22662
	
1411
29.92
22686
	
1350
29.92
22687
	
1359
0.00
22711
	
1344
0.00
22712
	
1328
0.00
22859
	
1328
0.00
22860
	
1328
0.00
22884
	
1328
0.00
22885
	
1323
0.00
22909
	
1328
0.00
22910
	
1326
0.00
22935
	
1327
0.00
22936
	
1328
0.00
22960
	
1327
0.00
22961
	
1318
0.00
22985
	
1328
0.00
22986
	
1328
3.98
23133
	
1325
3.98
23134
	
1324
7.39
23158
	
1328
7.39
23159
	
1325
9.92
23183
	
1328
9.92
23184
	
1328
11.36
23208
	
1327
11.36
23209
	
1328
12.56
23233
	
1330
12.56
23234
	
1327
14.84
23259
	
1325
14.84
23383
	
1317
19.03
23406
	
1328
19.03
23407
	
1323
20.02
23432
	
1372
20.02
23433
	
1363
61.53
23457
	
1395
61.53
23458
	
1385
114.16
23482
	
1408
114.16
23483
	
1405
139.86
23507
	
1410
139.86
23508
	
1413
140.03
23655
	
1418
140.03
23657
	
1404
139.25
23680
	
1412
139.25
23681
	
1419
119.94
23705
	
1395
119.94
23706
	
1388
55.28
23730
	
1346
55.28
23731
	
1351
19.41
23756
	
1336
19.41
23757
	
1327
4.06
23903
	
1327
4.06
23904
	
1325
1.45
23929
	
1326
1.45
23930
	
1325
0.00
23954
	
1328
0.00
23955
	
1326
0.00
23979
	
1328
0.00
23980
	
1326
0.00
24004
	
1323
0.00
24005
	
1317
0.00
24029
	
1327
0.00
24030
	
1328
0.00
24177
	
1326
0.00
24178
	
1327
0.00
24202
	
1322
0.00
24203
	
1329
0.00
24227
	
1322
0.00
24228
	
1328
0.00
24253
	
1327
0.00
24254
	
1325
0.00
24278
	
1328
0.00
24279
	
1320
0.00
24303
	
1319
0.00
24304
	
1327
0.00
24451
	
1328
0.00
24452
	
1327
0.00
24479
	
1339
0.00
24480
	
1344
0.00
24504
	
1379
0.00
24505
	
1366
27.77
24529
	
1392
27.77
24530
	
1396
38.72
24554
	
1405
38.72
24555
	
1409
40.84
24580
	
1414
40.84
24704
	
1409
35.59
24727
	
1412
35.59
24729
	
1409
33.81
24753
	
1437
33.81
24754
	
1439
2.80
24778
	
1386
2.80
24779
	
1373
0.00
24803
	
1346
0.00
24804
	
1339
0.00
24828
	
1329
0.00
24829
	
1329
0.00
24976
	
1315
0.00
24977
	
1328
0.00
25001
	
1327
0.00
25002
	
1326
0.00
25026
	
1328
0.00
25027
	
1326
0.00
25051
	
1327
0.00
25052
	
1328
0.00
25077
	
1326
0.00
25078
	
1325
0.00
25102
	
1330
0.00
25103
	
1324
0.00
25250
	
1326
0.00
25251
	
1328
0.00
25275
	
1322
0.00
25276
	
1324
0.00
25300
	
1327
0.00
25301
	
1327
0.00
25325
	
1325
0.00
25326
	
1325
0.00
25350
	
1327
0.00
25351
	
1326
0.00
25375
	
1326
0.00
25376
	
1323
0.00
25523
	
1326
0.00
25524
	
1326
0.00
25548
	
1365
0.00
25549
	
1346
2.87
25574
	
1372
2.87
25575
	
1371
29.72
25599
	
1403
29.72
25600
	
1403
37.89
25624
	
1408
37.89
25625
	
1411
38.42
25649
	
1411
38.42
25773
	
1411
33.52
25797
	
1410
33.52
25799
	
1409
33.13
25822
	
1426
33.13
25823
	
1423
17.26
25847
	
1412
17.26
25848
	
1381
0.00
25872
	
1347
0.00
25873
	
1355
0.00
25898
	
1341
0.00
25899
	
1327
0.00
26045
	
1328
0.00
26046
	
1328
0.00
26071
	
1324
0.00
26072
	
1322
0.00
26096
	
1323
0.00
26097
	
1327
0.00
26121
	
1326
0.00
26122
	
1327
0.00
26146
	
1326
0.00
26147
	
1327
0.00
26171
	
1326
0.00
26172
	
1324
0.00
26319
	
1328
0.00
26320
	
1323
0.00
26344
	
1328
0.00
26345
	
1327
0.00
26369
	
1327
0.00
26370
	
1325
0.00
26394
	
1328
0.00
26395
	
1325
0.00
26420
	
1325
0.00
26421
	
1325
0.00
26445
	
1327
0.00
26446
	
1317
0.00
26593
	
1325
0.00
26594
	
1326
0.00
26621
	
1343
0.00
26622
	
1350
0.00
26646
	
1374
0.00
26647
	
1369
23.51
26671
	
1393
23.51
26672
	
1397
35.61
26696
	
1409
35.61
26697
	
1410
37.78
26722
	
1408
37.78
26846
	
1415
32.66
26869
	
1406
32.66
26871
	
1410
30.10
26895
	
1442
30.10
26896
	
1426
0.00
26920
	
1369
0.00
26921
	
1370
0.00
26945
	
1342
0.00
26946
	
1343
0.00
26970
	
1329
0.00
26971
	
1330
0.00
27118
	
1327
0.00
27119
	
1327
0.00
27143
	
1319
0.00
27144
	
1319
0.00
27168
	
1328
0.00
27169
	
1325
0.00
27193
	
1318
0.00
27194
	
1326
0.00
27219
	
1327
0.00
27220
	
1327
0.00
27244
	
1327
0.00
27245
	
1328
0.00
27392
	
1325
0.00
27393
	
1325
0.00
27417
	
1327
0.00
27418
	
1321
0.00
27442
	
1328
0.00
27443
	
1324
0.00
27467
	
1315
0.00
27468
	
1327
0.00
27492
	
1323
0.00
27493
	
1326
0.00
27517
	
1329
0.00
27518
	
1327
0.00
27665
	
1325
0.00
27666
	
1326
0.00
27690
	
1360
0.00
27691
	
1377
3.98
27716
	
1383
3.98
27717
	
1363
28.62
27741
	
1408
28.62
27742
	
1407
36.26
27766
	
1407
36.26
27767
	
1413
36.72
27791
	
1413
36.72
27915
	
1410
32.21
27939
	
1415
32.21
27941
	
1411
31.74
27964
	
1426
31.74
27965
	
1443
11.89
27989
	
1392
11.89
27990
	
1399
0.00
28014
	
1359
0.00
28015
	
1345
0.00
28040
	
1331
0.00
28041
	
1325
0.00
28187
	
1321
0.00
28188
	
1327
0.00
28213
	
1328
0.00
28214
	
1326
0.00
28238
	
1326
0.00
28239
	
1327
0.00
28263
	
1328
0.00
28264
	
1327
0.00
28288
	
1325
0.00
28289
	
1327
0.00
28313
	
1330
0.00
28314
	
1323
0.00
28461
	
1310
0.00
28462
	
1319
0.00
28486
	
1328
0.00
28487
	
1327
0.00
28511
	
1326
0.00
28512
	
1327
0.00
28537
	
1326
0.00
28538
	
1328
0.00
28562
	
1327
0.00
28563
	
1325
0.00
28587
	
1325
0.00
28588
	
1327
0.00
28735
	
1327
0.00
28736
	
1324
0.00
28763
	
1344
0.00
28764
	
1350
0.00
28788
	
1372
0.00
28789
	
1381
23.07
28813
	
1397
23.07
28814
	
1405
34.63
28838
	
1410
34.63
28839
	
1410
36.34
28864
	
1412
36.34
28988
	
1410
31.87
29011
	
1414
31.87
29013
	
1410
31.64
29037
	
1419
31.64
29038
	
1419
22.22
29062
	
1403
22.22
29063
	
1408
0.00
29087
	
1354
0.00
29088
	
1350
0.00
29112
	
1335
0.00
29113
	
1331
0.00
29260
	
1328
0.00
29261
	
1326
0.00
29285
	
1328
0.00
29286
	
1321
0.00
29310
	
1324
0.00
29311
	
1315
0.00
29335
	
1321
0.00
29336
	
1328
0.00
29361
	
1317
0.00
29362
	
1323
0.00
29386
	
1328
0.00
29387
	
1327
0.00
29534
	
1328
0.00
29535
	
1327
0.00
29559
	
1327
0.00
29560
	
1327
0.00
29584
	
1328
0.00
29585
	
1326
0.00
29609
	
1328
0.00
29610
	
1316
0.00
29634
	
1327
0.00
29635
	
1325
0.00
29659
	
1323
0.00
29660
	
1328
0.00
29807
	
1325
0.00
29808
	
1328
0.00
29832
	
1363
0.00
29833
	
1383
6.42
29858
	
1386
6.42
29859
	
1393
28.35
29883
	
1410
28.35
29884
	
1407
35.58
29908
	
1408
35.58
29909
	
1402
35.77
29933
	
1415
35.77
30057
	
1408
31.23
30081
	
1415
31.23
30083
	
1408
30.88
30106
	
1433
30.88
30107
	
1429
8.11
30131
	
1391
8.11
30132
	
1382
0.00
30156
	
1349
0.00
30157
	
1348
0.00
30182
	
1330
0.00
30183
	
1329
0.00
30329
	
1318
0.00
30330
	
1326
0.00
30355
	
1323
0.00
30356
	
1323
0.00
30380
	
1315
0.00
30381
	
1328
0.00
30405
	
1328
0.00
30406
	
1326
0.00
30430
	
1324
0.00
30431
	
1326
0.00
30455
	
1326
0.00
30456
	
1328
0.00
30603
	
1326
0.00
30604
	
1327
0.00
30628
	
1327
0.00
30629
	
1323
0.00
30653
	
1318
0.00
30654
	
1323
0.00
30679
	
1322
0.00
30680
	
1318
0.00
30704
	
1328
0.00
30705
	
1327
0.00
30729
	
1327
0.00
30730
	
1328
0.00
30877
	
1326
0.00
30878
	
1325
0.00
30905
	
1344
0.00
30906
	
1359
0.00
30930
	
1375
0.00
30931
	
1391
23.83
30955
	
1395
23.83
30956
	
1405
34.20
30981
	
1411
34.20
30982
	
1411
35.55
31006
	
1412
35.55
31130
	
1411
31.02
31154
	
1414
31.02
31156
	
1405
30.76
31179
	
1415
30.76
31180
	
1414
19.70
31204
	
1395
19.70
31205
	
1387
0.00
31229
	
1360
0.00
31230
	
1353
0.00
31254
	
1331
0.00
31255
	
1340
0.00
31402
	
1328
0.00
31403
	
1327
0.00
31427
	
1326
0.00
31428
	
1319
0.00
31452
	
1327
0.00
31453
	
1328
0.00
31478
	
1329
0.00
31479
	
1323
0.00
31503
	
1322
0.00
31504
	
1325
0.00
31528
	
1313
0.00
31529
	
1328
0.00
31676
	
1326
0.00
31677
	
1325
0.00
31701
	
1329
0.00
31702
	
1324
0.00
31726
	
1326
0.00
31727
	
1327
0.00
31751
	
1324
0.00
31752
	
1328
0.00
31776
	
1327
0.00
31777
	
1324
0.00
31802
	
1328
0.00
31803
	
1328
0.00
31949
	
1317
0.00
31950
	
1321
0.00
31975
	
1331
0.00
31976
	
1328
0.00
32000
	
1379
0.00
32001
	
1377
15.74
32025
	
1390
15.74
32026
	
1392
31.36
32050
	
1409
31.36
32051
	
1402
35.34
32075
	
1414
35.34
32199
	
1409
30.79
32223
	
1411
30.79
32225
	
1405
30.11
32248
	
1431
30.11
32249
	
1430
4.31
32273
	
1392
4.31
32274
	
1384
0.00
32299
	
1344
0.00
32300
	
1344
0.00
32324
	
1328
0.00
32325
	
1333
0.00
32472
	
1330
0.00
32473
	
1298
0.00
32497
	
1328
0.00
32498
	
1326
0.00
32522
	
1318
0.00
32523
	
1325
0.00
32547
	
1328
0.00
32548
	
1323
0.00
32572
	
1318
0.00
32573
	
1327
0.00
32597
	
1328
0.00
32598
	
