=~=~=~=~=~=~=~=~=~=~=~= PuTTY log 2024.12.02 12:31:22 =~=~=~=~=~=~=~=~=~=~=~=
1354
52.86
16297
	
1349
52.86
16299
	
1339
53.03
16322
	
1350
53.03
16323
	
1349
42.95
16347
	
1342
42.95
16348
	
1333
13.67
16372
	
1330
13.67
16373
	
1331
1.18
16398
	
1330
1.18
16399
	
1328
2.69
16545
	
1328
2.69
16546
	
1328
3.16
16571
	
1327
3.16
16572
	
1329
3.79
16596
	
1328
3.79
16597
	
1328
4.55
16621
	
1328
4.55
16622
	
1328
4.62
16646
	
1328
4.62
16647
	
1322
5.10
16671
	
1321
5.10
16672
	
1327
11.15
16819
	
1327
11.15
16820
	
1328
12.24
16844
	
1328
12.24
16845
	
1327
13.59
16869
	
1331
13.59
16870
	
1327
14.86
16895
	
1328
14.86
16896
	
1329
15.66
16920
	
1328
15.66
16921
	
1325
18.74
17068
	
1319
18.74
17069
	
1330
18.70
17093
	
1330
18.70
17094
	
1328
18.87
17118
	
1327
18.87
17119
	
1325
18.87
17143
	
1328
19.12
17168
	
1342
19.12
17169
	
1348
37.22
17193
	
1344
37.22
17194
	
1345
20.34
17341
	
1325
20.34
17342
	
1329
21.42
17366
	
1317
21.42
17367
	
1327
22.02
17391
	
1322
22.02
17392
	
1328
21.85
17417
	
1326
21.85
17418
	
1330
21.72
17442
	
1328
21.72
17443
	
1328
18.69
17590
	
1327
18.69
17591
	
1328
18.55
17615
	
1323
18.55
17616
	
1326
18.17
17640
	
1328
18.17
17641
	
1328
18.08
17665
	
1323
18.08
17666
	
1328
18.41
17690
	
1328
18.41
17691
	
1323
18.56
17838
	
1328
18.56
17839
	
1328
18.24
17863
	
1328
18.24
17864
	
1328
18.02
17888
	
1328
18.02
17889
	
1329
18.16
17914
	
1328
18.16
17915
	
1323
18.07
17939
	
1328
18.07
17940
	
1325
18.04
18087
	
1327
18.04
18088
	
1328
17.87
18112
	
1328
17.87
18113
	
1328
17.65
18137
	
1322
17.65
18138
	
1329
17.69
18162
	
1328
17.69
18163
	
1327
17.24
18187
	
1328
17.36
18212
	
1339
17.36
18213
	
1331
69.58
18360
	
1351
69.58
18362
	
1347
69.31
18385
	
1345
69.31
18386
	
1356
55.03
18411
	
1345
55.03
18412
	
1344
24.89
18436
	
1330
24.89
18437
	
1330
13.77
18461
	
1328
13.77
18462
	
1328
14.08
18609
	
1328
14.08
18610
	
1324
13.80
18634
	
1328
13.80
18635
	
1326
13.57
18659
	
1315
13.57
18660
	
1327
13.49
18684
	
1328
13.49
18685
	
1327
13.56
18709
	
1318
13.56
18710
	
1328
12.75
18857
	
1328
12.75
18858
	
1328
12.34
18882
	
1325
12.34
18883
	
1327
12.06
18907
	
1328
12.06
18908
	
1328
12.10
18933
	
1329
12.10
18934
	
1319
12.14
18958
	
1327
12.14
18959
	
1328
11.89
19106
	
1328
11.89
19107
	
1329
12.11
19131
	
1328
12.11
19132
	
1328
12.36
19156
	
1328
12.36
19157
	
1328
12.67
19181
	
1328
12.67
19182
	
1328
12.55
19206
	
1327
12.55
19207
	
1328
12.32
19354
	
1327
12.40
19379
	
1341
12.40
19380
	
1333
19.72
19404
	
1335
19.72
19405
	
1344
52.65
19430
	
1344
52.65
19431
	
1344
64.66
19455
	
1344
64.66
19456
	
1346
61.61
19480
	
1351
61.61
19481
	
1345
12.31
19628
	
1328
12.31
19629
	
1326
12.29
19653
	
1326
12.29
19654
	
1327
12.23
19678
	
1322
12.23
19679
	
1326
12.26
19703
	
1328
12.26
19704
	
1328
12.00
19728
	
1323
12.00
19729
	
1328
10.42
19876
	
1325
10.42
19877
	
1327
10.37
19901
	
1328
10.37
19902
	
1328
10.21
19926
	
1327
10.21
19927
	
1327
10.27
19952
	
1330
10.27
19953
	
1328
10.41
19977
	
1322
10.41
19978
	
1318
11.35
20125
	
1329
11.35
20126
	
1327
11.57
20150
	
1328
11.57
20151
	
1328
11.63
20175
	
1327
11.63
20176
	
1330
11.43
20200
	
1328
11.43
20201
	
1326
11.39
20225
	
1328
11.39
20226
	
1328
10.72
20373
	
1317
10.72
20374
	
1328
10.97
20398
	
1327
11.09
20423
	
1334
11.09
20424
	
1338
22.07
20449
	
1344
22.07
20450
	
1351
52.42
20474
	
1345
52.42
20476
	
1343
62.22
20499
	
1346
62.22
20500
	
1346
56.52
20524
	
1345
9.00
20669
	
1328
9.00
20670
	
1329
8.63
20694
	
1328
8.63
20695
	
1327
8.06
20719
	
1327
8.06
20720
	
1328
7.04
20744
	
1325
7.04
20745
	
1327
4.98
20769
	
1325
4.98
20770
	
1328
2.67
20795
	
1328
2.67
20796
	
1328
0.00
20942
	
1330
0.00
20943
	
1327
0.00
20968
	
1328
0.00
20969
	
1327
0.00
20993
	
1327
0.00
20994
	
1328
0.00
21018
	
1330
0.00
21019
	
1318
0.00
21043
	
1318
0.00
21044
	
1327
0.00
21068
	
1328
0.00
21069
	
1327
0.00
21216
	
1327
0.00
21217
	
1325
0.00
21241
	
1319
0.00
21242
	
1328
7.32
21266
	
1329
7.32
21267
	
1329
13.60
21292
	
1327
13.60
21293
	
1328
19.05
21317
	
1328
19.05
21318
	
1319
24.20
21342
	
1328
24.20
21466
	
1327
42.82
21490
	
1328
42.82
21491
	
1327
44.36
21518
	
1331
44.36
21519
	
1330
51.77
21543
	
1337
51.77
21544
	
1335
74.50
21568
	
1331
74.50
21569
	
1329
56.97
21593
	
1330
56.97
21594
	
1330
47.72
21741
	
1328
47.72
21742
	
1328
47.24
21766
	
1328
47.24
21767
	
1327
46.58
21792
	
1328
46.58
21793
	
1328
46.30
21817
	
1325
46.30
21818
	
1328
46.36
21842
	
1329
46.36
21843
	
1328
44.90
21990
	
1329
44.90
21991
	
1325
44.68
22015
	
1323
44.68
22016
	
1328
44.08
22040
	
1318
44.08
22041
	
1327
43.48
22065
	
1328
43.48
22066
	
1327
43.37
22090
	
1328
43.37
22091
	
1328
42.61
22238
	
1330
42.61
22239
	
1328
42.18
22263
	
1327
42.18
22264
	
1322
42.08
22289
	
1325
42.08
22290
	
1329
42.07
22314
	
1328
42.07
22315
	
1327
41.71
22339
	
1326
41.71
22340
	
1325
39.91
22487
	
1328
39.91
22488
	
1329
39.47
22512
	
1328
39.47
22513
	
1331
39.33
22537
	
1328
39.37
22562
	
1329
39.37
22564
	
1335
49.44
22587
	
1333
49.44
22588
	
1334
62.22
22613
	
1315
62.22
22614
	
1327
44.63
22638
	
1323
32.26
22782
	
1322
32.26
22783
	
1329
26.59
22808
	
1329
26.59
22809
	
1328
15.87
22833
	
1327
15.87
22834
	
1328
0.90
22858
	
1328
0.90
22859
	
1326
0.00
22883
	
1328
0.00
22884
	
1327
0.00
22908
	
1328
0.00
23032
	
1319
0.00
23056
	
1323
0.00
23057
	
1316
0.00
23081
	
1328
0.00
23082
	
1321
0.00
23106
	
1323
0.00
23107
	
1328
0.00
23132
	
1327
0.00
23133
	
1327
0.00
23157
	
1329
0.00
23158
	
1328
0.00
23182
	
1325
0.00
23306
	
1328
30.49
23330
	
1328
30.49
23331
	
1323
33.32
23355
	
1327
33.32
23356
	
1323
34.88
23380
	
1313
34.88
23381
	
1326
36.09
23405
	
1328
36.09
23406
	
1327
36.79
23430
	
1319
36.79
23431
	
1328
37.41
23578
	
1321
37.41
23579
	
1327
37.16
23603
	
1335
37.16
23604
	
1345
48.75
23629
	
1337
48.75
23630
	
1329
61.05
23654
	
1330
61.05
23655
	
1335
45.45
23679
	
1325
45.45
23680
	
1322
40.04
23827
	
1329
40.04
23828
	
1328
40.07
23852
	
1328
40.07
23853
	
1328
39.98
23877
	
1328
39.98
23878
	
1327
39.93
23902
	
1327
39.93
23903
	
1328
40.30
23927
	
1328
40.30
23928
	
1327
40.47
24075
	
1328
40.47
24076
	
1328
40.70
24100
	
1327
40.70
24101
	
1328
41.57
24126
	
1328
41.57
24127
	
1318
42.19
24151
	
1327
42.19
24152
	
1330
42.64
24176
	
1328
42.64
24177
	
1328
44.93
24324
	
1326
44.93
24325
	
1303
46.39
24349
	
1330
46.39
24350
	
1328
47.93
24374
	
1321
47.93
24375
	
1327
49.47
24399
	
1328
49.47
24400
	
1328
51.30
24424
	
1326
51.30
24425
	
1327
58.02
24572
	
1328
58.02
24573
	
1328
57.88
24597
	
1327
57.88
24598
	
1328
58.20
24622
	
1327
58.37
24648
	
1343
58.37
24650
	
1334
75.62
24673
	
1346
75.62
24674
	
1331
97.94
24698
	
1339
97.94
24699
	
1341
78.55
24723
	
1323
55.26
24868
	
1328
55.26
24869
	
1328
54.95
24893
	
1329
54.95
24894
	
1330
54.63
24918
	
1327
54.63
24919
	
1328
54.34
24943
	
1328
54.34
24944
	
1328
54.41
24968
	
1328
54.41
24969
	
1329
54.25
25116
	
1327
54.25
25117
	
1328
54.33
25141
	
1326
54.33
25142
	
1323
54.09
25167
	
1323
54.09
25168
	
1328
54.00
25192
	
1319
54.00
25193
	
1328
53.94
25217
	
1328
53.94
25218
	
1328
52.43
25365
	
1327
52.43
25366
	
1328
52.23
25390
	
1328
52.23
25391
	
1324
51.95
25415
	
1328
51.95
25416
	
1328
51.64
25440
	
1326
51.64
25441
	
1320
51.41
25465
	
1328
51.41
25466
	
1328
50.55
25613
	
1327
50.55
25614
	
1328
50.41
25638
	
1323
50.41
25639
	
1328
50.10
25664
	
1328
50.15
25689
	
1341
50.15
25691
	
1344
68.61
25714
	
1341
68.61
25715
	
1339
90.33
25739
	
1343
90.33
25740
	
1351
69.12
25764
	
1329
48.59
25909
	
1326
48.59
25910
	
1328
48.80
25934
	
1328
48.80
25935
	
1328
49.05
25959
	
1323
49.05
25960
	
1328
48.84
25984
	
1328
48.84
25985
	
1328
49.07
26010
	
1329
49.07
26011
	
1328
48.88
26157
	
1323
48.88
26158
	
1325
48.95
26183
	
1325
48.95
26184
	
1315
49.20
26208
	
1317
49.20
26209
	
1328
48.99
26233
	
1328
48.99
26234
	
1328
48.51
26258
	
1319
48.51
26259
	
1327
47.86
26406
	
1326
47.86
26407
	
1327
47.97
26431
	
1328
47.97
26432
	
1328
48.00
26456
	
1329
48.00
26457
	
1323
48.06
26481
	
1328
48.06
26482
	
1317
47.90
26507
	
1328
47.90
26508
	
1328
47.04
26654
	
1327
47.04
26655
	
1328
47.16
26680
	
1328
47.16
26681
	
1328
47.44
26705
	
1327
47.59
26730
	
1337
47.59
26732
	
1348
68.51
26755
	
1342
68.51
26756
	
1339
89.28
26780
	
1342
89.28
26781
	
1343
67.58
26805
	
1332
44.34
26950
	
1328
44.34
26951
	
1327
43.93
26975
	
1327
43.93
26976
	
1326
43.76
27000
	
1326
43.76
27001
	
1328
43.81
27026
	
1332
43.81
27027
	
1330
43.38
27051
	
1328
43.38
27052
	
1328
41.64
27199
	
1328
41.64
27200
	
1325
41.05
27224
	
1326
41.05
27225
	
1328
40.44
27249
	
1326
40.44
27250
	
1313
40.19
27274
	
1328
40.19
27275
	
1327
39.99
27299
	
1328
39.99
27300
	
1327
39.37
27447
	
1328
39.37
27448
	
1326
39.38
27472
	
1328
39.38
27473
	
1328
39.33
27497
	
1322
39.33
27498
	
1330
39.05
27523
	
1328
39.05
27524
	
1328
38.75
27548
	
1328
38.75
27549
	
1328
39.18
27696
	
1329
39.18
27697
	
1327
39.34
27721
	
1328
39.34
27722
	
1326
39.31
27746
	
1328
39.28
27771
	
1340
39.28
27773
	
1330
60.79
27796
	
1341
60.79
27797
	
1344
79.28
27821
	
1344
79.28
27822
	
1339
36.17
27969
	
1327
36.17
27970
	
1328
36.14
27994
	
1326
36.14
27995
	
1328
36.26
28020
	
1327
36.26
28021
	
1327
36.36
28045
	
1329
36.36
28046
	
1321
36.31
28070
	
1325
36.31
28071
	
1327
35.10
28218
	
1328
35.10
28219
	
1311
34.93
28243
	
1326
34.93
28244
	
1326
34.76
28268
	
1325
34.76
28269
	
1328
34.54
28293
	
1326
34.54
28294
	
1329
34.48
28318
	
1328
34.48
28319
	
1331
32.98
28466
	
1328
32.98
28467
	
1328
32.44
28491
	
1322
32.44
28492
	
1328
32.10
28516
	
1328
32.10
28517
	
1326
31.87
28542
	
1329
31.87
28543
	
1321
31.26
28567
	
1327
31.26
28568
	
1328
27.48
28715
	
1328
27.48
28716
	
1328
26.10
28740
	
1327
26.10
28741
	
1326
24.59
28765
	
1327
24.59
28766
	
1328
22.71
28790
	
1331
20.35
28815
	
1327
20.35
28816
	
1330
20.71
28840
	
1339
20.71
28841
	
1343
45.75
28988
	
1342
45.75
28990
	
1354
41.50
29013
	
1345
41.50
29014
	
1344
32.86
29039
	
1351
32.86
29040
	
1348
0.58
29064
	
1334
0.58
29065
	
1334
0.00
29089
	
1329
0.00
29090
	
1329
0.00
29114
	
1323
0.00
29238
	
1328
0.00
29262
	
1319
0.00
29263
	
1327
0.00
29287
	
1323
0.00
29288
	
1328
0.00
29312
	
1328
0.00
29313
	
1327
0.00
29337
	
1325
0.00
29338
	
1327
0.00
29363
	
1327
0.00
29364
	
1328
0.00
29388
	
1327
0.00
29512
	
1328
0.00
29536
	
1327
0.00
29537
	
1317
0.00
29561
	
1328
0.00
29562
	
1327
0.00
29586
	
1327
0.00
29587
	
1316
0.00
29611
	
1317
0.00
29612
	
1326
0.00
29636
	
1326
0.00
29637
	
1326
0.00
29661
	
1328
0.00
29785
	
1326
0.00
29809
	
1328
0.00
29810
	
1330
0.00
29834
	
1315
0.00
29860
	
1328
0.00
29861
	
1328
0.00
29885
	
1343
0.00
29886
	
1351
0.00
29910
	
1342
0.00
29911
	
1353
2.14
29935
	
1341
2.14
29936
	
1346
1.40
29960
	
1344
1.40
30084
	
1347
0.00
30108
	
1346
0.00
30110
	
1356
0.00
30133
	
1344
0.00
30134
	
1342
0.00
30158
	
1344
0.00
30159
	
1337
0.00
30184
	
1341
0.00
30185
	
1334
0.00
30209
	
1327
0.00
30210
	
1326
0.00
30234
	
1328
0.00
30358
	
1327
0.00
30382
	
1325
0.00
30383
	
1328
0.00
30407
	
1327
0.00
30408
	
1325
0.00
30432
	
1325
0.00
30433
	
1323
0.00
30457
	
1321
0.00
30458
	
1327
0.00
30482
	
1327
0.00
30483
	
1317
0.00
30630
	
1326
0.00
30631
	
1325
0.00
30655
	
1327
0.00
30656
	
1322
0.00
30681
	
1327
0.00
30682
	
1327
0.00
30706
	
1325
0.00
30707
	
1328
0.00
30731
	
1327
0.00
30732
	
1326
0.00
30756
	
1326
0.00
30757
	
1326
0.00
30904
	
1322
0.00
30905
	
1323
0.00
30932
	
1344
0.00
30933
	
1339
0.00
30957
	
1351
0.00
30958
	
1347
0.00
30983
	
1347
0.00
30984
	
1344
0.00
31008
	
1348
0.00
31009
	
1350
0.00
31033
	
1347
0.00
31034
	
1347
0.00
31181
	
1347
0.00
31183
	
1350
0.00
31206
	
1351
0.00
31207
	
1360
0.00
31231
	
1343
0.00
31232
	
1331
0.00
31256
	
1329
0.00
31257
	
1330
0.00
31281
	
1327
0.00
31282
	
1327
0.00
31307
	
1326
0.00
31308
	
1321
0.00
31454
	
1328
0.00
31455
	
1313
0.00
31480
	
1319
0.00
31481
	
1328
0.00
31505
	
1329
0.00
31506
	
1327
0.00
31530
	
1323
0.00
31531
	
1325
0.00
31555
	
1328
0.00
31556
	
1328
0.00
31580
	
1327
0.00
31581
	
1328
0.00
31728
	
1325
0.00
31729
	
1326
0.00
31753
	
1327
0.00
31754
	
1327
0.00
31778
	
1319
0.00
31779
	
1319
0.00
31804
	
1313
0.00
31805
	
1328
0.00
31829
	
1328
0.00
31830
	
1328
0.00
31854
	
1325
0.00
31855
	
1328
0.00
32002
	
1328
0.00
32003
	
1325
0.00
32030
	
1335
0.00
32031
	
1330
0.00
32055
	
1335
0.00
32056
	
1344
0.00
32080
	
1353
0.00
32081
	
1344
0.00
32105
	
1346
0.00
32106
	
1346
0.00
32131
	
1346
0.00
32132
	
1348
0.00
32278
	
1346
0.00
32280
	
1345
0.00
32304
	
1362
0.00
32305
	
1354
0.00
32329
	
1344
0.00
32330
	
1341
0.00
32354
	
1333
0.00
32355
	
1331
0.00
32379
	
1330
0.00
32380
	
1328
0.00
32404
	
1330
0.00
32405
	
