=~=~=~=~=~=~=~=~=~=~=~= PuTTY log 2024.12.02 12:30:49 =~=~=~=~=~=~=~=~=~=~=~=
1328
0.00
21136
	
1328
0.00
21139
	
1328
0.00
21141
	
1326
0.00
21142
	
1328
0.00
21144
	
1327
0.00
21146
	
1328
0.39
21170
	
1345
0.39
21294
	
1353
57.04
21318
	
1349
57.04
21319
	
1353
57.32
21343
	
1348
57.32
21344
	
1341
58.11
21368
	
1354
58.11
21369
	
1359
43.73
21393
	
1339
43.73
21394
	
1349
14.58
21419
	
1325
14.58
21420
	
1328
8.35
21566
	
1328
8.35
21567
	
1328
8.30
21592
	
1329
8.30
21593
	
1327
7.90
21617
	
1328
7.90
21618
	
1329
8.38
21642
	
1327
8.38
21643
	
1328
8.66
21667
	
1329
8.66
21668
	
1327
8.63
21692
	
1327
8.63
21693
	
1327
9.89
21840
	
1329
9.89
21841
	
1328
9.67
21865
	
1330
9.67
21866
	
1326
9.32
21890
	
1328
9.32
21891
	
1328
9.77
21916
	
1329
9.77
21917
	
1328
9.78
21941
	
1330
9.78
21942
	
1328
9.45
21966
	
1329
9.45
21967
	
1328
8.78
22114
	
1323
8.78
22115
	
1329
8.69
22139
	
1328
8.69
22140
	
1328
8.69
22164
	
1328
8.87
22189
	
1344
8.87
22190
	
1347
26.49
22214
	
1345
26.49
22215
	
1348
53.83
22240
	
1355
53.83
22241
	
1350
61.29
22265
	
1351
61.29
22389
	
1345
63.73
22413
	
1344
63.73
22415
	
1351
64.36
22438
	
1346
64.36
22439
	
1347
60.84
22463
	
1351
60.84
22464
	
1351
33.07
22488
	
1339
33.07
22489
	
1334
18.55
22513
	
1330
18.55
22514
	
1323
40.00
22661
	
1328
40.00
22662
	
1324
41.96
22686
	
1326
41.96
22687
	
1327
42.84
22712
	
1329
42.84
22713
	
1328
44.07
22737
	
1325
44.07
22738
	
1327
44.80
22762
	
1328
44.80
22763
	
1328
42.23
22910
	
1328
42.23
22911
	
1328
41.28
22935
	
1328
41.28
22936
	
1327
40.44
22960
	
1327
40.44
22961
	
1321
40.01
22985
	
1328
40.01
22986
	
1328
38.98
23010
	
1323
38.98
23011
	
1312
36.07
23158
	
1328
36.07
23159
	
1324
35.89
23183
	
1326
35.89
23184
	
1329
35.72
23209
	
1328
35.09
23234
	
1328
35.09
23235
	
1329
36.63
23259
	
1343
36.63
23260
	
1342
67.87
23284
	
1347
67.87
23285
	
1338
86.89
23309
	
1344
91.48
23454
	
1349
91.48
23455
	
1355
91.44
23479
	
1333
91.44
23480
	
1347
84.57
23504
	
1344
84.57
23505
	
1345
51.40
23529
	
1334
51.40
23530
	
1334
32.70
23555
	
1327
32.70
23556
	
1328
31.89
23703
	
1328
31.89
23704
	
1327
31.63
23728
	
1327
31.63
23729
	
1329
31.46
23753
	
1325
31.46
23754
	
1323
31.45
23778
	
1321
31.45
23779
	
1328
31.24
23803
	
1323
31.24
23804
	
1329
29.77
23951
	
1328
29.77
23952
	
1327
29.80
23976
	
1328
29.80
23977
	
1328
29.60
24001
	
1328
29.60
24002
	
1325
29.63
24027
	
1327
29.63
24028
	
1326
29.43
24052
	
1318
29.43
24053
	
1328
28.84
24200
	
1330
28.84
24201
	
1328
29.03
24225
	
1328
29.03
24226
	
1327
28.77
24250
	
1328
28.71
24275
	
1328
28.71
24276
	
1327
31.95
24300
	
1344
31.95
24301
	
1346
65.05
24325
	
1345
65.05
24326
	
1350
84.90
24473
	
1350
84.90
24474
	
1354
84.62
24498
	
1346
84.62
24499
	
1344
77.76
24524
	
1347
77.76
24525
	
1349
44.77
24549
	
1337
44.77
24550
	
1332
25.30
24574
	
1328
25.30
24575
	
1330
7.38
24722
	
1328
7.38
24723
	
1329
0.00
24747
	
1322
0.00
24748
	
1325
0.00
24772
	
1326
0.00
24773
	
1327
0.00
24797
	
1319
0.00
24798
	
1328
0.00
24822
	
1327
0.00
24823
	
1328
0.00
24848
	
1327
0.00
24849
	
1328
0.00
24995
	
1328
0.00
24996
	
1324
0.00
25021
	
1328
0.00
25022
	
1326
0.00
25046
	
1327
0.00
25047
	
1323
0.00
25071
	
1319
0.00
25072
	
1323
0.00
25096
	
1323
0.00
25097
	
1328
0.00
25121
	
1319
0.00
25122
	
1328
24.55
25269
	
1322
24.55
25270
	
1328
29.60
25294
	
1328
35.51
25319
	
1330
35.51
25320
	
1341
46.92
25345
	
1343
46.92
25346
	
1344
87.02
25370
	
1335
87.02
25371
	
1341
104.49
25395
	
1351
104.49
25396
	
1350
47.25
25543
	
1331
47.25
25544
	
1330
48.00
25568
	
1328
48.00
25569
	
1328
48.27
25593
	
1327
48.27
25594
	
1330
48.29
25618
	
1328
48.29
25619
	
1328
47.92
25643
	
1328
47.92
25644
	
1328
46.23
25791
	
1328
46.23
25792
	
1328
45.87
25817
	
1328
45.87
25818
	
1328
45.44
25842
	
1328
45.44
25843
	
1327
44.83
25867
	
1328
44.83
25868
	
1328
44.20
25892
	
1328
44.20
25893
	
1327
43.58
26040
	
1328
43.58
26041
	
1321
43.38
26065
	
1323
43.38
26066
	
1326
43.22
26090
	
1328
43.22
26091
	
1328
43.00
26115
	
1325
43.00
26116
	
1328
42.90
26140
	
1328
42.90
26141
	
1326
42.35
26288
	
1325
42.35
26289
	
1323
42.14
26313
	
1327
42.14
26314
	
1327
42.15
26339
	
1320
42.29
26364
	
1333
42.29
26365
	
1328
53.24
26389
	
1344
53.24
26390
	
1346
88.88
26414
	
1335
88.88
26415
	
1347
100.60
26439
	
1353
39.30
26584
	
1329
39.30
26585
	
1329
39.09
26609
	
1329
39.09
26610
	
1329
39.08
26634
	
1328
39.08
26635
	
1328
39.07
26659
	
1329
39.07
26660
	
1328
38.77
26685
	
1328
38.77
26686
	
1328
37.32
26832
	
1327
37.32
26833
	
1325
38.02
26858
	
1328
38.02
26859
	
1328
38.38
26883
	
1330
38.38
26884
	
1328
38.58
26908
	
1327
38.58
26909
	
1327
38.66
26933
	
1328
38.66
26934
	
1328
38.89
27081
	
1328
38.89
27082
	
1314
38.88
27106
	
1328
38.88
27107
	
1328
38.45
27131
	
1323
38.45
27132
	
1319
38.05
27156
	
1328
38.05
27157
	
1328
38.11
27182
	
1327
38.11
27183
	
1327
38.11
27329
	
1330
38.11
27330
	
1328
37.56
27355
	
1328
37.56
27356
	
1327
37.46
27380
	
1328
37.66
27405
	
1340
37.66
27406
	
1331
51.18
27430
	
1344
51.18
27431
	
1345
84.90
27455
	
1353
84.90
27456
	
1349
96.03
27480
	
1343
98.42
27625
	
1349
98.42
27626
	
1351
97.72
27650
	
1351
97.72
27651
	
1357
75.68
27676
	
1343
75.68
27677
	
1345
43.85
27701
	
1333
43.85
27702
	
1328
34.13
27726
	
1332
34.13
27727
	
1328
34.48
27874
	
1315
34.48
27875
	
1322
34.58
27899
	
1325
34.58
27900
	
1321
34.50
27924
	
1315
34.50
27925
	
1327
34.50
27949
	
1327
34.50
27950
	
1328
34.58
27974
	
1328
34.58
27975
	
1324
34.95
28122
	
1328
34.95
28123
	
1328
35.09
28147
	
1327
35.09
28148
	
1328
35.40
28173
	
1322
35.40
28174
	
1325
35.29
28198
	
1328
35.29
28199
	
1327
35.39
28223
	
1325
35.39
28224
	
1326
35.05
28371
	
1328
35.05
28372
	
1328
34.84
28396
	
1322
34.84
28397
	
1325
34.81
28421
	
1328
35.11
28446
	
1340
35.11
28447
	
1343
51.35
28471
	
1355
51.35
28472
	
1339
84.40
28497
	
1347
84.40
28498
	
1355
95.74
28522
	
1347
98.81
28667
	
1347
98.81
28668
	
1351
98.05
28692
	
1347
98.05
28693
	
1346
94.76
28717
	
1355
94.76
28718
	
1351
64.28
28742
	
1342
64.28
28743
	
1342
37.51
28767
	
1328
37.51
28768
	
1328
31.70
28915
	
1328
31.70
28916
	
1328
31.38
28940
	
1328
31.38
28941
	
1318
31.48
28965
	
1325
31.48
28966
	
1328
31.91
28991
	
1328
31.91
28992
	
1328
31.60
29016
	
1328
31.60
29017
	
1328
31.06
29164
	
1328
31.06
29165
	
1330
30.75
29189
	
1328
30.75
29190
	
1318
30.63
29214
	
1328
30.63
29215
	
1323
30.61
29239
	
1319
30.61
29240
	
1326
30.37
29264
	
1328
30.37
29265
	
1325
29.86
29412
	
1328
29.86
29413
	
1327
29.53
29437
	
1328
29.53
29438
	
1333
29.30
29462
	
1324
29.10
29488
	
1341
29.10
29489
	
1341
45.69
29513
	
1345
45.69
29514
	
1348
77.25
29538
	
1345
77.25
29539
	
1347
86.96
29563
	
1342
88.29
29708
	
1351
88.29
29709
	
1347
88.84
29733
	
1346
88.84
29734
	
1346
85.66
29758
	
1350
85.66
29759
	
1349
54.74
29783
	
1344
54.74
29784
	
1336
29.83
29808
	
1332
29.83
29809
	
1328
28.97
29956
	
1329
28.97
29957
	
1320
29.30
29981
	
1328
29.30
29982
	
1328
29.39
30007
	
1327
29.39
30008
	
1331
29.17
30032
	
1318
29.17
30033
	
1328
28.96
30057
	
1328
28.96
30058
	
1328
28.83
30205
	
1328
28.83
30206
	
1328
28.37
30230
	
1328
28.37
30231
	
1328
28.41
30255
	
1327
28.41
30256
	
1328
28.58
30280
	
1328
28.58
30281
	
1325
28.41
30305
	
1328
28.41
30306
	
1325
26.56
30453
	
1328
26.56
30454
	
1330
26.07
30478
	
1327
26.07
30479
	
1322
25.94
30504
	
1326
25.55
30529
	
1353
25.55
30530
	
1344
43.62
30554
	
1343
43.62
30555
	
1346
74.35
30579
	
1349
74.35
30580
	
1340
82.37
30604
	
1344
66.13
30749
	
1351
66.13
30750
	
1340
56.95
30774
	
1344
56.95
30775
	
1345
41.79
30799
	
1344
41.79
30800
	
1351
2.52
30824
	
1338
2.52
30825
	
1340
0.00
30850
	
1332
0.00
30851
	
1330
0.00
30875
	
1328
0.00
30999
	
1327
0.00
31023
	
1327
0.00
31024
	
1328
0.00
31048
	
1328
0.00
31049
	
1328
0.00
31073
	
1328
0.00
31074
	
1328
0.00
31098
	
1325
0.00
31099
	
1327
0.00
31123
	
1327
0.00
31124
	
1328
0.00
31148
	
1328
0.00
31272
	
1328
0.00
31296
	
1328
0.00
31297
	
1328
0.00
31321
	
1328
0.00
31322
	
1328
0.00
31346
	
1328
0.00
31347
	
1321
0.00
31372
	
1318
0.00
31373
	
1322
0.00
31397
	
1328
0.00
31398
	
1327
0.00
31422
	
1319
0.00
31546
	
1328
0.00
31570
	
1327
0.00
31571
	
1328
0.00
31598
	
1333
0.00
31599
	
1330
0.00
31623
	
1340
0.00
31624
	
1344
0.00
31648
	
1344
0.00
31649
	
1342
0.00
31674
	
1346
0.00
31675
	
1349
0.00
31699
	
1347
0.00
31823
	
1351
0.00
31847
	
1350
0.00
31849
	
1350
0.00
31872
	
1360
0.00
31873
	
1351
0.00
31897
	
1341
0.00
31898
	
1333
0.00
31922
	
1331
0.00
31923
	
1326
0.00
31947
	
1328
0.00
31948
	
1318
0.00
31972
	
1327
0.00
32096
	
1327
0.00
32120
	
1326
0.00
32121
	
1328
0.00
32145
	
1326
0.00
32146
	
1328
0.00
32171
	
1328
0.00
32172
	
1327
0.00
32196
	
1327
0.00
32197
	
1327
0.00
32221
	
1328
0.00
32222
	
1324
0.00
32369
	
1328
0.00
32370
	
1328
0.00
32394
	
1328
0.00
32395
	
1328
0.00
32419
	
1330
0.00
32420
	
1328
0.00
32444
	
1327
0.00
32445
	
1328
0.00
32469
	
1326
0.00
32470
	
1326
0.00
32495
	
1323
0.00
32496
	
1327
0.00
32642
	
1323
0.00
32643
	
1326
0.00
32668
	
1330
0.00
32669
	
1341
0.00
32693
	
1345
0.00
32694
	
1344
0.00
32718
	
1351
0.00
32719
	
1350
0.00
32743
	
1346
0.00
32744
	
1350
0.00
32768
	
1350
0.00
32769
	
1349
0.00
32916
	
1346
0.00
32918
	
1344
0.00
32941
	
1347
0.00
32942
	
1354
0.00
32966
	
1344
0.00
32967
	
1342
0.00
32992
	
1337
0.00
32993
	
1334
0.00
33017
	
1328
0.00
33018
	
1326
0.00
33042
	
1334
0.00
33043
	
1327
0.00
33190
	
1328
0.00
33191
	
1327
0.00
33215
	
1328
0.00
33216
	
1323
0.00
33240
	
1326
0.00
33241
	
1328
0.00
33265
	
1326
0.00
33266
	
1324
0.00
33290
	
1327
0.00
33291
	
1325
0.00
33316
	
1328
0.00
33317
	
1326
0.00
33463
	
1328
0.00
33464
	
1327
0.00
33489
	
1327
0.00
33490
	
1328
0.00
33514
	
1328
0.00
33515
	
1319
0.00
33539
	
1328
0.00
33540
	
1313
0.00
33564
	
1327
0.00
33565
	
1325
0.00
33589
	
1328
0.00
33713
	
1327
0.00
33737
	
1328
0.00
33738
	
1321
0.00
33762
	
1335
0.00
33763
	
1334
0.00
33787
	
1345
0.00
33788
	
1345
0.00
33813
	
1346
0.00
33814
	
1343
0.00
33838
	
1343
0.00
33839
	
1344
0.00
33863
	
1354
0.00
33987
	
1353
0.00
34011
	
1348
0.00
34013
	
1351
0.00
34036
	
1349
0.00
34037
	
1344
0.00
34061
	
1347
0.00
34062
	
1347
0.00
34086
	
1342
0.00
34087
	
1340
0.00
34111
	
1329
0.00
34112
	
1329
0.00
34137
	
1329
0.00
34261
	
