=~=~=~=~=~=~=~=~=~=~=~= PuTTY log 2024.11.30 14:34:31 =~=~=~=~=~=~=~=~=~=~=~=
129
0.28
11013
	
170
0.28
11014
	
165
0.25
11039
	
169
0.25
11040
	
111
0.42
11064
	
211
0.42
11065
	
144
0.48
11211
	
368
0.48
11212
	
233
0.38
11237
	
187
0.38
11238
	
112
0.25
11262
	
208
0.25
11263
	
154
0.22
11287
	
261
0.22
11288
	
169
0.35
11312
	
207
0.35
11313
	
98
0.46
11337
	
176
0.46
11338
	
106
0.42
11362
	
210
0.42
11486
	
763
0.46
11510
	
614
0.46
11511
	
453
0.30
11535
	
511
0.30
11536
	
290
0.29
11561
	
406
0.29
11562
	
329
0.39
11586
	
497
0.39
11587
	
385
0.45
11611
	
491
0.45
11612
	
359
0.41
11636
	
653
0.41
11637
	
260
0.44
11784
	
242
0.44
11785
	
142
0.39
11809
	
240
0.39
11810
	
140
0.42
11834
	
214
0.42
11835
	
182
0.56
11859
	
127
0.56
11860
	
80
0.66
11885
	
259
0.66
11886
	
179
0.59
11910
	
227
0.59
11911
	
113
0.47
11935
	
175
0.47
12059
	
275
0.21
12083
	
261
0.21
12084
	
197
0.27
12108
	
271
0.27
12109
	
162
0.30
12133
	
186
0.30
12134
	
174
0.34
12158
	
128
0.34
12159
	
68
0.38
12183
	
206
0.38
12184
	
156
0.25
12208
	
247
0.25
12209
	
452
0.29
12356
	
319
0.29
12357
	
130
0.20
12381
	
179
0.20
12382
	
129
0.21
12407
	
270
0.21
12408
	
176
0.38
12432
	
226
0.38
12433
	
110
0.51
12457
	
162
0.51
12458
	
85
0.34
12482
	
203
0.34
12483
	
153
0.20
12507
	
268
0.20
12631
	
362
1.42
12655
	
295
1.42
12656
	
87
2.49
12680
	
152
2.49
12681
	
102
3.26
12705
	
210
3.26
12706
	
144
3.43
12731
	
198
3.43
12732
	
95
5.85
12756
	
186
5.85
12757
	
32
7.14
12781
	
150
7.14
12782
	
107
16.70
12929
	
400
16.70
12930
	
260
17.69
12954
	
256
19.04
12979
	
144
19.04
12980
	
97
32.45
13004
	
214
32.45
13005
	
162
54.34
13029
	
226
54.34
13030
	
123
64.89
13055
	
236
64.89
13056
	
45
68.26
13080
	
144
68.26
13081
	
352
65.96
13228
	
293
65.96
13229
	
187
64.88
13253
	
173
64.88
13254
	
149
54.48
13278
	
134
54.48
13279
	
70
29.27
13303
	
190
29.27
13304
	
144
14.35
13328
	
229
14.35
13329
	
143
8.72
13353
	
187
8.72
13354
	
257
0.75
13501
	
219
0.75
13502
	
161
0.86
13526
	
262
0.86
13527
	
177
0.93
13552
	
208
0.93
13553
	
94
2.10
13577
	
131
2.10
13578
	
64
3.62
13602
	
188
3.62
13603
	
140
3.64
13627
	
256
3.64
13628
	
163
5.75
13652
	
208
5.75
13776
	
266
0.70
13800
	
208
0.70
13801
	
146
0.48
13825
	
225
0.48
13826
	
165
0.42
13850
	
207
0.42
13851
	
99
0.45
13876
	
181
0.45
13877
	
17
0.55
13901
	
150
0.55
13902
	
108
1.44
13926
	
213
1.44
13927
	
138
13.27
14074
	
329
13.27
14075
	
270
17.54
14099
	
187
21.20
14124
	
245
21.20
14125
	
183
27.83
14149
	
257
27.83
14150
	
150
49.11
14174
	
174
49.11
14175
	
138
70.24
14199
	
116
70.24
14200
	
69
80.78
14225
	
238
80.78
14226
	
409
93.46
14372
	
267
93.46
14373
	
136
93.09
14398
	
139
93.09
14399
	
71
75.39
14423
	
197
75.39
14424
	
150
45.38
14448
	
256
45.38
14449
	
163
27.79
14473
	
213
27.79
14474
	
187
10.62
14498
	
170
10.62
14499
	
336
0.78
14646
	
384
0.78
14647
	
276
0.63
14671
	
219
0.63
14672
	
110
0.35
14696
	
221
0.35
14697
	
44
0.38
14722
	
178
0.38
14723
	
129
0.56
14747
	
237
0.56
14748
	
144
0.52
14772
	
242
0.52
14773
	
128
0.41
14797
	
128
0.41
14921
	
234
12.14
14945
	
208
12.14
14946
	
148
15.34
14970
	
214
15.34
14971
	
111
18.56
14995
	
227
18.56
14996
	
30
20.30
15020
	
111
20.30
15021
	
75
21.91
15046
	
258
21.91
15047
	
183
22.37
15071
	
234
22.37
15195
	
375
18.60
15219
	
176
18.60
15220
	
115
19.54
15247
	
254
19.54
15248
	
161
22.38
15272
	
192
22.38
15273
	
91
38.10
15297
	
125
38.10
15298
	
61
50.12
15322
	
164
50.12
15323
	
123
53.28
15348
	
242
53.28
15349
	
347
47.10
15495
	
307
47.10
15496
	
85
45.25
15521
	
161
45.25
15522
	
118
33.35
15546
	
240
33.35
15547
	
175
18.58
15571
	
235
18.58
15572
	
123
12.20
15596
	
222
12.20
15597
	
39
10.84
15621
	
141
10.84
15622
	
361
11.54
15769
	
292
11.54
15770
	
178
10.65
15794
	
192
10.65
15795
	
150
11.23
15819
	
122
11.23
15820
	
64
11.67
15844
	
202
11.67
15845
	
146
12.27
15870
	
251
12.27
15871
	
144
12.06
15895
	
259
12.06
15896
	
256
13.61
16043
	
223
13.61
16044
	
169
13.39
16068
	
265
13.39
16069
	
172
13.11
16093
	
211
13.11
16094
	
184
12.58
16118
	
133
12.58
16119
	
65
11.83
16143
	
176
11.83
16144
	
133
11.11
16168
	
255
11.11
16169
	
339
9.79
16316
	
279
9.79
16317
	
57
10.88
16341
	
134
10.88
16342
	
86
12.69
16367
	
245
12.69
16368
	
169
24.61
16392
	
231
24.61
16393
	
114
38.40
16417
	
122
38.40
16418
	
53
42.97
16442
	
159
42.97
16443
	
390
37.85
16590
	
290
37.85
16591
	
167
37.35
16615
	
254
37.35
16616
	
43
28.96
16640
	
139
28.96
16641
	
85
12.61
16665
	
205
12.61
16666
	
156
6.17
16691
	
224
6.17
16692
	
113
4.77
16716
	
208
4.77
16717
	
273
5.80
16864
	
262
5.80
16865
	
205
6.26
16889
	
261
6.26
16890
	
161
6.71
16914
	
194
6.71
16915
	
154
6.80
16939
	
116
6.80
16940
	
59
8.07
16964
	
197
8.07
16965
	
150
8.19
16989
	
252
8.19
16990
	
160
8.14
17015
	
244
8.14
17139
	
267
9.52
17162
	
197
9.52
17163
	
138
8.75
17188
	
243
8.75
17189
	
149
9.07
17213
	
188
9.07
17214
	
171
9.95
17238
	
112
9.95
17239
	
48
10.35
17263
	
174
10.35
17264
	
127
10.06
17288
	
233
10.06
17289
	
354
10.01
17436
	
262
10.01
17437
	
43
9.65
17461
	
139
9.65
17462
	
97
11.09
17486
	
207
11.09
17487
	
150
23.97
17512
	
231
23.97
17513
	
122
37.90
17537
	
142
37.90
17538
	
60
43.26
17562
	
151
43.26
17563
	
368
41.39
17710
	
291
41.39
17711
	
173
40.69
17735
	
241
40.69
17736
	
36
31.82
17760
	
144
31.82
17761
	
83
16.22
17785
	
206
16.22
17786
	
154
8.65
17810
	
246
8.65
17811
	
144
6.40
17836
	
231
6.40
17837
	
281
7.77
17983
	
229
7.77
17984
	
175
8.70
18009
	
263
8.70
18010
	
169
8.24
18034
	
188
8.24
18035
	
154
7.95
18059
	
118
7.95
18060
	
57
8.86
18084
	
178
8.86
18085
	
133
9.11
18109
	
249
9.11
18110
	
157
7.92
18134
	
207
7.92
18258
	
251
7.81
18282
	
201
7.81
18283
	
144
7.17
18307
	
258
7.17
18308
	
176
7.93
18333
	
218
7.93
18334
	
197
7.30
18358
	
112
7.30
18359
	
50
6.73
18383
	
163
6.73
18384
	
117
7.65
18408
	
237
7.65
18409
	
148
8.52
18556
	
359
8.52
18557
	
139
7.90
18581
	
185
7.80
18606
	
231
7.80
18607
	
166
10.98
18631
	
223
10.98
18632
	
114
23.98
18657
	
139
23.98
18658
	
52
35.92
18682
	
148
35.92
18683
	
107
39.47
18707
	
243
39.47
18708
	
167
37.40
18855
	
441
37.40
18856
	
180
36.57
18880
	
169
36.57
18881
	
106
34.93
18905
	
195
34.93
18906
	
154
20.75
18930
	
257
20.75
18931
	
158
8.86
18955
	
277
8.86
18956
	
64
5.03
18981
	
126
5.03
18982
	
336
6.49
19128
	
299
6.49
19129
	
201
6.61
19154
	
224
6.61
19155
	
181
6.89
19179
	
114
6.89
19180
	
55
6.59
19204
	
193
6.59
19205
	
144
7.34
19229
	
235
7.34
19230
	
144
6.81
19254
	
187
6.81
19255
	
150
6.86
19279
	
114
6.86
19403
	
298
7.82
19427
	
272
7.82
19428
	
197
8.12
19452
	
224
8.12
19453
	
115
7.66
19478
	
125
7.66
19479
	
53
7.98
19503
	
156
7.98
19504
	
114
8.25
19528
	
238
8.25
19529
	
151
7.44
19553
	
222
7.44
19554
	
205
7.46
19701
	
259
7.46
19702
	
190
8.19
19726
	
266
8.83
19751
	
242
8.83
19752
	
138
12.74
19776
	
227
12.74
19777
	
37
28.13
19802
	
145
28.13
19803
	
103
38.67
19827
	
238
38.67
19828
	
166
40.85
19852
	
213
40.85
19853
	
109
38.45
20000
	
281
38.45
20001
	
187
38.31
20025
	
235
38.31
20026
	
176
35.59
20050
	
264
35.59
20051
	
162
19.58
20075
	
291
19.58
20076
	
65
8.78
20100
	
122
8.78
20101
	
65
5.40
20126
	
224
5.40
20127
	
379
6.78
20273
	
276
6.78
20274
	
249
6.63
20299
	
141
6.63
20300
	
75
7.10
20324
	
191
7.10
20325
	
141
6.31
20349
	
256
6.31
20350
	
162
7.00
20374
	
202
7.00
20375
	
167
6.92
20399
	
126
6.92
20400
	
62
6.50
20424
	
171
6.50
20548
	
381
7.55
20572
	
301
7.55
20573
	
176
7.18
20597
	
144
7.18
20598
	
51
6.91
20622
	
157
6.91
20623
	
110
7.25
20648
	
269
7.25
20649
	
179
6.92
20673
	
226
6.92
20674
	
208
7.50
20698
	
118
7.50
20699
	
48
7.60
20846
	
344
7.60
20847
	
269
7.00
20871
	
247
7.19
20896
	
246
7.19
20897
	
42
14.22
20921
	
126
14.22
20922
	
85
28.57
20946
	
208
28.57
20947
	
154
36.79
20972
	
230
36.79
20973
	
122
38.25
20997
	
135
38.25
20998
	
46
35.87
21145
	
311
35.87
21146
	
240
35.44
21170
	
245
35.44
21171
	
150
30.37
21195
	
289
30.37
21196
	
65
14.84
21220
	
130
14.84
21221
	
64
6.28
21245
	
189
6.28
21246
	
145
4.25
21270
	
236
4.25
21271
	
368
5.47
21418
	
204
5.47
21419
	
103
6.32
21443
	
176
6.32
21444
	
123
5.56
21469
	
247
5.56
21470
	
158
6.22
21494
	
197
6.22
21495
	
169
5.30
21519
	
119
5.30
21520
	
54
6.25
21544
	
163
6.25
21545
	
123
5.56
21569
	
240
5.56
21693
	
343
7.27
21717
	
206
7.27
21718
	
95
6.75
21742
	
144
6.75
21743
	
99
7.05
21767
	
238
7.05
21768
	
176
7.74
21793
	
240
7.74
21794
	
222
7.01
21818
	
139
7.01
21819
	
55
7.69
21843
	
150
7.69
21844
	
107
7.97
21991
	
382
7.97
21992
	
257
9.00
22016
	
178
9.25
22041
	
158
9.25
22042
	
98
9.57
22066
	
193
9.57
22067
	
144
20.82
22091
	
249
20.82
22092
	
141
34.50
22117
	
154
34.50
22118
	
51
40.40
22142
	
145
40.40
22143
	
99
40.56
22167
	
225
40.56
22291
	
374
38.28
22315
	
331
38.28
22316
	
97
37.73
22340
	
131
37.73
22341
	
68
26.26
22365
	
205
26.26
22366
	
151
11.17
22390
	
240
11.17
22391
	
155
6.73
22415
	
278
6.73
22416
	
64
5.53
22441
	
122
5.53
22442
	
336
7.20
22588
	
297
7.20
22589
	
212
7.47
22614
	
213
7.47
22615
	
181
6.87
22639
	
124
6.87
22640
	
55
7.79
22664
	
178
7.79
22665
	
129
7.74
22689
	
240
7.74
22690
	
150
7.94
22714
	
222
7.94
22715
	
188
9.21
22862
	
258
9.21
22863
	
194
8.69
22887
	
259
8.69
22888
	
192
9.31
22912
	
245
9.31
22913
	
139
9.86
22938
	
145
9.86
22939
	
58
9.80
22963
	
155
9.80
22964
	
108
9.44
22988
	
242
9.44
22989
	
171
9.22
23013
	
235
9.22
23137
	
302
9.69
23161
	
177
9.69
23162
	
118
10.33
23186
	
191
10.33
23187
	
144
13.13
23211
	
241
13.13
23212
	
146
26.84
23236
	
242
26.84
23237
	
42
38.92
23262
	
141
38.92
23263
	
94
42.78
23287
	
214
42.78
23288
	
394
40.45
23434
	
253
40.45
23435
	
213
39.94
23460
	
117
39.94
23461
	
57
28.07
23485
	
192
28.07
23486
	
144
13.41
23510
	
263
13.41
23511
	
170
7.41
23535
	
299
7.41
23536
	
77
5.59
23560
	
129
5.59
23561
	
284
4.90
23708
	
271
4.90
23709
	
194
5.73
23733
	
240
5.73
23734
	
218
5.17
23758
	
143
5.17
23759
	
51
5.07
23784
	
170
5.07
23785
	
119
3.67
23809
	
235
3.67
23810
	
149
3.58
23834
	
226
3.58
23835
	
195
2.59
23859
	
119
2.59
23983
	
304
1.98
24007
	
267
1.98
24008
	
203
0.99
24032
	
266
0.99
24033
	
153
0.65
24057
	
224
0.65
24058
	
115
0.75
24082
	
395
0.75
24083
	
328
0.57
24108
	
963
0.57
24109
	
843
0.45
24133
	
1104
0.45
24134
	
74
0.49
24281
	
149
0.49
24282
	
88
0.50
24309
	
160
0.50
24310
	
80
0.67
24334
	
157
0.67
24335
	
144
0.75
24359
	
124
0.75
24360
	
53
0.59
24384
	
134
0.59
24385
	
80
0.51
24409
	
192
0.51
24410
	
112
0.45
24435
	
247
0.45
24436
	
286
0.54
24582
	
229
0.54
24583
	
158
0.68
24608
	
266
0.68
24609
	
179
0.42
24633
	
222
0.42
24634
	
214
0.28
24658
	
144
0.28
24659
	
51
0.30
24683
	
159
0.30
24684
	
101
0.37
24708
	
231
0.37
24709
	
162
0.40
24733
	
221
0.40
24857
	
333
0.50
24881
	
205
0.50
24882
	
124
0.45
24906
	
210
0.45
24907
	
147
0.29
24932
	
219
0.29
24933
	
123
0.35
24957
	
158
0.35
24958
	
63
0.43
24982
	
153
0.43
24983
	
96
0.51
25007
	
203
0.51
25008
	
142
0.52
25155
	
445
0.52
25156
	
213
0.47
25180
	
187
0.47
25181
	
110
0.34
25205
	
176
0.34
25206
	
118
0.33
25230
	
213
0.33
25231
	
128
0.38
25255
	
287
0.38
25256
	
85
0.54
25281
	
156
0.54
25282
	
87
0.49
25306
	
183
0.49
25430
	
378
0.43
25454
	
237
0.43
25455
	
218
0.48
25479
	
160
0.48
25480
	
80
0.39
25504
	
171
0.39
25505
	
106
0.44
25529
	
199
0.44
25530
	
124
0.63
25554
	
176
0.63
25555
	
174
0.32
25579
	
146
0.32
25580
	
72
0.40
25727
	
322
0.40
25728
	
233
0.34
25752
	
237
0.34
25753
	
142
0.31
25777
	
192
0.31
25778
	
94
0.39
25803
	
174
0.39
25804
	
105
0.44
25828
	
206
0.44
25829
	
138
0.45
25853
	
197
0.45
25854
	
202
0.35
25878
	
156
0.35
26002
	
315
0.34
26026
	
249
0.34
26027
	
175
0.28
26051
	
239
0.28
26052
	
144
0.39
26076
	
278
0.39
26077
	
80
0.50
26101
	
151
0.50
26102
	
78
0.49
26127
	
180
0.49
26128
	
118
0.35
26152
	
206
0.35
26153
	
115
0.26
26299
	
291
0.26
26300
	
177
0.29
26325
	
203
0.29
26326
	
128
0.44
26350
	
208
0.44
26351
	
128
0.48
26375
	
289
0.48
26376
	
94
0.47
26400
	
147
0.47
26401
	
74
0.35
26425
	
161
0.35
26426
	
100
0.25
26450
	
198
0.25
26574
	
336
0.41
26598
	
225
0.41
26623
	
183
0.41
26624
	
112
0.61
26649
	
209
0.61
26650
	
135
0.60
26674
	
210
0.60
26675
	
203
0.44
26699
	
150
0.44
26700
	
75
0.41
26724
	
155
0.41
26725
	
94
0.47
26749
	
208
0.47
26750
	
134
0.61
26774
	
207
0.61
26898
	
329
0.53
26922
	
240
0.53
26923
	
148
0.47
26947
	
192
0.47
26948
	
123
0.25
26972
	
197
0.25
26973
	
112
0.22
26998
	
175
0.22
26999
	
80
0.44
27023
	
174
0.44
27024
	
110
0.45
27048
	
206
0.45
27049
	
352
0.47
27196
	
321
0.47
27197
	
126
0.35
27221
	
175
0.35
27222
	
101
0.27
27246
	
189
0.27
27247
	
122
0.27
27271
	
222
0.27
27272
	
132
0.36
27296
	
