=~=~=~=~=~=~=~=~=~=~=~= PuTTY log 2024.12.01 13:41:06 =~=~=~=~=~=~=~=~=~=~=~=
50
149.25
100345
	
142
149.25
100346
	
49
22.76
100371
	
140
22.76
100372
	
245
0.00
100518
	
151
0.00
100519
	
58
0.00
100544
	
139
0.00
100545
	
48
0.00
100569
	
144
0.00
100570
	
53
0.00
100594
	
133
0.00
100595
	
46
0.00
100619
	
157
0.00
100620
	
60
0.00
100644
	
134
0.00
100645
	
240
0.00
100792
	
158
0.00
100793
	
61
0.00
100817
	
138
0.00
100818
	
48
0.00
100842
	
139
0.00
100843
	
48
0.00
100868
	
138
0.00
100869
	
48
0.00
100893
	
134
0.00
100894
	
46
0.00
100918
	
157
0.00
100919
	
243
0.00
101066
	
159
0.00
101067
	
66
0.00
101091
	
135
0.00
101092
	
47
0.00
101116
	
137
0.00
101141
	
146
0.00
101142
	
61
15.33
101166
	
131
15.33
101167
	
48
51.97
101191
	
151
51.97
101192
	
59
106.61
101217
	
139
106.61
101218
	
240
183.51
101364
	
146
183.51
101365
	
57
182.58
101390
	
144
182.58
101391
	
50
93.75
101415
	
144
93.75
101416
	
55
9.27
101440
	
138
9.27
101441
	
48
0.00
101465
	
140
0.00
101466
	
51
0.00
101490
	
158
0.00
101614
	
235
0.00
101638
	
150
0.00
101639
	
59
0.00
101663
	
127
0.00
101664
	
43
0.00
101688
	
131
0.00
101689
	
44
0.00
101713
	
133
0.00
101714
	
45
0.00
101739
	
134
0.00
101740
	
48
0.00
101764
	
132
0.00
101765
	
249
0.00
101912
	
149
0.00
101913
	
58
0.00
101937
	
153
0.00
101938
	
57
0.00
101962
	
139
0.00
101963
	
48
0.00
101987
	
161
0.00
101988
	
64
0.00
102012
	
135
0.00
102013
	
47
0.00
102037
	
135
0.00
102038
	
253
0.00
102185
	
163
0.00
102186
	
37
0.09
102210
	
129
0.09
102211
	
46
31.44
102236
	
136
31.44
102237
	
46
64.24
102261
	
130
64.24
102262
	
47
129.91
102286
	
151
129.91
102287
	
59
170.50
102311
	
133
170.50
102435
	
246
185.02
102459
	
163
185.02
102460
	
64
185.29
102484
	
135
185.29
102485
	
51
131.06
102509
	
129
131.06
102510
	
48
15.66
102534
	
132
15.66
102535
	
49
0.00
102559
	
130
0.00
102560
	
284
0.00
102707
	
188
0.00
102708
	
78
0.00
102732
	
153
0.00
102733
	
61
0.00
102758
	
132
0.00
102759
	
48
0.00
102783
	
160
0.00
102784
	
62
0.00
102808
	
140
0.00
102809
	
50
0.00
102833
	
160
0.00
102834
	
244
0.00
102981
	
160
0.00
102982
	
65
0.00
103006
	
156
0.00
103007
	
61
0.00
103031
	
135
0.00
103032
	
48
0.00
103056
	
128
0.00
103057
	
47
0.00
103081
	
151
0.00
103082
	
59
0.00
103107
	
139
0.00
103108
	
242
0.00
103254
	
155
0.00
103255
	
37
0.00
103280
	
128
0.00
103281
	
46
13.66
103305
	
126
13.66
103306
	
46
52.89
103330
	
135
52.89
103331
	
49
103.65
103355
	
137
103.65
103356
	
48
164.50
103380
	
145
164.50
103504
	
240
183.13
103528
	
157
183.13
103529
	
57
183.53
103553
	
149
183.53
103554
	
58
172.35
103578
	
142
172.35
103579
	
49
46.36
103604
	
151
46.36
103605
	
61
3.97
103629
	
129
3.97
103630
	
242
0.00
103776
	
177
0.00
103777
	
79
0.00
103802
	
141
0.00
103803
	
51
0.00
103827
	
138
0.00
103828
	
48
0.00
103852
	
130
0.00
103853
	
48
0.00
103877
	
131
0.00
103878
	
48
0.00
103902
	
151
0.00
103903
	
239
0.00
104050
	
158
0.00
104051
	
64
0.00
104075
	
129
0.00
104076
	
43
0.00
104100
	
128
0.00
104101
	
48
0.00
104126
	
161
0.00
104127
	
65
0.00
104151
	
161
0.00
104152
	
64
0.00
104176
	
135
0.00
104177
	
257
0.00
104324
	
158
0.00
104325
	
36
0.94
104352
	
139
0.94
104353
	
48
35.32
104377
	
130
35.32
104378
	
44
68.35
104402
	
129
68.35
104403
	
46
133.54
104427
	
133
133.54
104428
	
45
167.19
104453
	
144
167.19
104454
	
244
181.23
104600
	
155
181.23
104601
	
60
181.41
104626
	
142
181.41
104627
	
53
116.92
104651
	
128
116.92
104652
	
42
12.57
104676
	
131
12.57
104677
	
45
0.00
104701
	
133
0.00
104702
	
239
0.00
104849
	
150
0.00
104850
	
58
0.00
104874
	
134
0.00
104875
	
48
0.00
104899
	
148
0.00
104900
	
60
0.00
104924
	
155
0.00
104925
	
63
0.00
104949
	
128
0.00
104950
	
45
0.00
104975
	
139
0.00
104976
	
246
0.00
105122
	
165
0.00
105123
	
70
0.00
105148
	
134
0.00
105149
	
48
0.00
105173
	
148
0.00
105174
	
58
0.00
105198
	
151
0.00
105199
	
58
0.00
105223
	
129
0.00
105224
	
46
0.00
105248
	
133
0.00
105249
	
240
0.00
105396
	
162
0.00
105397
	
34
0.00
105421
	
143
0.00
105422
	
53
16.61
105446
	
131
16.61
105447
	
48
54.81
105472
	
131
54.81
105473
	
48
106.93
105497
	
133
106.93
105498
	
46
163.74
105522
	
135
163.74
105646
	
241
183.55
105670
	
149
183.55
105671
	
57
183.82
105695
	
145
183.82
105696
	
50
169.00
105720
	
159
169.00
105721
	
64
40.69
105745
	
127
40.69
105746
	
48
3.52
105770
	
130
3.52
105771
	
240
0.00
105918
	
154
0.00
105919
	
61
0.00
105943
	
134
0.00
105944
	
48
0.00
105968
	
138
0.00
105969
	
49
0.00
105994
	
146
0.00
105995
	
58
0.00
106019
	
132
0.00
106020
	
46
0.00
106044
	
136
0.00
106045
	
251
0.00
106192
	
159
0.00
106193
	
64
0.00
106217
	
133
0.00
106218
	
46
0.00
106242
	
145
0.00
106243
	
56
0.00
106267
	
131
0.00
106268
	
48
0.00
106292
	
135
0.00
106293
	
48
0.00
106317
	
141
0.00
106318
	
243
0.00
106465
	
155
0.00
106466
	
33
0.31
106490
	
144
0.31
106491
	
52
32.20
106516
	
136
32.20
106517
	
48
65.02
106541
	
135
65.02
106542
	
48
129.44
106566
	
132
129.44
106567
	
48
168.64
106591
	
137
168.64
106715
	
239
182.29
106739
	
162
182.29
106740
	
64
182.62
106764
	
138
182.62
106765
	
48
126.66
106789
	
131
126.66
106790
	
48
14.74
106814
	
129
14.74
106815
	
48
0.00
106839
	
128
0.00
106840
	
