=~=~=~=~=~=~=~=~=~=~=~= PuTTY log 2024.12.01 14:03:47 =~=~=~=~=~=~=~=~=~=~=~=
1314
0.45
215897
	
1313
0.66
216044
	
1317
0.66
216045
	
1315
0.69
216069
	
1312
0.71
216094
	
1299
0.71
216095
	
1296
9.43
216119
	
1283
9.43
216120
	
1305
48.33
216145
	
1346
48.33
216146
	
1349
67.45
216170
	
1382
67.45
216171
	
1386
70.35
216318
	
1392
70.35
216319
	
1394
69.77
216343
	
1377
69.77
216344
	
1373
46.52
216368
	
1339
46.52
216369
	
1344
10.18
216393
	
1327
10.18
216394
	
1322
0.00
216418
	
1313
0.00
216419
	
1315
0.00
216566
	
1315
0.00
216567
	
1313
0.00
216591
	
1319
0.00
216592
	
1316
0.00
216616
	
1310
0.00
216617
	
1314
0.00
216642
	
1314
0.00
216643
	
1317
0.00
216667
	
1317
0.00
216668
	
1316
0.00
216815
	
1316
0.00
216816
	
1311
0.00
216840
	
1310
0.00
216841
	
1316
0.00
216865
	
1315
0.00
216866
	
1315
0.00
216890
	
1314
0.00
216891
	
1310
0.00
216915
	
1314
0.00
216916
	
1315
0.00
217063
	
1315
0.00
217064
	
1311
0.00
217088
	
1309
0.00
217089
	
1287
0.00
217114
	
1313
0.00
217139
	
1286
0.00
217140
	
1284
15.49
217164
	
1306
15.49
217165
	
1321
53.22
217189
	
1353
53.22
217190
	
1356
70.38
217337
	
1393
70.38
217338
	
1394
69.64
217362
	
1379
69.64
217363
	
1369
46.78
217387
	
1343
46.78
217388
	
1338
9.98
217412
	
1327
9.98
217413
	
1326
0.00
217438
	
1321
0.00
217439
	
1309
0.00
217585
	
1313
0.00
217586
	
1317
0.00
217611
	
1312
0.00
217612
	
1316
0.00
217636
	
1315
0.00
217637
	
1318
0.00
217661
	
1314
0.00
217662
	
1311
0.00
217686
	
1314
0.00
217687
	
1311
0.00
217834
	
1312
0.00
217835
	
1313
0.00
217859
	
1312
0.00
217860
	
1313
0.00
217884
	
1315
0.00
217885
	
1314
0.00
217909
	
1313
0.00
217910
	
1315
0.00
217935
	
1318
0.00
217936
	
1315
0.00
218082
	
1313
0.00
218083
	
1316
0.00
218108
	
1315
0.00
218109
	
1316
0.00
218133
	
1312
0.00
218134
	
1312
0.00
218158
	
1315
0.00
218183
	
1269
0.00
218184
	
1265
22.20
218208
	
1319
22.20
218209
	
1328
70.86
218356
	
1397
70.86
218357
	
1394
70.28
218381
	
1378
70.28
218382
	
1373
49.24
218406
	
1347
49.24
218407
	
1342
10.89
218432
	
1322
10.89
218433
	
1326
0.00
218457
	
1323
0.00
218458
	
1318
0.00
218605
	
1315
0.00
218606
	
1316
0.00
218630
	
1314
0.00
218631
	
1317
0.00
218655
	
1315
0.00
218656
	
1313
0.00
218680
	
1314
0.00
218681
	
1314
0.00
218705
	
1317
0.00
218706
	
1315
0.00
218853
	
1315
0.00
218854
	
1317
0.00
218878
	
1315
0.00
218879
	
1316
0.00
218903
	
1306
0.00
218904
	
1311
0.00
218928
	
1314
0.00
218929
	
1315
0.00
218954
	
1315
0.00
218955
	
1314
0.00
219101
	
1318
0.00
219102
	
1317
0.00
219127
	
1312
0.00
219128
	
1313
0.00
219152
	
1315
0.00
219153
	
1302
0.00
219177
	
1318
0.00
219178
	
1312
0.00
219202
	
1312
0.00
219227
	
1250
0.00
219228
	
1265
29.74
219252
	
1328
70.48
219397
	
1394
70.48
219398
	
1395
70.32
219422
	
1374
70.32
219423
	
1373
46.64
219447
	
1334
46.64
219448
	
1347
9.76
219473
	
1328
9.76
219474
	
1328
0.00
219498
	
1322
0.00
219499
	
