=~=~=~=~=~=~=~=~=~=~=~= PuTTY log 2024.11.30 14:42:25 =~=~=~=~=~=~=~=~=~=~=~=
132
0.90
132798
	
208
0.90
132799
	
139
0.81
132823
	
195
0.81
132824
	
108
0.45
132848
	
192
0.45
132849
	
191
0.57
132874
	
166
0.57
132875
	
347
0.68
133021
	
294
0.68
133022
	
192
0.78
133047
	
229
0.78
133048
	
128
0.71
133072
	
202
0.71
133073
	
121
0.63
133097
	
257
0.63
133098
	
179
0.61
133122
	
311
0.61
133123
	
214
0.57
133147
	
306
0.57
133148
	
775
0.66
133295
	
587
0.66
133296
	
452
0.80
133320
	
429
0.80
133321
	
322
0.64
133345
	
357
0.64
133346
	
245
0.60
133370
	
254
0.60
133371
	
53
0.61
133396
	
83
0.61
133397
	
30
0.68
133421
	
124
0.68
133422
	
336
0.77
133569
	
213
0.77
133570
	
187
0.66
133594
	
126
0.66
133595
	
62
0.66
133619
	
183
0.60
133644
	
202
0.60
133645
	
115
0.73
133669
	
197
0.73
133670
	
178
0.85
133694
	
202
0.85
133695
	
128
0.99
133720
	
243
0.99
133721
	
326
0.79
133868
	
222
0.79
133869
	
177
0.69
133893
	
134
0.69
133894
	
80
0.49
133918
	
361
0.49
133919
	
301
0.83
133943
	
565
0.83
133944
	
448
0.60
133968
	
711
0.60
133969
	
641
0.71
133993
	
746
0.71
133994
	
2195
0.67
134141
	
1851
0.67
134142
	
1619
0.52
134166
	
1251
0.52
134167
	
1012
0.67
134192
	
567
0.67
134193
	
414
0.71
134217
	
273
0.71
134218
	
195
0.80
134242
	
292
0.80
134243
	
192
0.67
134267
	
207
0.67
134391
	
402
0.68
134415
	
249
0.68
134416
	
173
0.64
134440
	
210
0.64
134441
	
139
0.71
134465
	
211
0.71
134466
	
101
0.89
134490
	
199
0.89
134491
	
4
0.76
134516
	
73
0.76
134517
	
33
0.70
134541
	
95
0.70
134542
	
148
21.09
134689
	
78
21.09
134690
	
0
39.72
134717
	
87
39.72
134718
	
51
57.45
134742
	
160
57.45
134743
	
79
84.46
134767
	
144
84.46
134768
	
35
109.63
134792
	
61
109.63
134793
	
10
126.95
134818
	
142
126.95
134942
	
286
140.92
134965
	
207
140.92
134966
	
94
148.18
134991
	
164
148.18
134992
	
0
139.46
135016
	
154
139.46
135017
	
98
116.09
135041
	
213
116.09
135042
	
133
111.86
135066
	
175
111.86
135190
	
203
143.45
135214
	
63
143.45
135215
	
24
147.63
135239
	
143
147.63
135240
	
91
154.63
135264
	
175
154.63
135265
	
76
162.05
135289
	
118
162.05
135290
	
89
165.05
135315
	
70
165.05
135316
	
213
208.41
135462
	
237
208.41
135463
	
145
211.32
135488
	
289
211.32
135489
	
250
215.14
135513
	
144
215.14
135514
	
64
221.35
135538
	
43
221.35
135539
	
14
226.62
135563
	
77
226.62
135564
	
186
243.86
135711
	
173
243.86
135712
	
6
245.81
135736
	
122
247.77
135761
	
188
247.77
135762
	
111
266.20
135786
	
176
266.20
135787
	
79
337.11
135812
	
77
337.11
135813
	
25
373.35
135837
	
117
373.35
135838
	
318
373.27
135985
	
235
373.27
135986
	
114
371.47
136010
	
195
371.47
136011
	
1
331.76
136035
	
112
331.76
136036
	
65
259.86
136060
	
195
259.86
136061
	
133
226.30
136085
	
201
226.30
136086
	
262
230.74
136233
	
144
230.74
136234
	
71
231.61
136258
	
169
231.61
136259
	
122
232.37
136283
	
208
232.37
136284
	
119
232.32
136309
	
151
232.32
136310
	
121
232.69
136334
	
109
232.69
136335
	
278
232.00
136482
	
256
232.00
136483
	
161
232.07
136507
	
181
232.07
136508
	
77
232.30
136532
	
108
232.30
136533
	
46
232.16
136557
	
161
232.16
136558
	
112
231.57
136582
	
214
231.57
136583
	
321
233.47
136730
	
267
233.47
136731
	
55
233.67
136755
	
126
233.67
136756
	
80
234.06
136780
	
227
235.07
136806
	
192
235.07
136807
	
94
265.18
136831
	
199
265.18
136832
	
29
344.53
136856
	
143
344.53
136857
	
326
384.63
137004
	
260
384.63
137005
	
152
383.12
137029
	
154
383.12
137030
	
121
343.75
137054
	
115
343.75
137055
	
64
266.26
137079
	
187
266.26
137080
	
131
231.84
137104
	
215
231.84
137105
	
303
230.11
137252
	
159
230.11
137253
	
77
229.85
137277
	
158
229.85
137278
	
111
230.32
137303
	
224
230.32
137304
	
133
230.50
137328
	
175
230.50
137329
	
150
229.98
137353
	
111
229.98
137354
	
266
234.03
137501
	
256
234.03
137502
	
175
235.07
137526
	
208
235.07
137527
	
101
235.71
137551
	
208
235.71
137552
	
31
235.51
137576
	
137
235.51
137577
	
90
234.93
137601
	
230
234.93
137602
	
346
236.59
137749
	
211
236.59
137750
	
165
235.47
137774
	
134
235.47
137775
	
70
234.71
137800
	
231
234.71
137801
	
158
235.06
137825
	
205
236.72
137850
	
208
236.72
137851
	
7
281.73
137875
	
123
281.73
137876
	
322
391.50
138023
	
267
391.50
138024
	
166
389.52
138048
	
175
389.52
138049
	
155
354.28
138073
	
114
354.28
138074
	
52
274.56
138098
	
180
274.56
138099
	
128
231.26
138124
	
241
231.26
138125
	
304
237.89
138271
	
230
237.89
138272
	
46
238.24
138297
	
153
238.24
138298
	
102
238.25
138322
	
235
238.25
138323
	
144
239.51
138347
	
192
239.51
138348
	
89
240.87
138372
	
114
240.87
138373
	
261
248.17
138520
	
257
248.17
138521
	
187
250.30
138545
	
235
250.30
138546
	
124
252.56
138570
	
238
252.56
138571
	
33
254.41
138595
	
119
254.41
138596
	
78
255.45
138621
	
228
255.45
138622
	
352
258.10
138768
	
249
258.10
138769
	
211
257.42
138794
	
142
257.42
138795
	
75
258.17
138819
	
180
258.17
138820
	
131
258.65
138844
	
231
258.65
138845
	
131
259.44
138869
	
219
262.47
138894
	
119
262.47
138895
	
294
432.83
139042
	
270
432.83
139043
	
171
428.95
139067
	
193
428.95
139068
	
82
424.79
139092
	
87
424.79
139093
	
19
369.95
139118
	
173
369.95
139119
	
116
285.78
139143
	
175
285.78
139144
	
293
248.26
139291
	
285
248.26
139292
	
94
248.52
139316
	
155
248.52
139317
	
87
249.24
139341
	
189
249.24
139342
	
112
249.18
139366
	
195
249.18
139367
	
90
249.05
139391
	
197
249.05
139392
	
256
250.73
139539
	
228
250.73
139540
	
159
251.55
139564
	
195
251.55
139565
	
103
253.48
139589
	
151
253.48
139590
	
139
258.00
139615
	
140
258.00
139616
	
82
262.50
139640
	
177
262.50
139641
	
303
270.22
139788
	
208
270.22
139789
	
197
272.45
139813
	
142
272.45
139814
	
68
274.01
139838
	
177
274.01
139839
	
111
276.43
139863
	
194
276.43
139864
	
105
279.24
139888
	
165
279.24
139889
	
257
290.95
140036
	
211
290.44
140061
	
191
290.44
140062
	
111
312.79
140087
	
176
312.79
140088
	
85
401.58
140112
	
144
401.58
140113
	
67
455.59
140137
	
177
455.59
140138
	
103
468.21
140162
	
198
468.21
140163
	
304
446.27
140310
	
286
446.27
140311
	
82
441.68
140335
	
138
441.68
140336
	
66
373.58
140360
	
199
373.58
140361
	
128
292.00
140385
	
190
292.00
140386
	
97
261.45
140411
	
225
261.45
140412
	
261
265.62
140558
	
198
265.62
140559
	
124
264.95
140584
	
194
264.95
140585
	
107
264.25
140609
	
168
264.25
140610
	
145
264.28
140634
	
144
264.28
140635
	
74
263.77
140659
	
173
263.77
140660
	
