=~=~=~=~=~=~=~=~=~=~=~= PuTTY log 2024.11.29 12:34:37 =~=~=~=~=~=~=~=~=~=~=~=
0.00
	
3198
0.00
	
3121
0.00
	
2608
0.00
	
2343
0.00
	
2111
0.00
	
1898
0.00
	
1709
14067.30
	
1181
14067.30
	
988
14098.90
	
663
14098.90
	
653
14116.11
	
361
14116.11
	
245
14028.45
	
351
14028.45
	
252
14025.67
	
301
14025.67
	
213
13933.40
	
287
13933.40
	
186
13945.92
	
239
13945.92
	
149
13997.05
	
253
13997.05
	
176
14010.30
	
299
14010.30
	
209
14017.82
	
299
14017.82
	
191
14020.42
	
233
14020.42
	
143
14022.11
	
249
14022.11
	
176
14024.10
	
301
14024.10
	
453
14029.05
	
321
14029.05
	
199
14028.85
	
254
14028.85
	
178
14029.85
	
299
14029.85
	
213
14030.03
	
279
14030.03
	
179
14030.24
	
254
14030.24
	
153
14029.96
	
243
14029.96
	
174
14030.34
	
282
14030.34
	
204
14030.55
	
274
14030.55
	
173
14030.57
	
239
14030.57
	
147
14030.68
	
247
14030.68
	
381
14031.67
	
438
14031.67
	
190
14031.70
	
255
14031.70
	
146
14032.04
	
238
14032.04
	
163
14061.52
	
285
14061.52
	
217
14099.83
	
449
14099.83
	
203
14111.59
	
291
14111.59
	
175
14068.94
	
257
14068.94
	
183
14039.73
	
307
14039.73
	
222
14033.30
	
292
14033.30
	
186
14021.91
	
324
14021.91
	
226
14020.07
	
274
14020.07
	
197
13937.27
	
298
13937.27
	
322
13933.44
	
287
13933.44
	
176
13990.82
	
239
13990.82
	
156
14005.20
	
272
14005.20
	
199
14011.62
	
400
14011.62
	
151
14015.26
	
258
14015.26
	
147
14017.26
	
226
14017.26
	
150
14018.75
	
258
14018.75
	
583
14024.44
	
316
14024.44
	
203
14024.94
	
230
14024.94
	
144
14025.50
	
258
14025.50
	
181
14025.91
	
305
14025.91
	
323
14025.49
	
247
14025.49
	
144
14025.99
	
205
14025.99
	
130
14026.47
	
229
14026.47
	
162
14026.69
	
257
14026.69
	
281
14027.17
	
223
14027.17
	
116
14028.11
	
258
14028.11
	
188
14029.54
	
270
14029.54
	
190
14073.88
	
263
14073.88
	
159
14109.90
	
195
14109.90
	
116
14098.60
	
221
14098.60
	
161
14052.79
	
304
14052.79
	
336
14055.54
	
255
14055.54
	
145
14118.38
	
197
14118.38
	
118
14087.77
	
221
14087.77
	
160
13972.15
	
301
13972.15
	
428
14047.90
	
302
14047.90
	
176
14058.93
	
237
14058.93
	
175
14059.08
	
291
14059.08
	
213
14063.78
	
271
14063.78
	
165
14068.75
	
209
14068.75
	
112
14067.61
	
228
14067.61
	
171
14073.95
	
290
14073.95
	
214
14110.06
	
289
14110.06
	
176
14231.63
	
234
14231.63
	
136
14336.71
	
255
14336.71
	
507
14893.66
	
415
14893.66
	
290
14971.00
	
293
14971.00
	
163
15072.75
	
226
15072.75
	
165
15232.97
	
288
15232.97
	
222
15360.98
	
339
15360.98
	
223
15443.49
	
257
15443.49
	
132
15507.46
	
225
15507.46
	
167
15584.90
	
299
15584.90
	
227
15640.44
	
301
15640.44
	
189
15764.01
	
304
15764.01
	
205
15769.42
	
281
15769.42
	
219
16048.59
	
464
16048.59
	
225
16610.18
	
272
16610.18
	
145
16752.97
	
203
16752.97
	
125
16701.66
	
275
16701.66
	
219
16645.52
	
310
16645.52
	
203
16606.12
	
251
16606.12
	
127
16582.75
	
192
16582.75
	
132
16354.37
	
271
16354.37
	
607
15728.73
	
349
15728.73
	
217
15730.23
	
213
15730.23
	
126
15730.60
	
240
15730.60
	
176
15734.30
	
335
15734.30
	
356
15739.42
	
270
15739.42
	
143
15741.09
	
208
15741.09
	
128
15738.88
	
272
15738.88
	
214
15741.81
	
432
15741.81
	
189
15741.39
	
269
15741.39
	
144
15752.38
	
293
15752.38
	
222
15756.24
	
330
15756.24
	
381
15762.60
	
289
15762.60
	
177
15765.42
	
197
15765.42
	
113
15769.85
	
234
15769.85
	
176
15781.28
	
308
15781.28
	
336
15790.93
	
283
15790.93
	
163
15793.51
	
195
15793.51
	
109
15795.23
	
240
15795.23
	
179
15803.90
	
308
15803.90
	
461
15826.28
	
305
15826.28
	
170
15829.97
	
209
15829.97
	
144
16053.04
	
299
16053.04
	
363
16703.05
	
296
16703.05
	
180
16871.38
	
231
16871.38
	
118
16810.15
	
208
16810.15
	
158
16756.49
	
298
16756.49
	
357
16730.84
	
292
16730.84
	
178
16718.49
	
216
16718.49
	
124
16531.42
	
224
16531.42
	
463
15796.90
	
370
15796.90
	
247
15806.21
	
251
15806.21
	
128
15819.62
	
219
15819.62
	
156
15833.04
	
279
15833.04
	
222
15837.45
	
310
15837.45
	
195
15835.81
	
243
15835.81
	
115
15837.43
	
196
15837.43
	
142
15842.13
	
304
15842.13
	
366
15846.91
	
306
15846.91
	
191
15871.55
	
266
15871.55
	
181
15875.31
	
272
15875.31
	
217
15874.41
	
336
15874.41
	
235
15875.03
	
272
15875.03
	
141
15875.99
	
206
15875.99
	
127
15875.43
	
256
15875.43
	
202
15877.26
	
315
15877.26
	
206
15879.56
	
244
15879.56
	
121
15881.96
	
194
15881.96
	
133
15882.54
	
282
15882.54
	
480
15885.27
	
371
15885.27
	
230
15886.27
	
206
15886.27
	
112
16046.57
	
228
16046.57
	
178
16699.35
	
433
16699.35
	
208
16898.26
	
301
16898.26
	
176
16844.86
	
210
16844.86
	
133
16786.35
	
255
16786.35
	
205
16757.95
	
313
16757.95
	
218
16740.67
	
272
16740.67
	
144
15758.32
	
287
15758.32
	
217
15780.09
	
305
15780.09
	
346
15789.46
	
294
15789.46
	
181
15794.41
	
208
15794.41
	
111
15799.62
	
239
15799.62
	
181
15806.42
	
451
15806.42
	
212
15813.55
	
279
15813.55
	
159
15817.52
	
191
15817.52
	
106
15822.97
	
226
15822.97
	
169
15832.03
	
427
15832.03
	
460
15872.09
	
305
15872.09
	
171
15880.95
	
215
15880.95
	
159
15892.72
	
309
15892.72
	
351
15904.75
	
302
15904.75
	
186
15909.95
	
213
15909.95
	
112
15906.81
	
231
15906.81
	
174
15897.93
	
301
15897.93
	
336
15889.05
	
298
15889.05
	
182
15884.18
	
213
15884.18
	
112
15924.76
	
341
15924.76
	
275
15944.25
	
306
15944.25
	
206
16452.06
	
245
16452.06
	
119
16961.67
	
199
16961.67
	
142
17041.29
	
275
17041.29
	
346
16987.47
	
304
16987.47
	
195
16945.64
	
251
16945.64
	
122
16926.35
	
198
16926.35
	
144
16903.34
	
294
16903.34
	
333
16479.95
	
304
16479.95
	
393
15887.99
	
257
15887.99
	
175
15891.54
	
259
15891.54
	
208
15895.92
	
303
15895.92
	
206
15901.36
	
256
15901.36
	
129
15904.54
	
207
15904.54
	
130
15905.76
	
262
15905.76
	
209
15905.70
	
306
15905.70
	
192
15906.12
	
255
15906.12
	
126
15906.66
	
206
15906.66
	
144
15906.43
	
267
15906.43
	
501
15924.42
	
378
15924.42
	
239
15924.72
	
211
15924.72
	
128
15926.65
	
240
15926.65
	
182
15930.45
	
310
15930.45
	
217
15929.83
	
275
15929.83
	
155
15926.10
	
193
15926.10
	
122
15919.01
	
263
15919.01
	
208
15915.93
	
315
15915.93
	
219
15914.36
	
271
15914.36
	
141
15919.54
	
298
15919.54
	
229
15922.92
	
416
15922.92
	
208
16324.68
	
310
16324.68
	
188
16855.09
	
206
16855.09
	
114
16923.98
	
240
16923.98
	
189
16870.39
	
330
16870.39
	
235
16827.16
	
278
16827.16
	
159
16801.31
	
207
16801.31
	
116
16781.47
	
226
16781.47
	
171
16437.29
	
313
16437.29
	
459
15814.73
	
293
15814.73
	
163
15817.36
	
210
15817.36
	
155
15819.39
	
443
15819.39
	
219
15818.27
	
310
15818.27
	
193
15816.67
	
208
15816.67
	
105
15815.82
	
213
15815.82
	
160
15814.84
	
407
15814.84
	
192
15815.00
	
289
15815.00
	
176
15814.80
	
203
15814.80
	
105
15788.85
	
330
15788.85
	
395
15783.32
	
305
15783.32
	
206
15778.24
	
251
15778.24
	
126
15773.94
	
206
15773.94
	
144
15779.11
	
275
15779.11
	
332
15778.72
	
301
15778.72
	
186
15768.04
	
230
15768.04
	
112
15755.46
	
195
15755.46
	
143
15746.68
	
446
15746.68
	
224
15740.41
	
307
15740.41
	
415
15734.80
	
287
15734.80
	
195
15729.16
	
257
15729.16
	
341
16008.52
	
314
16008.52
	
208
16476.79
	
272
16476.79
	
144
16493.03
	
211
16493.03
	
141
16417.10
	
269
16417.10
	
341
16333.01
	
317
16333.01
	
200
16269.15
	
248
16269.15
	
127
16260.64
	
185
16260.64
	
128
16120.71
	
272
16120.71
	
595
15294.15
	
433
15294.15
	
289
15007.48
	
259
15007.48
	
167
14540.52
	
277
14540.52
	
219
14278.26
	
325
14278.26
	
234
14229.67
	
194
14229.67
	
85
14214.23
	
64
14214.23
	
22
14212.56
	
128
14212.56
	
214
14210.63
	
236
14210.63
	
146
14208.91
	
324
14208.91
	
209
14206.87
	
377
14206.87
	
441
14198.80
	
331
14198.80
	
231
14197.87
	
276
14197.87
	
173
14196.47
	
203
14196.47
	
117
14195.50
	
238
14195.50
	
163
14194.32
	
285
14194.32
	
187
14192.84
	
261
14192.84
	
150
14192.20
	
215
14192.20
	
131
14191.42
	
259
14191.42
	
189
14190.49
	
289
14190.49
	
199
14189.88
	
291
14189.88
	
393
14185.32
	
304
14185.32
	
218
14186.06
	
285
14186.06
	
196
14163.61
	
265
14163.61
	
157
14163.40
	
227
14163.40
	
135
14132.17
	
224
14132.17
	
156
14088.71
	
249
14088.71
	
167
14075.98
	
208
14075.98
	
112
14071.96
	
222
14071.96
	
135
14067.65
	
235
14067.65
	
161
13981.22
	
249
13981.22
	
458
14075.83
	
356
14075.83
	
240
14077.04
	
287
14077.04
	
198
14077.76
	
406
14077.76
	
176
14078.23
	
273
14078.23
	
179
14078.35
	
269
14078.35
	
170
14078.26
	
256
14078.26
	
173
14078.96
	
260
14078.96
	
176
14079.46
	
256
14079.46
	
165
14079.81
	
239
14079.81
	
146
14080.52
	
354
14080.52
	
379
14080.00
	
288
14080.00
	
195
14080.34
	
261
14080.34
	
163
14080.17
	
239
14080.17
	
158
14080.28
	
247
14080.28
	
288
14080.00
	
279
14080.00
	
183
14079.71
	
255
14079.71
	
156
14080.42
	
240
14080.42
	
162
14080.19
	
398
14080.19
	
162
14080.54
	
258
14080.54
	
416
14080.36
	
304
14080.36
	
203
14081.09
	
266
14081.09
	
311
14105.85
	
261
14105.85
	
174
14130.90
	
278
14130.90
	
176
14109.54
	
249
14109.54
	
164
14064.97
	
252
14064.97
	
286
14047.09
	
256
14047.09
	
169
14041.92
	
247
14041.92
	
153
14039.06
	
223
14039.06
	
143
14066.96
	
337
14066.96
	
240
14068.73
	
294
14068.73
	
195
14069.28
	
247
14069.28
	
161
14069.31
	
251
14069.31
	
249
