=~=~=~=~=~=~=~=~=~=~=~= PuTTY log 2024.12.02 12:16:45 =~=~=~=~=~=~=~=~=~=~=~=
1325
0.00
61843
	
1317
0.00
61846
	
1319
0.00
61848
	
1317
0.00
61849
	
1326
0.00
61851
	
1318
0.00
61853
	
1321
0.00
61877
	
1345
0.00
62001
	
1347
51.58
62025
	
1349
51.58
62026
	
1350
58.18
62050
	
1346
58.18
62051
	
1351
54.91
62075
	
1343
54.91
62076
	
1343
37.46
62100
	
1328
37.46
62101
	
1328
30.03
62126
	
1328
30.03
62127
	
1325
30.51
62273
	
1313
30.51
62274
	
1327
32.15
62299
	
1318
32.15
62300
	
1322
32.60
62324
	
1317
32.60
62325
	
1319
32.67
62349
	
1325
32.67
62350
	
1326
31.87
62374
	
1322
31.87
62375
	
1319
31.86
62522
	
1317
31.86
62523
	
1323
31.56
62547
	
1326
31.56
62548
	
1318
32.82
62572
	
1319
32.82
62573
	
1322
34.06
62597
	
1323
34.06
62598
	
1317
34.62
62623
	
1321
34.62
62624
	
1321
39.30
62770
	
1320
39.30
62771
	
1322
39.66
62796
	
1322
39.66
62797
	
1321
39.66
62821
	
1322
39.66
62822
	
1324
39.54
62846
	
1321
39.54
62847
	
1318
38.89
62871
	
1316
38.97
62896
	
1333
38.97
62897
	
1327
54.91
62921
	
1338
36.10
63066
	
1323
36.10
63067
	
1322
35.98
63091
	
1322
35.98
63092
	
1326
35.70
63116
	
1322
35.70
63117
	
1317
35.17
63142
	
1322
35.17
63143
	
1319
35.53
63167
	
1318
35.53
63168
	
1321
34.28
63315
	
1319
34.28
63316
	
1318
34.43
63340
	
1326
34.43
63341
	
1322
34.57
63365
	
1318
34.57
63366
	
1319
34.51
63390
	
1319
34.51
63391
	
1318
34.44
63415
	
1322
34.44
63416
	
1325
34.29
63563
	
1321
34.29
63564
	
1322
33.92
63588
	
1321
33.92
63589
	
1318
33.80
63613
	
1321
33.80
63614
	
1315
33.95
63638
	
1318
33.95
63639
	
1325
34.01
63664
	
1312
34.01
63665
	
1321
33.05
63811
	
1319
33.05
63812
	
1319
32.58
63837
	
1322
32.58
63838
	
1315
32.11
63862
	
1318
32.11
63863
	
1319
32.18
63887
	
1321
32.18
63888
	
1323
32.10
63912
	
1315
32.10
63937
	
1333
32.10
63938
	
1337
49.03
63962
	
1334
73.14
64107
	
1347
73.14
64109
	
1349
72.16
64132
	
1346
72.16
64133
	
1353
61.22
64157
	
1347
61.22
64158
	
1338
38.99
64183
	
1331
38.99
64184
	
1328
28.56
64208
	
1325
28.56
64209
	
1325
26.09
64355
	
1323
26.09
64356
	
1317
26.26
64381
	
1316
26.26
64382
	
1315
26.44
64406
	
1319
26.44
64407
	
1319
26.28
64431
	
1317
26.28
64432
	
1321
25.78
64456
	
1321
25.78
64457
	
1319
25.39
64604
	
1321
25.39
64605
	
1321
25.16
64629
	
1322
25.16
64630
	
1325
25.50
64654
	
1322
25.50
64655
	
1321
25.72
64679
	
1318
25.72
64680
	
1317
25.87
64705
	
1315
25.87
64706
	
1315
27.37
64852
	
1322
27.37
64853
	
1322
27.70
64878
	
1317
27.70
64879
	
1321
27.59
64903
	
1322
27.59
64904
	
1318
27.30
64928
	
1319
27.30
64929
	
1319
27.08
64953
	
1318
27.82
64978
	
1343
27.82
64979
	
1329
45.03
65003
	
1339
66.81
65148
	
1344
66.81
65150
	
1345
66.41
65173
	
1347
66.41
65174
	
1359
54.87
65198
	
1338
54.87
65199
	
1339
32.60
65224
	
1328
32.60
65225
	
1328
23.33
65249
	
1327
23.33
65250
	
1326
22.53
65396
	
1321
22.53
65397
	
1322
22.70
65422
	
1321
22.70
65423
	
1319
23.24
65447
	
1319
23.24
65448
	
1317
23.03
65472
	
1318
23.03
65473
	
1319
22.64
65497
	
1316
22.64
65498
	
1319
22.80
65645
	
1323
22.80
65646
	
1323
23.16
65670
	
1323
23.16
65671
	
1323
23.18
65695
	
1320
23.18
65696
	
1325
23.02
65720
	
1323
23.02
65721
	
1322
23.14
65746
	
1322
23.14
65747
	
1319
22.56
65893
	
1322
22.56
65894
	
1328
23.00
65919
	
1323
23.00
65920
	
1323
23.31
65944
	
1322
23.31
65945
	
1318
23.90
65969
	
1321
23.90
65970
	
1319
24.01
65994
	
1318
25.59
66019
	
1328
25.59
66020
	
1328
44.37
66044
	
1335
67.41
66189
	
1351
67.41
66191
	
1349
66.89
66214
	
1345
66.89
66215
	
1350
54.77
66239
	
1344
54.77
66240
	
1341
33.92
66265
	
1329
33.92
66266
	
1327
25.14
66290
	
1326
25.14
66291
	
1328
22.60
66438
	
1325
22.60
66439
	
1321
22.72
66463
	
1318
22.72
66464
	
1317
23.01
66488
	
1325
23.01
66489
	
1317
22.52
66513
	
1316
22.52
66514
	
1316
21.19
66538
	
1318
21.19
66539
	
1316
16.93
66686
	
1320
16.93
66687
	
1319
16.74
66711
	
1317
16.74
66712
	
1321
17.01
66736
	
1319
17.01
66737
	
1319
17.47
66761
	
1321
17.47
66762
	
1326
17.65
66787
	
1320
17.65
66788
	
1314
19.14
66934
	
1313
19.14
66935
	
1318
18.84
66960
	
1319
18.84
66961
	
1323
18.68
66985
	
1321
18.68
66986
	
1319
18.75
67010
	
1323
18.75
67011
	
1319
18.54
67035
	
1328
19.24
67060
	
1334
19.24
67061
	
1330
38.54
67085
	
1341
62.04
67230
	
1344
62.04
67232
	
1343
61.66
67255
	
1349
61.66
67256
	
1356
49.25
67280
	
1335
49.25
67281
	
1334
28.35
67306
	
1326
28.35
67307
	
1328
19.92
67331
	
1325
19.92
67332
	
1325
19.73
67479
	
1323
19.73
67480
	
1326
20.02
67504
	
1319
20.02
67505
	
1318
20.23
67529
	
1319
20.23
67530
	
1324
20.26
67554
	
1322
20.26
67555
	
1317
20.05
67579
	
1316
20.05
67580
	
1318
20.28
67727
	
1318
20.28
67728
	
1323
19.79
67752
	
1323
19.79
67753
	
1321
19.31
67777
	
1316
19.31
67778
	
1323
19.69
67802
	
1321
19.69
67803
	
1321
19.36
67828
	
1319
19.36
67829
	
1323
19.62
67975
	
1314
19.62
67976
	
1322
20.17
68001
	
1318
20.17
68002
	
1326
20.21
68026
	
1323
20.21
68027
	
1320
20.08
68051
	
1324
20.08
68052
	
1319
19.83
68076
	
1318
19.76
68101
	
1327
19.76
68102
	
1322
21.96
68126
	
1337
58.10
68271
	
1347
58.10
68273
	
1349
57.83
68296
	
1358
57.83
68297
	
1347
44.52
68321
	
1339
44.52
68322
	
1331
24.53
68347
	
1328
24.53
68348
	
1323
16.19
68372
	
1322
16.19
68373
	
1326
12.25
68520
	
1325
12.25
68521
	
1325
10.84
68545
	
1321
10.84
68546
	
1317
9.05
68570
	
1328
9.05
68571
	
1326
7.10
68595
	
1323
7.10
68596
	
1325
5.71
68620
	
1319
5.71
68621
	
1313
4.19
68645
	
1320
4.19
68769
	
1328
5.34
68793
	
1318
5.34
68794
	
1323
11.22
68818
	
1327
11.22
68819
	
1323
17.39
68844
	
1322
17.39
68845
	
1321
21.42
68869
	
1319
21.42
68870
	
1323
22.97
68894
	
1321
22.97
68895
	
1321
26.06
69042
	
1328
26.06
69043
	
1321
25.68
69067
	
1321
25.68
69068
	
1323
25.61
69092
	
1324
25.61
69093
	
1321
25.73
69117
	
1328
26.39
69142
	
1321
26.39
69143
	
1323
29.88
69167
	
1336
29.88
69168
	
1338
70.55
69315
	
1347
70.55
69317
	
1345
69.15
69340
	
1344
69.15
69341
	
1342
51.60
69366
	
1329
51.60
69367
	
1331
34.19
69391
	
1325
34.19
69392
	
1328
27.37
69416
	
1328
27.37
69417
	
1322
26.20
69564
	
1322
26.20
69565
	
1322
25.40
69589
	
1323
25.40
69590
	
1320
24.44
69614
	
1321
24.44
69615
	
1316
23.38
69639
	
1319
23.38
69640
	
1319
22.73
69664
	
1323
22.73
69665
	
1318
23.03
69812
	
1322
23.03
69813
	
1325
23.00
69837
	
1323
23.00
69838
	
1322
22.86
69863
	
1319
22.86
69864
	
1325
23.23
69888
	
1319
23.23
69889
	
1325
23.85
69913
	
1323
23.85
69914
	
1311
22.94
70061
	
1317
22.94
70062
	
1321
22.75
70086
	
1321
22.75
70087
	
1322
22.79
70111
	
1323
22.79
70112
	
1318
22.99
70136
	
1322
22.99
70137
	
1322
23.23
70161
	
1325
23.38
70186
	
1330
23.38
70187
	
1330
66.48
70334
	
1344
66.48
70336
	
1343
66.47
70359
	
1345
66.47
70360
	
1345
49.77
70385
	
1333
49.77
70386
	
1339
31.33
70410
	
1329
31.33
70411
	
1327
24.15
70435
	
1325
24.15
70436
	
1328
22.98
70583
	
1323
22.98
70584
	
1321
23.86
70608
	
1322
23.86
70609
	
1319
24.18
70633
	
1315
24.18
70634
	
1319
24.21
70658
	
1313
24.21
70659
	
1319
23.84
70683
	
1325
23.84
70684
	
1318
22.86
70831
	
1323
22.86
70832
	
1321
22.79
70856
	
1322
22.79
70857
	
1319
22.50
70882
	
1323
22.50
70883
	
1323
21.85
70907
	
1319
21.85
70908
	
1317
21.57
70932
	
1325
21.57
70933
	
1319
22.25
71080
	
1317
22.25
71081
	
1323
22.96
71105
	
1321
22.96
71106
	
1318
22.91
71130
	
1321
22.91
71131
	
1324
22.51
71155
	
1323
22.51
71156
	
1323
21.88
71180
	
1319
21.88
71181
	
1321
21.63
71328
	
1319
21.29
71353
	
1331
21.29
71354
	
1344
33.11
71379
	
1344
33.11
71380
	
1335
54.85
71404
	
1360
54.85
71405
	
1344
61.78
71429
	
1342
61.78
71430
	
1344
54.61
71454
	
1345
54.61
71455
	
1338
20.98
71602
	
1322
20.98
71603
	
1313
21.32
71627
	
1325
21.32
71628
	
1321
22.21
71652
	
1315
22.21
71653
	
1314
22.81
71677
	
1322
22.81
71678
	
1319
22.98
71703
	
1319
22.98
71704
	
1321
22.90
71850
	
1318
22.90
71851
	
1321
22.77
71876
	
1322
22.77
71877
	
1323
22.75
71901
	
1317
22.75
71902
	
1317
23.31
71926
	
1319
23.31
71927
	
1311
22.77
71951
	
1312
22.77
71952
	
1315
23.13
72099
	
1318
23.13
72100
	
1322
23.56
72124
	
1319
23.56
72125
	
1317
23.52
72149
	
1323
23.52
72150
	
1322
23.78
72174
	
1321
23.78
72175
	
1319
24.45
72200
	
1321
24.45
72201
	
1323
23.76
72348
	
1310
23.76
72349
	
1319
23.63
72373
	
1319
24.12
72398
	
1339
24.12
72399
	
1337
40.91
72423
	
1338
40.91
72424
	
1339
59.58
72448
	
1351
59.58
72449
	
1349
64.79
72473
	
1345
64.79
72474
	
1350
22.66
72621
	
1321
22.66
72622
	
1326
23.13
72646
	
1315
23.13
72647
	
1317
23.21
72672
	
1317
23.21
72673
	
1325
22.92
72697
	
1322
22.92
72698
	
1321
22.85
72722
	
1322
22.85
72723
	
1322
23.16
72870
	
1322
23.16
72871
	
1319
23.75
72895
	
1322
23.75
72896
	
1318
23.79
72920
	
1322
23.79
72921
	
1319
23.33
72945
	
1316
23.33
72946
	
1314
23.05
72970
	
1321
23.05
72971
	
1319
23.75
73118
	
1321
23.75
73119
	
1317
23.74
73143
	
1318
23.74
73144
	
1322
23.74
73169
	
1321
23.74
73170
	
1321
23.80
73194
	
1322
23.80
73195
	
1327
24.02
73219
	
1319
24.02
73220
	
1315
24.35
73367
	
1328
24.35
73368
	
1320
24.20
73392
	
1319
24.20
73393
	
1322
24.19
73417
	
1323
24.34
73442
	
1320
24.34
73443
	
1328
27.17
73467
	
1329
27.17
73468
	
1331
51.81
73493
	
1343
51.81
73494
	
1349
62.64
73518
	
1349
22.93
73662
	
1323
22.93
73663
	
1319
22.95
73688
	
1313
22.95
73689
	
1319
22.89
73713
	
1326
22.89
73714
	
1323
22.65
73738
	
1313
22.65
73739
	
1323
22.71
73763
	
1322
22.71
73764
	
1322
21.77
73911
	
1321
21.77
73912
	
1321
21.64
73936
	
1324
21.64
73937
	
1323
21.50
73961
	
1322
21.50
73962
	
1321
21.69
73986
	
1319
21.69
73987
	
1322
21.72
74012
	
1323
21.72
74013
	
1319
21.47
74159
	
1322
21.47
74160
	
1319
21.01
74185
	
1321
21.01
74186
	
1323
21.11
74210
	
1324
21.11
74211
	
1325
21.44
74235
	
1323
21.44
74236
	
1322
21.41
74260
	
1321
21.41
74261
	
1325
21.02
74408
	
1310
21.02
74409
	
1322
20.71
74433
	
1319
20.71
74434
	
1318
20.46
74458
	
1322
20.23
74483
	
1327
20.23
74484
	
1328
23.28
74509
	
1333
23.28
74510
	
1331
47.47
74534
	
1343
47.47
74535
	
1343
59.35
74559
	
1350
17.91
74704
	
1322
17.91
74705
	
1315
18.39
74729
	
1323
18.39
74730
	
1323
18.98
74754
	
1315
18.98
74755
	
1314
19.09
74779
	
1323
19.09
74780
	
1323
19.52
74804
	
1314
19.52
74805
	
1322
19.97
74952
	
1319
19.97
74953
	
1325
19.98
74977
	
1318
19.98
74978
	
1323
20.22
75003
	
1319
20.22
75004
	
1319
20.42
75028
	
1323
20.42
75029
	
1325
20.64
75053
	
1318
20.64
75054
	
1313
21.61
75201
	
1321
21.61
75202
	
1323
21.51
75226
	
1321
21.51
75227
	
1322
21.37
75251
	
1323
21.37
75252
	
1321
21.12
75276
	
1321
21.12
75277
	
1326
20.88
75301
	
1319
20.88
75302
	
1319
19.21
75449
	
1319
19.21
75450
	
1323
17.97
75474
	
1315
17.97
75475
	
1317
17.16
75500
	
1324
17.00
75525
	
1323
17.00
75526
	
1328
22.03
75550
	
1337
22.03
75551
	
1339
46.34
75575
	
1344
46.34
75576
	
1341
57.34
75600
	
1354
17.60
75745
	
1323
17.60
75746
	
1319
17.71
75770
	
1322
17.71
75771
	
1319
18.14
75795
	
1318
18.14
75796
	
1322
18.41
75820
	
1312
18.41
75821
	
1319
18.95
75846
	
1317
18.95
75847
	
1326
19.54
75994
	
1317
19.54
75995
	
1325
19.77
76019
	
1325
19.77
76020
	
1323
20.12
76044
	
1323
20.12
76045
	
1327
20.22
76069
	
1319
20.22
76070
	
1326
20.28
76094
	
1323
20.28
76095
	
1320
20.42
76242
	
1321
20.42
76243
	
1324
19.97
76267
	
1319
19.97
76268
	
1317
19.91
76292
	
1324
19.91
76293
	
1322
19.76
76318
	
1323
19.76
76319
	
1321
19.35
76343
	
1319
19.35
76344
	
1319
20.00
76491
	
1322
20.00
76492
	
1317
20.08
76516
	
1309
20.08
76517
	
1321
20.38
76541
	
1321
20.60
76566
	
1322
20.60
76567
	
1338
25.62
76591
	
1335
25.62
76592
	
1334
49.92
76616
	
1337
49.92
76617
	
1344
62.51
76764
	
1344
62.51
76766
	
1344
62.64
76789
	
1347
62.64
76790
	
1345
54.39
76815
	
1345
54.39
76816
	
1343
31.75
76840
	
1326
31.75
76841
	
1326
20.82
76865
	
1326
20.82
76866
	
1324
17.78
77013
	
1323
17.78
77014
	
1327
17.02
77038
	
1319
17.02
77039
	
1319
16.12
77063
	
1319
16.12
77064
	
1323
15.52
77088
	
1320
15.52
77089
	
1318
15.21
77113
	
1317
15.21
77114
	
1312
17.12
77261
	
1318
17.12
77262
	
1319
17.07
77286
	
1317
17.07
77287
	
1323
16.77
77312
	
1321
16.77
77313
	
1322
16.57
77337
	
1318
16.57
77338
	
1327
16.68
77362
	
1322
16.68
77363
	
1322
16.89
77510
	
1316
16.89
77511
	
1318
16.72
77535
	
1318
16.72
77536
	
1317
16.84
77560
	
1321
16.84
77561
	
1322
17.13
77585
	
1318
17.31
77610
	
1331
17.31
77611
	
1339
25.88
77636
	
1341
25.88
77637
	
1334
49.41
77661
	
1350
59.64
77805
	
1351
59.64
77807
	
1347
60.10
77831
	
1344
60.10
77832
	
1349
50.94
77856
	
1344
50.94
77857
	
1344
28.33
77881
	
1325
28.33
77882
	
1328
18.36
77906
	
1316
18.36
77907
	
1327
18.39
78054
	
1325
18.39
78055
	
1319
18.23
78079
	
1319
18.23
78080
	
1319
18.06
78104
	
1315
18.06
78105
	
1319
17.55
78129
	
1315
17.55
78130
	
1317
17.99
78155
	
1314
17.99
78156
	
1319
19.02
78303
	
1317
19.02
78304
	
1321
18.73
78328
	
1322
18.73
78329
	
1323
19.17
78353
	
1318
19.17
78354
	
1317
19.09
78378
	
1319
19.09
78379
	
1325
19.49
78403
	
1318
19.49
78404
	
1319
19.30
78551
	
1319
19.30
78552
	
1317
19.28
78576
	
1315
19.28
78577
	
1321
18.97
78601
	
1323
18.97
78602
	
1322
19.19
78627
	
1322
19.52
78652
	
1330
19.52
78653
	
1333
29.69
78677
	
1340
29.69
78678
	
1341
53.08
78702
	
1342
18.51
78847
	
1322
18.51
78848
	
1323
18.95
78872
	
1323
18.95
78873
	
1318
18.97
78897
	
1328
18.97
78898
	
1323
19.04
78922
	
1313
19.04
78923
	
1322
18.90
78947
	
1319
18.90
78948
	
1322
18.38
79095
	
1322
18.38
79096
	
1319
18.44
79120
	
1322
18.44
79121
	
1322
18.38
79146
	
1322
18.38
79147
	
1320
18.21
79171
	
1325
18.21
79172
	
1318
18.43
79196
	
1323
18.43
79197
	
1317
19.46
79344
	
1320
19.46
79345
	
1317
19.04
79369
	
1324
19.04
79370
	
1322
18.39
79394
	
1321
18.39
79395
	
1319
18.47
79419
	
1319
18.47
79420
	
1326
18.85
79444
	
1318
18.85
79445
	
1319
18.10
79592
	
1319
18.10
79593
	
1313
17.86
79618
	
1318
17.86
79619
	
1318
17.82
79643
	
1319
17.82
79644
	
1322
17.70
79668
	
1321
17.91
79693
	
1330
17.91
79694
	
1335
28.84
79718
	
1334
28.84
79719
	
1337
50.08
79743
	
1342
15.26
79888
	
1323
15.26
79889
	
1319
14.51
79913
	
1323
14.51
79914
	
1319
15.04
79938
	
1327
15.04
79939
	
1312
14.71
79964
	
1315
14.71
79965
	
1318
14.49
79989
	
1318
14.49
79990
	
1321
15.63
80137
	
1318
15.63
80138
	
1319
15.57
80162
	
1318
15.57
80163
	
1321
15.55
80187
	
1322
15.55
80188
	
1322
15.19
80212
	
1321
15.19
80213
	
1321
14.83
80237
	
1318
14.83
80238
	
1326
14.37
80385
	
1322
14.37
80386
	
1322
14.85
80410
	
1319
14.85
80411
	
1322
15.24
80435
	
1319
15.24
80436
	
1323
15.22
80461
	
1323
15.22
80462
	
1323
14.87
80486
	
1323
14.87
80487
	
1323
14.57
80634
	
1318
14.57
80635
	
1318
14.34
80659
	
1318
14.34
80660
	
1313
14.33
80684
	
1325
14.33
80685
	
1322
14.71
80709
	
1320
14.75
80734
	
1333
14.75
80735
	
1338
27.59
80759
	
1337
27.59
80760
	
1331
55.32
80907
	
1345
55.32
80909
	
1346
55.21
80932
	
1359
55.21
80933
	
1347
45.09
80958
	
1329
45.09
80959
	
1338
23.39
80983
	
1329
23.39
80984
	
1328
14.02
81008
	
1318
14.02
81009
	
1326
12.99
81156
	
1319
12.99
81157
	
1319
13.44
81181
	
1319
13.44
81182
	
1320
13.50
81206
	
1317
13.50
81207
	
1319
13.61
81231
	
1323
13.61
81232
	
1325
13.01
81256
	
1322
13.01
81257
	
1318
13.78
81404
	
1319
13.78
81405
	
1319
13.73
81430
	
1321
13.73
81431
	
1321
13.36
81455
	
1321
13.36
81456
	
1322
13.52
81480
	
1318
13.52
81481
	
1319
13.42
81505
	
1321
13.42
81506
	
1318
14.82
81653
	
1312
14.82
81654
	
1319
14.89
81678
	
1321
14.89
81679
	
1321
15.03
81703
	
1315
15.03
81704
	
1322
15.25
81728
	
1317
15.25
81729
	
1319
15.14
81754
	
1325
15.19
81779
	
1337
15.19
81780
	
1328
31.76
81804
	
1341
55.82
81949
	
1349
55.82
81951
	
1348
55.66
81974
	
1351
55.66
81975
	
1345
44.67
81999
	
1344
44.67
82000
	
1343
23.42
82024
	
1321
23.42
82025
	
1323
14.26
82049
	
1323
14.26
82050
	
1324
13.72
82197
	
1319
13.72
82198
	
1322
13.59
82222
	
1322
13.59
82223
	
1319
13.78
82247
	
1321
13.78
82248
	
1319
14.24
82273
	
1322
14.24
82274
	
1319
14.22
82298
	
1319
14.22
82299
	
1316
14.01
82446
	
1325
14.01
82447
	
1319
13.98
82471
	
1319
13.98
82472
	
1325
13.94
82496
	
1317
13.94
82497
	
1318
13.52
82521
	
1317
13.52
82522
	
1319
13.44
82546
	
1323
13.44
82547
	
1319
12.94
82694
	
1312
12.94
82695
	
1319
12.91
82719
	
1319
12.91
82720
	
1315
12.85
82744
	
1318
12.85
82745
	
1319
12.27
82770
	
1322
12.27
82771
	
1322
11.32
82795
	
1323
11.36
82820
	
1329
11.36
82821
	
1329
28.70
82845
	
1340
46.55
82990
	
1344
46.55
82991
	
1349
44.53
83015
	
1357
44.53
83016
	
1356
30.04
83040
	
1339
30.04
83041
	
1341
7.36
83065
	
1329
7.36
83066
	
1324
0.00
83091
	
1317
0.00
83092
	
1319
0.00
83116
	
1322
0.00
83240
	
1327
0.00
83264
	
1317
0.00
83265
	
1321
0.00
83289
	
1323
0.00
83290
	
1319
0.00
83314
	
1319
0.00
83315
	
1323
0.00
83339
	
1319
0.00
83340
	
1319
0.00
83364
	
1322
0.00
83365
	
1310
0.00
83389
	
1325
0.00
83513
	
1321
0.00
83537
	
1323
0.00
83538
	
1318
0.00
83562
	
1318
0.00
83563
	
1323
0.00
83588
	
1321
0.00
83589
	
1319
0.00
83613
	
1325
0.00
83614
	
1318
0.00
83638
	
1319
0.00
83639
	
1327
0.00
83663
	
1322
0.00
83787
	
1319
0.00
83811
	
1313
0.00
83812
	
1322
0.00
83836
	
1321
0.00
83861
	
1319
0.00
83862
	
1321
0.00
83886
	
1334
0.00
83887
	
1342
8.94
83911
	
1339
8.94
83912
	
1335
16.54
83937
	
1342
16.54
83938
	
1343
18.44
84084
	
1333
18.44
84085
	
1341
18.63
84110
	
1341
18.63
84111
	
1353
12.20
84135
	
1343
12.20
84136
	
1344
0.00
84160
	
1327
0.00
84161
	
1327
0.00
84185
	
1323
0.00
84186
	
1324
0.00
84210
	
1323
0.00
84334
	
1323
0.00
84358
	
1322
0.00
84359
	
1315
0.00
84383
	
1317
0.00
84384
	
1318
0.00
84408
	
1315
0.00
84409
	
1316
0.00
84434
	
1315
0.00
84435
	
1323
0.00
84459
	
1321
0.00
84460
	
1315
0.00
84484
	
1326
0.00
84608
	
1322
0.00
84632
	
1323
0.00
84633
	
1318
0.00
84657
	
1319
0.00
84658
	
1324
0.00
84682
	
1320
0.00
84683
	
1322
0.00
84707
	
1317
0.00
84708
	
1310
0.00
84732
	
1319
0.00
84733
	
1321
0.00
84758
	
1318
0.00
84882
	
1323
0.00
84905
	
