=~=~=~=~=~=~=~=~=~=~=~= PuTTY log 2024.12.02 12:47:02 =~=~=~=~=~=~=~=~=~=~=~=
1328
0.00
19913
	
1327
0.00
19916
	
1328
0.00
19918
	
1330
0.00
19919
	
1328
0.00
19921
	
1330
0.00
19923
	
1329
0.79
19947
	
1373
0.79
20071
	
1421
135.27
20095
	
1413
135.27
20096
	
1419
134.71
20120
	
1409
134.71
20121
	
1418
134.00
20145
	
1447
134.00
20146
	
1459
93.10
20170
	
1387
93.10
20171
	
1393
24.51
20196
	
1343
24.51
20197
	
1328
0.00
20343
	
1326
0.00
20344
	
1327
0.00
20369
	
1325
0.00
20370
	
1328
0.00
20394
	
1327
0.00
20395
	
1318
0.00
20419
	
1326
0.00
20420
	
1327
0.00
20444
	
1323
0.00
20445
	
1328
0.00
20469
	
1327
0.00
20593
	
1328
0.00
20617
	
1328
0.00
20618
	
1330
0.00
20642
	
1327
0.00
20643
	
1328
0.00
20667
	
1327
0.00
20668
	
1328
0.00
20693
	
1318
0.00
20694
	
1327
0.00
20718
	
1329
0.00
20719
	
1328
0.00
20743
	
1325
0.00
20867
	
1327
0.00
20891
	
1328
0.00
20892
	
1327
0.00
20916
	
1327
0.00
20917
	
1327
0.00
20941
	
1326
0.00
20966
	
1363
0.00
20967
	
1365
30.75
20992
	
1383
30.75
20993
	
1384
92.43
21017
	
1408
92.43
21018
	
1402
124.01
21042
	
1408
127.05
21190
	
1417
127.05
21191
	
1412
126.55
21215
	
1418
126.55
21216
	
1419
110.80
21240
	
1398
110.80
21241
	
1407
40.58
21265
	
1356
40.58
21266
	
1349
0.00
21290
	
1332
0.00
21291
	
1328
0.00
21438
	
1327
0.00
21439
	
1321
0.00
21463
	
1328
0.00
21464
	
1325
0.00
21489
	
1327
0.00
21490
	
1328
0.00
21514
	
1328
0.00
21515
	
1328
0.00
21539
	
1327
0.00
21540
	
1328
0.00
21564
	
1327
0.00
21565
	
1327
0.00
21712
	
1328
0.00
21713
	
1328
0.00
21737
	
1323
0.00
21738
	
1328
0.00
21762
	
1328
0.00
21763
	
1325
0.00
21788
	
1328
0.00
21789
	
1328
0.00
21813
	
1327
0.00
21814
	
1327
0.00
21838
	
1328
0.00
21839
	
1323
0.00
21986
	
1326
0.00
21987
	
1327
0.00
22014
	
1331
0.00
22015
	
1340
0.00
22039
	
1388
0.00
22040
	
1387
60.91
22064
	
1405
60.91
22065
	
1393
106.41
22090
	
1414
106.41
22091
	
1419
123.82
22115
	
1407
123.82
22239
	
1409
122.94
22263
	
1410
122.94
22265
	
1413
121.00
22288
	
1430
121.00
22289
	
1439
72.33
22313
	
1387
72.33
22314
	
1375
9.54
22338
	
1342
9.54
22339
	
1344
0.00
22363
	
1328
0.00
22364
	
1327
0.00
22511
	
1323
0.00
22512
	
1327
0.00
22536
	
1327
0.00
22537
	
1325
0.00
22562
	
1321
0.00
22563
	
1326
0.00
22587
	
1319
0.00
22588
	
1328
0.00
22612
	
1326
0.00
22613
	
1328
0.00
22637
	
1327
0.00
22638
	
1327
0.00
22785
	
1326
0.00
22786
	
1328
0.00
22810
	
1325
0.00
22811
	
1328
0.00
22835
	
1328
0.00
22836
	
1324
0.00
22860
	
1328
0.00
22861
	
1327
0.00
22886
	
1327
0.00
22887
	
1328
0.00
22911
	
1319
0.00
22912
	
1328
0.00
23059
	
1327
0.00
23060
	
1328
0.00
23087
	
1375
0.00
23088
	
1360
28.51
23112
	
1382
28.51
23113
	
1394
89.04
23137
	
1402
89.04
23138
	
1405
122.08
23162
	
1404
122.08
23163
	
1412
124.94
23310
	
1413
124.94
23311
	
1415
124.53
23335
	
1415
124.53
23336
	
1424
107.07
23361
	
1407
107.07
23362
	
1405
34.84
23386
	
1349
34.84
23387
	
1345
0.00
23411
	
1331
0.00
23412
	
1328
0.00
23559
	
1328
0.00
23560
	
1326
0.00
23584
	
1327
0.00
23585
	
1328
0.00
23609
	
1328
0.00
23610
	
1328
0.00
23634
	
1328
0.00
23635
	
1328
0.00
23659
	
1327
0.00
23660
	
1326
0.00
23685
	
1326
0.00
23686
	
1326
0.00
23832
	
1328
0.00
23833
	
1326
0.00
23858
	
1327
0.00
23859
	
1326
0.00
23883
	
1328
0.00
23884
	
1328
0.00
23908
	
1328
0.00
23909
	
1328
0.00
23933
	
1328
0.00
23934
	
1325
0.00
23958
	
1328
0.00
23959
	
1325
0.00
24106
	
1324
0.00
24107
	
1319
0.00
24131
	
1330
0.00
24132
	
1328
0.00
24156
	
1381
0.00
24157
	
1370
51.02
24182
	
1392
51.02
24183
	
1397
100.29
24207
	
1409
100.29
24208
	
1410
119.57
24232
	
1408
116.32
24377
	
1411
116.32
24378
	
1419
115.24
24402
	
1439
115.24
24403
	
1437
82.63
24427
	
1395
82.63
24428
	
1396
14.22
24452
	
1344
14.22
24453
	
1339
0.00
24477
	
1330
0.00
24478
	
1331
0.00
24625
	
1329
0.00
24626
	
1328
0.00
24650
	
1327
0.00
24651
	
1328
0.00
24675
	
1328
0.00
24676
	
1328
0.00
24701
	
1330
0.00
24702
	
1329
0.00
24726
	
1328
0.00
24727
	
1328
0.00
24751
	
1328
0.00
24752
	
1321
0.00
24899
	
1312
0.00
24900
	
1328
0.00
24924
	
1328
0.00
24925
	
1327
0.00
24949
	
1328
0.00
24950
	
1328
0.00
24974
	
1328
0.00
24975
	
1327
0.00
24999
	
1327
0.00
25000
	
1328
0.00
25025
	
1328
0.00
25026
	
1313
0.00
25172
	
1326
0.00
25173
	
1324
0.00
25198
	
1344
0.00
25199
	
1367
0.00
25223
	
1375
0.00
25224
	
1382
60.01
25248
	
1397
60.01
25249
	
1399
100.52
25273
	
1415
100.52
25274
	
1411
114.00
25298
	
1417
110.85
25443
	
1410
110.85
25444
	
1415
108.98
25468
	
1453
108.98
25469
	
1450
58.15
25493
	
1382
58.15
25494
	
1366
0.00
25518
	
1341
0.00
25519
	
1345
0.00
25544
	
1316
0.00
25545
	
1324
0.00
25691
	
1327
0.00
25692
	
1327
0.00
25717
	
1330
0.00
25718
	
1322
0.00
25742
	
1328
0.00
25743
	
1326
0.00
25767
	
1328
0.00
25768
	
1328
0.00
25792
	
1328
0.00
25793
	
1327
0.00
25817
	
1327
0.00
25818
	
1321
0.00
25965
	
1322
0.00
25966
	
1323
0.00
25990
	
1327
0.00
25991
	
1328
0.00
26015
	
1327
0.00
26016
	
1330
0.00
26041
	
1329
0.00
26042
	
1325
0.00
26066
	
1326
0.00
26067
	
1326
0.00
26091
	
1327
0.00
26092
	
1325
0.00
26239
	
1325
0.00
26240
	
1328
0.00
26267
	
1367
0.00
26268
	
1363
21.31
26292
	
1389
21.31
26293
	
1383
78.95
26317
	
1406
78.95
26318
	
1402
109.70
26343
	
1410
109.70
26344
	
1410
116.81
26368
	
1414
116.81
26492
	
1406
113.06
26516
	
1409
113.06
26518
	
1415
112.71
26541
	
1424
112.71
26542
	
1433
82.90
26566
	
1402
82.90
26567
	
1392
14.03
26591
	
1355
14.03
26592
	
1345
0.00
26616
	
1328
0.00
26740
	
1326
0.00
26764
	
1326
0.00
26765
	
1325
0.00
26789
	
1330
0.00
26790
	
1328
0.00
26814
	
1313
0.00
26815
	
1323
0.00
26840
	
1323
0.00
26841
	
1330
0.00
26865
	
1326
0.00
26866
	
1329
0.00
26890
	
1322
0.00
27014
	
1328
0.00
27038
	
1328
0.00
27039
	
1330
0.00
27063
	
1327
0.00
27064
	
1327
0.00
27088
	
1327
0.00
27089
	
1325
0.00
27113
	
1323
0.00
27114
	
1319
0.00
27138
	
1322
0.00
27139
	
1328
0.00
27164
	
1328
0.00
27288
	
1327
0.00
27311
	
1327
0.00
27312
	
1318
0.00
27337
	
1351
0.00
27338
	
1345
0.00
27362
	
1374
0.00
27363
	
1389
49.34
27387
	
1397
49.34
27388
	
1398
92.83
27412
	
1408
92.83
27413
	
1411
102.64
27560
	
1411
102.64
27561
	
1411
102.62
27585
	
1441
102.62
27586
	
1443
61.62
27610
	
1382
61.62
27611
	
1391
0.00
27635
	
1345
0.00
27636
	
1337
0.00
27661
	
1328
0.00
27662
	
1328
0.00
27808
	
1328
0.00
27809
	
1317
0.00
27834
	
1319
0.00
27835
	
1328
0.00
27859
	
1328
0.00
27860
	
1328
0.00
27884
	
1321
0.00
27885
	
1328
0.00
27909
	
1328
0.00
27910
	
1328
0.00
27934
	
1330
0.00
27935
	
1328
0.00
28082
	
1328
0.00
28083
	
1319
0.00
28107
	
1327
0.00
28108
	
1327
0.00
28132
	
1321
0.00
28133
	
1322
0.00
28158
	
1328
0.00
28159
	
1327
0.00
28183
	
1329
0.00
28184
	
1322
0.00
28208
	
1327
0.00
28209
	
1329
0.00
28356
	
1325
0.00
28357
	
1317
0.00
28384
	
1360
0.00
28385
	
1363
5.56
28409
	
1375
5.56
28410
	
1383
64.45
28434
	
1402
64.45
28435
	
1397
97.28
28460
	
1408
97.28
28461
	
1413
106.43
28485
	
1415
106.43
28609
	
1413
102.50
28633
	
1414
102.50
28635
	
1408
101.83
28658
	
1420
101.83
28659
	
1435
79.33
28683
	
1408
79.33
28684
	
1392
10.02
28708
	
1344
10.02
28709
	
1354
0.00
28733
	
1328
0.00
28734
	
1327
0.00
28881
	
1328
0.00
28882
	
1328
0.00
28906
	
1330
0.00
28907
	
1327
0.00
28931
	
1328
0.00
28932
	
1327
0.00
28957
	
1327
0.00
28958
	
1328
0.00
28982
	
1310
0.00
28983
	
1325
0.00
29007
	
1328
0.00
29008
	
1328
0.00
29155
	
1328
0.00
29156
	
1328
0.00
29180
	
1327
0.00
29181
	
1328
0.00
29205
	
1328
0.00
29206
	
1326
0.00
29230
	
1328
0.00
29231
	
1327
0.00
29255
	
1327
0.00
29256
	
1323
0.00
29281
	
1317
0.00
29282
	
1329
0.00
29428
	
1326
0.00
29429
	
1330
0.00
29454
	
1345
0.00
29455
	
1339
0.00
29479
	
1375
0.00
29480
	
1379
41.59
29504
	
1399
41.59
29505
	
1393
87.07
29529
	
1412
87.07
29530
	
1415
103.88
29554
	
1415
104.52
29699
	
1414
104.52
29700
	
1408
104.46
29724
	
1426
104.46
29725
	
1442
66.63
29749
	
1392
66.63
29750
	
1390
1.13
29774
	
1335
1.13
29775
	
1346
0.00
29800
	
1330
0.00
29801
	
1329
0.00
29947
	
1327
0.00
29948
	
1328
0.00
29973
	
1327
0.00
29974
	
1327
0.00
29998
	
1325
0.00
29999
	
1326
0.00
30023
	
1330
0.00
30024
	
1328
0.00
30048
	
1322
0.00
30049
	
1328
0.00
30073
	
1328
0.00
30074
	
1329
0.00
30221
	
1327
0.00
30222
	
1331
0.00
30246
	
1328
0.00
30247
	
1327
0.00
30272
	
1328
0.00
30273
	
1327
0.00
30297
	
1327
0.00
30298
	
1322
0.00
30322
	
1329
0.00
30323
	
1319
0.00
30347
	
1319
0.00
30348
	
1327
0.00
30495
	
1328
0.00
30496
	
1328
0.00
30523
	
1367
0.00
30524
	
1355
3.10
30548
	
1392
3.10
30549
	
1392
61.92
30574
	
1397
61.92
30575
	
1414
96.42
30599
	
1410
96.42
30600
	
1404
107.79
30624
	
1409
107.79
30748
	
1410
106.33
30772
	
1411
106.33
30774
	
1418
106.46
30797
	
1424
106.46
30798
	
1426
86.47
30822
	
1423
86.47
30823
	
1405
16.78
30847
	
1348
16.78
30848
	
1348
0.00
30872
	
1328
0.00
30873
	
1326
0.00
31020
	
1322
0.00
31021
	
1326
0.00
31046
	
1328
0.00
31047
	
1329
0.00
31071
	
1328
0.00
31072
	
1328
0.00
31096
	
1327
0.00
31097
	
1328
0.00
31121
	
1325
0.00
31122
	
1328
0.00
31146
	
1327
0.00
31147
	
1319
0.00
31294
	
1313
0.00
31295
	
1327
0.00
31319
	
1325
0.00
31320
	
1328
0.00
31344
	
1322
0.00
31345
	
1327
0.00
31370
	
1328
0.00
31371
	
1326
0.00
31395
	
1328
0.00
31396
	
1328
0.00
31420
	
1328
0.00
31421
	
1327
0.00
31568
	
1328
0.00
31569
	
1318
0.00
31596
	
1342
0.00
31597
	
1350
0.00
31621
	
1373
0.00
31622
	
1378
54.36
31646
	
1395
54.36
31647
	
1406
97.76
31672
	
1411
97.76
31673
	
1411
114.00
31697
	
1415
114.00
31821
	
1414
111.05
31845
	
1410
111.05
31846
	
1399
107.47
31870
	
1434
107.47
31871
	
1446
51.29
31895
	
1360
51.29
31896
	
1372
0.00
31920
	
1344
0.00
31921
	
1342
0.00
31945
	
1330
0.00
31946
	
1327
0.00
32093
	
1328
0.00
32094
	
1328
0.00
32118
	
1328
0.00
32119
	
1325
0.00
32144
	
1318
0.00
32145
	
1323
0.00
32169
	
1326
0.00
32170
	
1328
0.00
32194
	
1319
0.00
32195
	
1327
0.00
32219
	
1327
0.00
32220
	
1328
0.00
32367
	
1328
0.00
32368
	
1322
0.00
32392
	
1327
0.00
32393
	
1326
0.00
32417
	
1328
0.00
32418
	
1328
0.00
32442
	
1327
0.00
32443
	
1311
0.00
32468
	
1327
0.00
32469
	
1314
0.00
32493
	
1319
0.00
32494
	
1327
0.00
32641
	
1327
0.00
32642
	
1327
0.00
32669
	
1386
0.00
32670
	
1383
24.24
32694
	
1392
24.24
32695
	
1390
80.35
32719
	
1400
80.35
32720
	
1402
108.19
32744
	
1414
108.19
32745
	
1417
110.36
32892
	
1413
110.36
32893
	
1413
109.78
32918
	
1422
109.78
32919
	
1433
87.00
32943
	
1398
87.00
32944
	
1403
15.66
32968
	
1349
15.66
32969
	
1353
0.00
32993
	
1332
0.00
32994
	
1327
0.00
33141
	
1328
0.00
33142
	
1327
0.00
33166
	
1324
0.00
33167
	
1328
0.00
33191
	
1325
0.00
33192
	
1326
0.00
33216
	
1329
0.00
33217
	
1329
0.00
33242
	
1325
0.00
33243
	
1330
0.00
33267
	
1328
0.00
33268
	
1328
0.00
33415
	
1328
0.00
33416
	
1321
0.00
33440
	
1327
0.00
33441
	
1327
0.00
33465
	
1327
0.00
33466
	
1323
0.00
33490
	
1327
0.00
33491
	
1328
0.00
33515
	
1326
0.00
33516
	
1327
0.00
33540
	
1328
0.00
33541
	
1328
0.00
33688
	
1327
0.00
33689
	
1329
0.00
33713
	
1327
0.00
33714
	
1331
0.00
33739
	
1375
0.00
33740
	
1381
48.07
33764
	
1397
48.07
33765
	
1393
93.49
33789
	
1420
93.49
33790
	
1423
111.23
33814
	
1409
111.23
33938
	
1412
110.76
33962
	
1412
110.76
33964
	
1415
109.86
33987
	
1431
109.86
33988
	
1426
61.71
34012
	
1382
61.71
34013
	
1371
0.00
34037
	
1343
0.00
34038
	
1335
0.00
34063
	
1328
0.00
34064
	
1326
0.00
34210
	
1327
0.00
34211
	
1326
0.00
34236
	
1327
0.00
34237
	
1327
0.00
34261
	
1327
0.00
34262
	
1327
0.00
34286
	
1328
0.00
34287
	
1323
0.00
34311
	
1326
0.00
34312
	
1317
0.00
34336
	
1319
0.00
34337
	
1327
0.00
34484
	
1327
0.00
34485
	
1328
0.00
34509
	
1328
0.00
34510
	
1325
0.00
34534
	
1327
0.00
34535
	
1328
0.00
34560
	
1327
0.00
34561
	
1323
0.00
34585
	
1327
0.00
34586
	
1328
0.00
34610
	
1327
0.00
34734
	
1318
0.00
34758
	
1324
0.00
34759
	
1326
0.00
34786
	
1377
0.00
34787
	
1360
15.02
34811
	
1401
15.02
34812
	
1395
73.34
34836
	
1405
73.34
34837
	
1404
103.60
34862
	
1414
103.60
34863
	
1409
109.63
35009
	
1407
109.63
35010
	
1413
109.18
35035
	
1414
109.18
35036
	
1419
93.22
35060
	
1408
93.22
35061
	
1399
21.90
35085
	
1350
21.90
35086
	
1345
0.00
35110
	
1331
0.00
35111
	
1329
0.00
35258
	
1322
0.00
35259
	
1322
0.00
35283
	
1325
0.00
35284
	
1325
0.00
35308
	
1322
0.00
35309
	
1328
0.00
35334
	
1326
0.00
35335
	
1328
0.00
35359
	
1328
0.00
35360
	
1327
0.00
35384
	
1328
0.00
35385
	
1329
0.00
35532
	
1328
0.00
35533
	
1329
0.00
35557
	
1328
0.00
35558
	
1328
0.00
35582
	
1324
0.00
35583
	
1309
0.00
35607
	
1327
0.00
35608
	
1327
0.00
35632
	
1319
0.00
35633
	
1328
0.00
35658
	
1328
0.00
35659
	
1327
0.00
35805
	
1328
0.00
35806
	
1326
0.00
35831
	
1328
0.00
35832
	
1340
0.00
35856
	
1371
0.00
35857
	
1367
2.24
35881
	
1390
2.24
35882
	
1406
36.48
35906
	
1409
36.48
35907
	
1403
46.87
35931
	
1412
46.87
36055
	
1411
50.44
36079
	
1409
50.44
36081
	
1412
47.66
36104
	
1438
47.66
36105
	
1431
10.41
36129
	
1387
10.41
36130
	
1387
0.00
36155
	
1346
0.00
36156
	
1338
0.00
36180
	
1331
0.00
36181
	
1329
0.00
36328
	
1328
0.00
36329
	
1328
0.00
36353
	
1327
0.00
36354
	
1328
0.00
36378
	
1327
0.00
36379
	
1328
0.00
36403
	
