=~=~=~=~=~=~=~=~=~=~=~= PuTTY log 2024.12.01 14:07:46 =~=~=~=~=~=~=~=~=~=~=~=
1328
0.00
235234
	
1327
0.00
235258
	
1327
0.00
235259
	
1323
0.00
235283
	
1325
0.00
235284
	
1326
0.00
235308
	
1328
0.00
235309
	
1331
0.00
235456
	
1326
0.00
235457
	
1326
0.00
235481
	
1326
0.00
235482
	
1326
0.00
235506
	
1325
0.00
235507
	
1328
0.00
235531
	
1328
0.00
235532
	
1325
0.00
235556
	
1328
0.00
235557
	
1325
0.00
235704
	
1328
0.00
235705
	
1328
0.00
235729
	
1326
0.00
235730
	
1327
0.00
235755
	
1326
0.00
235756
	
1327
0.00
235780
	
1327
0.00
235781
	
1327
0.00
235805
	
1326
0.00
235830
	
1357
0.00
235831
	
1364
16.26
235855
	
1389
69.10
236000
	
1420
69.10
236001
	
1419
68.52
236025
	
1413
68.52
236026
	
1407
57.92
236050
	
1422
57.92
236051
	
1421
16.79
236075
	
1363
16.79
236076
	
1360
0.27
236101
	
1342
0.27
236102
	
1332
0.00
236248
	
1327
0.00
236249
	
1328
0.00
236273
	
1328
0.00
236274
	
1328
0.00
236299
	
1328
0.00
236300
	
1328
0.00
236324
	
1327
0.00
236325
	
1327
0.00
236349
	
1326
0.00
236350
	
1327
0.00
236497
	
1326
0.00
236498
	
1326
0.00
236522
	
1328
0.00
236523
	
1328
0.00
236547
	
1328
0.00
236548
	
1326
0.00
236572
	
1327
0.00
236573
	
1323
0.00
236597
	
1327
0.00
236598
	
1327
0.00
236745
	
1329
0.00
236746
	
1328
0.00
236770
	
1314
0.00
236771
	
1321
0.00
236796
	
1326
0.00
236797
	
1329
0.00
236821
	
1325
0.00
236822
	
1322
0.00
236846
	
1328
0.00
236871
	
1373
0.00
236872
	
1375
18.26
236896
	
1389
69.27
237041
	
1423
69.27
237042
	
1424
68.75
237066
	
1419
68.75
237067
	
1423
56.15
237091
	
1424
56.15
237092
	
1409
15.17
237116
	
1358
15.17
237117
	
1346
0.00
237141
	
1339
0.00
237142
	
1333
0.00
237289
	
1328
0.00
237290
	
1327
0.00
237314
	
1328
0.00
237315
	
1327
0.00
237340
	
1327
0.00
237341
	
1329
0.00
237365
	
1325
0.00
237366
	
1327
0.00
237390
	
1330
0.00
237391
	
1328
0.00
237538
	
1328
0.00
237539
	
1327
0.00
237563
	
1326
0.00
237564
	
1328
0.00
237588
	
1327
0.00
237589
	
1330
0.00
237613
	
1328
0.00
237614
	
1325
0.00
237638
	
1327
0.00
237639
	
1325
0.00
237786
	
1323
0.00
237787
	
1328
0.00
237811
	
1325
0.00
237812
	
1325
0.00
237837
	
1326
0.00
237838
	
1327
0.00
237862
	
1323
0.00
237863
	
1323
0.00
237887
	
1328
0.00
237912
	
1383
0.00
237913
	
1369
19.72
237937
	
1392
69.41
238082
	
1423
69.41
238083
	
1424
68.79
238107
	
1419
68.79
238108
	
1430
54.76
238132
	
1418
54.76
238133
	
1412
14.13
238157
	
1357
14.13
238158
	
1354
0.00
238182
	
1337
0.00
238183
	
1329
0.00
238330
	
1331
0.00
238331
	
1328
0.00
238355
	
1328
0.00
238356
	
1327
0.00
238381
	
1326
0.00
238382
	
1325
0.00
238406
	
1327
0.00
238407
	
1328
0.00
238431
	
1330
0.00
238432
	
1332
0.00
238579
	
1331
0.00
238580
	
1326
0.00
238604
	
1319
0.00
238605
	
1310
0.00
238629
	
1325
0.00
238630
	
1328
0.00
238654
	
1313
0.00
238655
	
1328
0.00
238679
	
1324
0.00
238680
	
1325
0.00
238827
	
1326
0.00
238828
	
1328
0.00
238852
	
1328
0.00
238853
	
1327
0.00
238877
	
1327
0.00
238878
	
1324
0.00
238903
	
1322
0.00
238904
	
1323
0.00
238928
	
1319
0.00
238953
	
1387
0.00
238954
	
1363
21.30
238978
	
1392
69.13
239123
	
1413
69.13
239124
	
1413
68.85
239148
	
1442
68.85
239149
	
1445
52.84
239173
	
1426
52.84
239174
	
1423
12.72
239198
	
1358
12.72
239199
	
1361
0.00
239223
	
1334
0.00
239224
	
1325
0.00
239371
	
1323
0.00
239372
	
1328
0.00
239396
	
1330
0.00
239397
	
1333
0.00
239422
	
1325
0.00
239423
	
1325
0.00
239447
	
1325
0.00
239448
	
1327
0.00
239472
	
1324
0.00
239473
	
1325
0.00
239620
	
1326
0.00
239621
	
1327
0.00
239645
	
1327
0.00
239646
	
1316
0.00
239670
	
1327
0.00
239671
	
1325
0.00
239695
	
1325
0.00
239696
	
1327
0.00
239720
	
1323
0.00
239721
	
1327
0.00
239868
	
1327
0.00
239869
	
1325
0.00
239893
	
1326
0.00
239894
	
1328
0.00
239918
	
1323
0.00
239919
	
1327
0.00
239944
	
1323
0.00
239945
	
1319
0.00
239969
	
1328
0.00
239994
	
1392
0.00
239995
	
1403
22.59
240019
	
1386
69.19
240164
	
1415
69.19
240165
	
1415
68.97
240189
	
1427
68.97
240190
	
1443
51.72
240214
	
1401
51.72
240215
	
1419
12.22
240239
	
1347
12.22
240240
	
1350
0.00
240264
	
1334
0.00
240265
	
1325
0.00
240412
	
1328
0.00
240413
	
1314
0.00
240437
	
1322
0.00
240438
	
1327
0.00
240463
	
1314
0.00
240464
	
1327
0.00
240488
	
1328
0.00
240489
	
1328
0.00
240513
	
1328
0.00
240514
	
1327
0.00
240661
	
1322
0.00
240662
	
1328
0.00
240686
	
1327
0.00
240687
	
1329
0.00
240711
	
1327
0.00
240712
	
1325
0.00
240736
	
1327
0.00
240737
	
1325
0.00
240761
	
1313
0.00
240762
	
1316
0.00
240909
	
1325
0.00
240910
	
1323
0.00
240934
	
1327
0.00
240935
	
1325
0.00
240959
	
1326
0.00
240960
	
1326
0.00
240985
	
1328
0.00
240986
	
1325
0.00
241010
	
1327
0.00
241035
	
1390
0.00
241036
	
1388
25.01
241060
	
1390
69.11
241205
	
1407
69.11
241206
	
1409
68.66
241230
	
1430
68.66
241231
	
1443
49.69
241255
	
1404
49.69
241256
	
1405
11.21
241280
	
1351
11.21
241281
	
1353
0.00
241305
	
1329
0.00
241306
	
1326
0.00
241453
	
1327
0.00
241454
	
1325
0.00
241478
	
1328
0.00
241479
	
1323
0.00
241504
	
1317
0.00
241505
	
1327
0.00
241529
	
1326
0.00
241530
	
1327
0.00
241554
	
1319
0.00
241555
	
1325
0.00
241702
	
1328
0.00
241703
	
1326
0.00
241727
	
1328
0.00
241728
	
1328
0.00
241752
	
1328
0.00
241753
	
1329
0.00
241777
	
1328
0.00
241778
	
1327
0.00
241802
	
1327
0.00
241803
	
1322
0.00
241950
	
1325
0.00
241951
	
1325
0.00
241975
	
1329
0.00
241976
	
1328
0.00
242000
	
1328
0.00
242001
	
1329
0.00
242026
	
1323
0.00
242027
	
1325
0.00
242051
	
1326
0.00
242076
	
1366
0.00
242077
	
1386
26.44
242101
	
1391
68.80
242246
	
1419
68.80
242247
	
1418
68.61
242271
	
1427
68.61
242272
	
1430
48.22
242296
	
1399
48.22
242297
	
1394
10.39
242321
	
1353
10.39
242322
	
1354
0.00
242346
	
1339
0.00
242347
	
1328
0.00
242494
	
1327
0.00
242495
	
1327
0.00
242519
	
1327
0.00
242520
	
1328
0.00
242545
	
1328
0.00
242546
	
1329
0.00
242570
	
1326
0.00
242571
	
1328
0.00
242595
	
1327
0.00
242596
	
1325
0.00
242743
	
1331
0.00
242744
	
1329
0.00
242768
	
1327
0.00
242769
	
1325
0.00
242793
	
1328
0.00
242794
	
1328
0.00
242818
	
1329
0.00
242819
	
1328
0.00
242843
	
1326
0.00
242844
	
1330
0.00
242991
	
1325
0.00
242992
	
1328
0.00
243016
	
1314
0.00
243017
	
1328
0.00
243041
	
1327
0.00
243042
	
1327
0.00
243067
	
1329
0.00
243068
	
1328
0.00
243092
	
1327
0.00
243117
	
1413
0.00
243118
	
1393
28.46
243142
	
1383
68.99
243287
	
1414
68.99
243288
	
1413
68.51
243312
	
1459
68.51
243313
	
1446
45.66
243337
	
1414
45.66
243338
	
1394
9.15
243362
	
1335
9.15
243363
	
1360
0.00
243387
	
1331
0.00
243388
	
1326
0.00
243535
	
1327
0.00
243536
	
1326
0.00
243560
	
1328
0.00
243561
	
1327
0.00
243585
	
1323
0.00
243586
	
1325
0.00
243611
	
1328
0.00
243612
	
1327
0.00
243636
	
1325
0.00
243637
	
1321
0.00
243784
	
1328
0.00
243785
	
1328
0.00
243809
	
1328
0.00
243810
	
1323
0.00
243834
	
1328
0.00
243835
	
1328
0.00
243859
	
1328
0.00
243860
	
1329
0.00
243884
	
1325
0.00
243885
	
1327
0.00
244032
	
1329
0.00
244033
	
1329
0.00
244057
	
1325
0.00
244058
	
1323
0.00
244082
	
1326
0.00
244083
	
1317
0.00
244108
	
1328
0.00
244109
	
1328
0.00
244133
	
1323
0.00
244158
	
1375
0.00
244159
	
1386
30.76
244183
	
1392
69.25
244328
	
1414
69.25
244329
	
1414
68.78
244353
	
1457
68.78
244354
	
1437
44.77
244378
	
1411
44.77
244379
	
1391
9.04
244403
	
1351
9.04
244404
	
1343
0.00
244428
	
1337
0.00
244429
	
1328
0.00
244576
	
1328
0.00
244577
	
1327
0.00
244601
	
1328
0.00
244602
	
1327
0.00
244626
	
1327
0.00
244627
	
1325
0.00
244652
	
1327
0.00
244653
	
1325
0.00
244677
	
1327
0.00
244678
	
1326
0.00
244825
	
1327
0.00
244826
	
1325
0.00
244850
	
1305
0.00
244851
	
1328
0.00
244875
	
1326
0.00
244876
	
1328
0.00
244900
	
1325
0.00
244901
	
1325
0.00
244925
	
1326
0.00
244926
	
1323
0.00
245073
	
1328
0.00
245074
	
1329
0.00
245098
	
1327
0.00
245099
	
1326
0.00
245123
	
1322
0.00
245124
	
1325
0.00
245148
	
1326
0.00
245149
	
1321
0.00
245174
	
1325
0.00
245199
	
1385
0.00
245200
	
1399
31.36
245224
	
1399
68.76
245369
	
1411
68.76
245370
	
1415
67.85
245394
	
1435
67.85
245395
	
1443
42.97
245419
	
1395
