=~=~=~=~=~=~=~=~=~=~=~= PuTTY log 2024.11.29 13:17:18 =~=~=~=~=~=~=~=~=~=~=~=
336
14025.11
	
211
14051.76
	
244
14051.76
	
140
14069.53
	
266
14069.53
	
190
14076.84
	
430
14076.84
	
204
14081.43
	
295
14081.43
	
170
14083.85
	
202
14083.85
	
121
14155.56
	
359
14155.56
	
262
14154.76
	
320
14154.76
	
194
14154.37
	
257
14154.37
	
128
14153.97
	
230
14153.97
	
165
14153.87
	
311
14153.87
	
218
14153.26
	
311
14153.26
	
187
14152.87
	
215
14152.87
	
111
14152.32
	
223
14152.32
	
161
14152.46
	
418
14152.46
	
203
14152.01
	
326
14152.01
	
582
14195.67
	
257
14195.67
	
170
14244.61
	
275
14244.61
	
352
14266.60
	
339
14266.60
	
220
14264.25
	
269
14264.25
	
121
14279.00
	
193
14279.00
	
135
14289.50
	
293
14289.50
	
209
14273.49
	
309
14273.49
	
190
14250.09
	
238
14250.09
	
97
14265.64
	
187
14265.64
	
128
14283.14
	
297
14283.14
	
855
14390.52
	
379
14390.52
	
223
14423.72
	
219
14423.72
	
112
14513.85
	
210
14513.85
	
149
14479.50
	
333
14479.50
	
231
14387.70
	
298
14387.70
	
158
14348.29
	
187
14348.29
	
100
14357.12
	
235
14357.12
	
179
14368.91
	
336
14368.91
	
229
14378.74
	
295
14378.74
	
157
14386.43
	
185
14386.43
	
107
14396.37
	
246
14396.37
	
864
14401.18
	
368
14401.18
	
228
14408.51
	
210
14408.51
	
101
14406.38
	
209
14406.38
	
154
14401.86
	
304
14401.86
	
225
14409.08
	
334
14409.08
	
199
14427.51
	
223
14427.51
	
104
14452.71
	
228
14452.71
	
173
14466.09
	
309
14466.09
	
213
14469.50
	
308
14469.50
	
174
14464.56
	
207
14464.56
	
737
14449.46
	
455
14449.46
	
256
14448.43
	
336
14448.43
	
205
14445.93
	
242
14445.93
	
103
14445.90
	
186
14445.90
	
133
14442.75
	
302
14442.75
	
231
14438.59
	
337
14438.59
	
205
14435.56
	
214
14435.56
	
95
14432.04
	
197
14432.04
	
145
14420.15
	
301
14420.15
	
225
14411.38
	
320
14411.38
	
738
14433.49
	
260
14535.87
	
265
14535.87
	
332
14644.90
	
343
14644.90
	
234
14559.96
	
283
14559.96
	
130
14422.87
	
202
14422.87
	
119
14383.19
	
245
14383.19
	
176
14391.70
	
322
14391.70
	
211
14408.62
	
274
14408.62
	
125
14419.38
	
177
14419.38
	
102
14417.81
	
417
14417.81
	
220
14416.93
	
327
14416.93
	
576
14433.54
	
246
14433.54
	
141
14443.38
	
256
14443.38
	
319
14452.97
	
338
14452.97
	
238
14459.30
	
295
14459.30
	
159
14457.19
	
187
14457.19
	
94
14454.59
	
224
14454.59
	
299
14447.74
	
325
14447.74
	
224
14442.25
	
272
14442.25
	
128
14438.16
	
176
14438.16
	
95
14437.99
	
235
14437.99
	
854
14457.94
	
368
14457.94
	
229
14459.03
	
217
14459.03
	
98
14458.72
	
203
14458.72
	
145
14458.00
	
289
14458.00
	
222
14456.52
	
329
14456.52
	
189
14457.42
	
191
14457.42
	
95
14459.23
	
208
14459.23
	
283
14462.54
	
305
14462.54
	
215
14465.36
	
297
14465.36
	
165
14463.69
	
181
14463.69
	
726
14480.55
	
320
14513.47
	
367
14513.47
	
250
14719.07
	
289
14719.07
	
129
14729.80
	
192
14729.80
	
129
14595.71
	
272
14595.71
	
219
14458.58
	
326
14458.58
	
204
14435.42
	
255
14435.42
	
107
14438.27
	
180
14438.27
	
118
14438.69
	
258
14438.69
	
208
14440.82
	
329
14440.82
	
194
14448.46
	
240
14448.46
	
391
14459.09
	
409
14459.09
	
213
14460.81
	
329
14460.81
	
226
14470.82
	
281
14470.82
	
129
14483.42
	
179
14483.42
	
96
14488.72
	
357
14488.72
	
170
14485.97
	
320
14485.97
	
219
14480.04
	
258
14480.04
	
107
14478.45
	
192
14478.45
	
119
14483.04
	
247
14483.04
	
199
14487.71
	
319
14487.71
	
547
14525.89
	
243
14525.89
	
135
14537.05
	
241
14537.05
	
159
14536.47
	
336
14536.47
	
241
14528.10
	
303
14528.10
	
171
14520.18
	
187
14520.18
	
90
14510.16
	
346
14510.16
	
158
14505.02
	
320
14505.02
	
217
14511.19
	
285
14511.19
	
144
14519.18
	
176
14519.18
	
90
14527.70
	
341
14527.70
	
833
14544.73
	
368
14583.69
	
275
14583.69
	
118
14780.67
	
175
14780.67
	
112
14751.61
	
315
14751.61
	
244
14581.70
	
338
14581.70
	
203
14465.88
	
225
14465.88
	
92
14459.66
	
205
14459.66
	
273
14480.90
	
277
14480.90
	
217
14497.52
	
318
14497.52
	
187
14506.94
	
215
14506.94
	
87
14512.29
	
198
14512.29
	
795
14547.03
	
377
14547.03
	
263
14550.31
	
267
14550.31
	
114
14547.34
	
176
14547.34
	
111
14543.92
	
245
14543.92
	
199
14537.55
	
322
14537.55
	
207
14535.24
	
262
14535.24
	
111
14533.73
	
179
14533.73
	
110
14533.32
	
272
14533.32
	
217
14534.09
	
325
14534.09
	
199
14535.51
	
240
14535.51
	
695
14535.06
	
284
14535.06
	
224
14536.42
	
327
14536.42
	
230
14533.93
	
297
14533.93
	
151
14532.13
	
178
14532.13
	
95
14532.00
	
242
14532.00
	
185
14528.74
	
335
14528.74
	
223
14527.88
	
278
14527.88
	
127
14530.70
	
187
14530.70
	
112
14535.47
	
252
14535.47
	
203
14545.65
	
348
14545.65
	
831
14580.96
	
260
14710.08
	
239
14710.08
	
146
14917.92
	
284
14917.92
	
230
14833.17
	
332
14833.17
	
202
14672.52
	
227
14672.52
	
94
14543.26
	
321
14543.26
	
128
14290.41
	
302
14290.41
	
228
14159.80
	
299
14159.80
	
174
14161.67
	
208
14161.67
	
108
14157.76
	
336
14157.76
	
139
14157.29
	
288
14157.29
	
836
14154.62
	
311
14154.62
	
177
14154.57
	
225
14154.57
	
272
14154.71
	
267
14154.71
	
192
14154.26
	
307
14154.26
	
190
14154.06
	
239
14154.06
	
124
14154.20
	
220
14154.20
	
126
14154.06
	
294
14154.06
	
209
14153.55
	
290
14153.55
	
173
14153.57
	
219
14153.57
	
119
14153.64
	
347
14153.64
	
800
14152.99
	
321
