=~=~=~=~=~=~=~=~=~=~=~= PuTTY log 2024.11.29 12:30:41 =~=~=~=~=~=~=~=~=~=~=~=

1867
13991.84
	
1334
13991.84
	
1130
14001.97
	
832
14001.97
	
833
14036.80
	
575
14036.80
	
463
14029.06
	
621
14029.06
	
457
14023.61
	
380
14023.61
	
287
13936.76
	
359
13936.76
	
279
13894.30
	
357
13894.30
	
256
13947.05
	
319
13947.05
	
208
13962.46
	
307
13962.46
	
229
13970.36
	
323
13970.36
	
251
13974.64
	
368
13974.64
	
256
13977.04
	
325
13977.04
	
215
13979.41
	
288
13979.41
	
534
13985.20
	
426
13985.20
	
314
13986.24
	
295
13986.24
	
187
13986.57
	
261
13986.57
	
182
13987.72
	
268
13987.72
	
199
13987.37
	
291
13987.37
	
197
13987.89
	
273
13987.89
	
169
13988.16
	
235
13988.16
	
160
13989.19
	
272
13989.19
	
202
13989.01
	
285
13989.01
	
192
13990.85
	
295
13990.85
	
199
13991.24
	
261
13991.24
	
305
13991.48
	
303
13991.48
	
208
13991.46
	
272
13991.46
	
164
14024.46
	
229
14024.46
	
145
14076.31
	
354
14076.31
	
147
14094.37
	
257
14094.37
	
165
14065.20
	
235
14065.20
	
129
14037.72
	
183
14037.72
	
115
14029.91
	
208
14029.91
	
331
14015.27
	
298
14015.27
	
189
14013.66
	
242
14013.66
	
160
13926.79
	
277
13926.79
	
326
13885.48
	
293
13885.48
	
205
13942.73
	
268
13942.73
	
161
13959.60
	
197
13959.60
	
119
13967.11
	
216
13967.11
	
272
13971.29
	
304
13971.29
	
208
13974.87
	
279
13974.87
	
166
13977.54
	
194
13977.54
	
480
13984.97
	
325
13984.97
	
239
13985.31
	
266
13985.31
	
156
13986.23
	
167
13986.23
	
77
13986.88
	
145
13986.88
	
229
13987.92
	
230
13987.92
	
159
13988.28
	
240
13988.28
	
134
14000.69
	
142
14000.69
	
77
14029.32
	
178
14029.32
	
239
14065.04
	
245
14065.04
	
163
14093.84
	
237
14093.84
	
278
14188.08
	
215
14188.08
	
156
14216.91
	
239
14216.91
	
185
14477.98
	
294
14477.98
	
183
14687.32
	
224
14687.32
	
114
14706.96
	
202
14706.96
	
144
14704.69
	
272
14704.69
	
203
14701.04
	
274
14701.04
	
169
14696.08
	
208
14696.08
	
113
14696.78
	
208
14696.78
	
289
14475.70
	
273
14475.70
	
464
14539.94
	
338
14539.94
	
206
14563.71
	
235
14563.71
	
161
14599.62
	
267
14599.62
	
208
14692.69
	
325
14692.69
	
213
14776.53
	
257
14776.53
	
141
14803.15
	
225
14803.15
	
167
14818.29
	
285
14818.29
	
222
14835.84
	
303
14835.84
	
195
14857.17
	
233
14857.17
	
124
14886.16
	
470
14886.16
	
261
14897.39
	
350
14897.39
	
250
14896.22
	
293
14896.22
	
169
14896.06
	
226
14896.06
	
158
14894.59
	
275
14894.59
	
219
14891.24
	
304
14891.24
	
205
14888.79
	
272
14888.79
	
145
14884.30
	
222
14884.30
	
150
14887.94
	
274
14887.94
	
215
14897.27
	
322
14897.27
	
464
14923.64
	
306
14923.64
	
204
14919.34
	
254
14919.34
	
303
15225.06
	
319
15225.06
	
227
15531.89
	
292
15531.89
	
169
15562.72
	
219
15562.72
	
142
15498.76
	
385
15498.76
	
197
15461.41
	
327
15461.41
	
234
15445.15
	
298
15445.15
	
172
15431.56
	
211
15431.56
	
145
15205.48
	
272
15205.48
	
507
14897.01
	
368
14897.01
	
243
14913.93
	
231
14913.93
	
141
14948.78
	
255
14948.78
	
305
14977.24
	
320
14977.24
	
230
14991.77
	
300
14991.77
	
179
15008.56
	
202
15008.56
	
123
15025.55
	
237
15025.55
	
293
15047.30
	
321
15047.30
	
223
15079.53
	
283
15079.53
	
159
15102.10
	
294
15102.10
	
222
15096.91
	
316
15096.91
	
236
15102.14
	
308
15102.14
	
195
15108.54
	
211
15108.54
	
117
15110.33
	
237
15110.33
	
303
15105.26
	
304
15105.26
	
227
15101.60
	
306
15101.60
	
193
15100.82
	
217
15100.82
	
130
15097.34
	
238
15097.34
	
298
15092.31
	
320
15092.31
	
486
15086.64
	
331
15086.64
	
199
15088.26
	
235
15088.26
	
171
15342.12
	
295
15342.12
	
240
15721.00
	
304
15721.00
	
201
15759.37
	
241
15759.37
	
132
15691.90
	
210
15691.90
	
160
15648.25
	
315
15648.25
	
231
15628.58
	
305
15628.58
	
196
15621.34
	
215
15621.34
	
128
15452.88
	
242
15452.88
	
491
14991.21
	
416
14991.21
	
296
14995.53
	
285
14995.53
	
155
14999.86
	
208
14999.86
	
144
15023.11
	
275
15023.11
	
221
15047.72
	
325
15047.72
	
212
15056.44
	
240
15056.44
	
128
15057.07
	
223
15057.07
	
169
15070.14
	
282
15070.14
	
219
15092.29
	
300
15092.29
	
192
15180.15
	
291
15180.15
	
201
15187.19
	
417
15187.19
	
212
15187.99
	
336
15187.99
	
239
15192.21
	
290
15192.21
	
161
15202.96
	
222
15202.96
	
158
15210.73
	
288
15210.73
	
227
15213.73
	
329
15213.73
	
217
15215.78
	
269
15215.78
	
143
15219.40
	
208
15219.40
	
146
15217.78
	
286
15217.78
	
508
15204.54
	
381
15204.54
	
243
15201.07
	
207
15201.07
	
125
15412.20
	
253
15412.20
	
302
15832.07
	
325
15832.07
	
231
15908.80
	
289
15908.80
	
156
15848.41
	
211
15848.41
	
138
15805.49
	
384
15805.49
	
192
15789.56
	
321
15789.56
	
224
15781.62
	
277
15781.62
	
146
15091.33
	
333
15091.33
	
391
15101.85
	
333
15101.85
	
249
15117.57
	
298
15117.57
	
177
15116.09
	
206
15116.09
	
122
15117.40
	
250
15117.40
	
304
15120.92
	
321
15120.92
	
225
15122.15
	
274
15122.15
	
161
15118.84
	
198
15118.84
	
118
15128.61
	
237
15128.61
	
294
15146.16
	
303
15146.16
	
474
15178.32
	
304
15178.32
	
179
15174.71
	
245
15174.71
	
320
15179.71
	
310
15179.71
	
235
15184.07
	
309
15184.07
	
197
15183.14
	
210
15183.14
	
122
15181.27
	
240
15181.27
	
311
15183.95
	
291
15183.95
	
210
15190.89
	
304
15190.89
	
182
15194.53
	
215
15194.53
	
130
15195.79
	
257
15195.79
	
466
15203.72
	
391
15203.72
	
265
15202.44
	
234
15202.44
	
117
15398.12
	
217
15398.12
	
159
15868.78
	
279
15868.78
	
211
15992.62
	
289
15992.62
	
181
15929.09
	
237
15929.09
	
123
15893.18
	
240
15893.18
	
307
15877.84
	
285
15877.84
	
208
15866.43
	
301
15866.43
	
189
15136.22
	
314
15136.22
	
237
15148.25
	
311
15148.25
	
250
15146.54
	
327
15146.54
	
219
15144.56
	
266
15144.56
	
144
15151.65
	
208
15151.65
	
147
15155.75
	
270
15155.75
	
210
15159.54
	
316
15159.54
	
205
15160.91
	
240
15160.91
	
128
15160.03
	
208
15160.03
	
150
15166.70
	
274
15166.70
	
471
15171.81
	
347
15171.81
	
209
15174.15
	
226
15174.15
	
146
15176.43
	
388
15176.43
	
187
15181.80
	
304
15181.80
	
208
15187.01
	
258
15187.01
	
138
15195.57
	
215
15195.57
	
158
15200.90
	
267
15200.90
	
208
15206.63
	
318
15206.63
	
209
15211.48
	
258
15211.48
	
137
15222.05
	
342
15222.05
	
256
15239.20
	
304
15239.20
	
222
15674.50
	
297
15674.50
	
176
15989.59
	
218
15989.59
	
134
16017.66
	
397
16017.66
	
201
15962.28
	
329
15962.28
	
229
15930.98
	
262
15930.98
	
133
15922.23
	
212
15922.23
	
139
15904.09
	
359
15904.09
	
163
15599.07
	
330
15599.07
	
470
15146.35
	
313
15146.35
	
201
15154.69
	
262
15154.69
	
326
15162.48
	
321
15162.48
	
236
15171.75
	
300
15171.75
	
177
15176.39
	
216
15176.39
	
133
15179.71
	
256
15179.71
	
310
15189.38
	
320
15189.38
	
225
15191.49
	
274
15191.49
	
161
15190.63
	
208
15190.63
	
129
15189.02
	
393
15189.02
	
309
15193.87
	
342
15193.87
	
225
15201.86
	
242
15201.86
	
135
15208.23
	
251
15208.23
	
317
15211.48
	
317
15211.48
	
225
15213.94
	
279
15213.94
	
173
15224.16
	
209
15224.16
	
118
15227.42
	
217
15227.42
	
291
15225.72
	
304
15225.72
	
217
15224.70
	
295
15224.70
	
382
15250.45
	
293
15250.45
	
213
15262.12
	
315
15262.12
	
237
15700.90
	
311
15700.90
	
205
16083.40
	
238
16083.40
	
128
16118.26
	
223
16118.26
	
167
16058.21
	
292
16058.21
	
222
16032.80
	
304
16032.80
	
192
16019.22
	
236
16019.22
	
119
16001.91
	
228
16001.91
	
304
15963.10
	
306
15963.10
	
485
15166.58
	
329
15166.58
	
193
15177.82
	
233
15177.82
	
171
15182.72
	
277
15182.72
	
221
15176.69
	
331
15176.69
	
219
15170.28
	
244
15170.28
	
127
15167.99
	
201
15167.99
	
144
15169.00
	
283
15169.00
	
224
15168.75
	
314
15168.75
	
207
15171.33
	
235
15171.33
	
123
15222.70
	
466
15222.70
	
262
15238.18
	
336
15238.18
	
238
15252.19
	
272
15252.19
	
142
15266.37
	
187
15266.37
	
117
15287.00
	
375
15287.00
	
185
15298.47
	
321
15298.47
	
227
15314.75
	
240
15314.75
	
115
15337.39
	
205
15337.39
	
146
15352.29
	
294
15352.29
	
239
15344.38
	
320
15344.38
	
350
15240.07
	
198
15240.07
	
113
15251.67
	
190
15251.67
	
240
15617.10
	
262
15617.10
	
178
16037.84
	
240
16037.84
	
117
16122.15
	
166
16122.15
	
87
16087.52
	
337
16087.52
	
152
16094.09
	
242
16094.09
	
150
16131.65
	
152
16131.65
	
44
16136.88
	
56
16136.88
	
16
15923.07
	
259
15923.07
	
186
15531.51
	
137
15531.51
	
42
15519.94
	
16
15519.94
	
0
15496.02
	
46
15496.02
	
154
15426.47
	
124
15426.47
	
64
15327.81
	
81
15327.81
	
0
15291.33
	
0
15291.33
	
0
15302.95
	
45
15302.95
	
127
15321.07
	
129
15321.07
	
58
15372.96
	
93
15372.96
	
1
15400.00
	
32
15400.00
	
0
15341.04
	
257
15341.04
	
79
15221.63
	
431
15221.63
	
304
15190.43
	
256
15190.43
	
154
15131.25
	
293
15131.25
	
369
15100.78
	
359
15100.78
	
276
15141.41
	
356
15141.41
	
233
15226.45
	
242
15226.45
	
144
15283.69
	
272
15283.69
	
348
15311.01
	
355
15311.01
	
272
15363.90
	
315
15363.90
	
183
15454.75
	
176
15454.75
	
270
15413.12
	
323
15413.12
	
272
15672.82
	
412
15672.82
	
286
15959.49
	
307
15959.49
	
178
15918.00
	
267
15918.00
	
208
15772.64
	
336
15772.64
	
283
15397.76
	
391
15397.76
	
269
14943.33
	
283
14943.33
	
174
14831.68
	
294
14831.68
	
374
14856.10
	
384
14856.10
	
306
14901.80
	
385
14901.80
	
317
14968.17
	
208
14968.17
	
145
14976.85
	
247
14976.85
	
213
14996.82
	
317
14996.82
	
208
15018.27
	
258
15018.27
	
113
15044.41
	
186
15044.41
	
135
15059.87
	
325
15059.87
	
272
15069.38
	
343
15069.38
	
218
15084.07
	
208
15084.07
	
80
15083.56
	
176
15083.56
	
138
15084.66
	
306
15084.66
	
510
15159.47
	
373
15159.47
	
208
15164.79
	
208
15164.79
	
127
15155.15
	
384
15155.15
	
202
15148.71
	
387
15148.71
	
272
15165.03
	
270
15165.03
	
126
15186.42
	
189
15186.42
	
137
15187.82
	
288
15187.82
	
253
15180.22
	
378
15180.22
	
259
15182.11
	
293
15182.11
	
141
15187.76
	
350
15187.76
	
279
15210.75
	
380
15210.75
	
289
15693.36
	
340
15693.36
	
205
16056.05
	
226
16056.05
	
144
16076.68
	
428
16076.68
	
250
16008.11
	
400
16008.11
	
298
15962.41
	
343
15962.41
	
182
15928.11
	
197
15928.11
	
125
15905.69
	
408
15905.69
	
219
15609.24
	
403
15609.24
	
536
15105.93
	
317
15105.93
	
187
15079.91
	
256
15079.91
	
336
15030.36
	
379
15030.36
	
291
14963.79
	
316
14963.79
	
180
14917.32
	
178
14917.32
	
99
14897.65
	
231
14897.65
	
308
14880.33
	
374
14880.33
	
288
14880.84
	
319
14880.84
	
186
14875.07
	
191
14875.07
	
112
14862.99
	
382
14862.99
	
592
14885.30
	
437
14885.30
	
301
14885.42
	
229
14885.42
	
117
14895.42
	
218
14895.42
	
307
14904.38
	
355
14904.38
	
291
14911.66
	
351
14911.66
	
225
14912.84
	
208
14912.84
	
101
14920.99
	
210
14920.99
	
306
14930.33
	
390
14930.33
	
301
14932.36
	
336
14932.36
	
199
14927.94
	
205
14927.94
	
416
14958.13
	
391
14958.13
	
338
14972.99
	
409
14972.99
	
272
15045.78
	
266
15045.78
	
126
15486.07
	
207
15486.07
	
164
15744.24
	
322
15744.24
	
277
15750.83
	
370
15750.83
	
240
15700.81
	
231
15700.81
	
112
15680.49
	
208
15680.49
	
301
15671.73
	
320
15671.73
	
270
14839.46
	
391
14839.46
	
221
14846.45
	
214
14846.45
	
147
14850.56
	
298
14850.56
	
261
14856.82
	
367
14856.82
	
260
14862.55
	
279
14862.55
	
129
14863.22
	
195
14863.22
	
149
14864.48
	
300
14864.48
	
257
14864.21
	
371
14864.21
	
243
14868.80
	
259
14868.80
	
114
14877.50
	
194
14877.50
	
490
14887.48
	
477
14887.48
	
367
14888.09
	
336
14888.09
	
190
14890.73
	
189
14890.73
	
107
14894.29
	
368
14894.29
	
187
14892.28
	
368
14892.28
	
262
14891.96
	
283
14891.96
	
131
14897.34
	
176
14897.34
	
115
14903.49
	
269
14903.49
	
240
14903.67
	
382
14903.67
	
272
14914.55
	
311
14914.55
	
190
14918.52
	
244
14918.52
	
305
15229.62
	
359
15229.62
	
283
15670.30
	
337
15670.30
	
194
15787.78
	
199
15787.78
	
115
15756.31
	
384
15756.31
	
208
15721.34
	
355
15721.34
	
263
15706.75
	
321
15706.75
	
182
15700.25
	
176
15700.25
	
101
15478.94
	
362
15478.94
	
562
14851.52
	
453
14851.52
	
314
14857.14
	
242
14857.14
	
113
14862.44
	
235
14862.44
	
307
14862.97
	
365
14862.97
	
288
14863.20
	
354
14863.20
	
223
14867.32
	
195
14867.32
	
98
14870.79
	
209
14870.79
	
290
14873.62
	
358
14873.62
	
284
14878.68
	
336
14878.68
	
209
14882.25
	
177
14882.25
	
508
14894.28
	
337
14894.28
	
299
14892.52
	
381
14892.52
	
255
14889.08
	
242
14889.08
	
108
14891.72
	
202
14891.72
	
295
14892.59
	
304
14892.59
	
258
14893.82
	
359
14893.82
	
233
14893.21
	
237
14893.21
	
102
14894.49
	
211
14894.49
	
288
14895.96
	
333
14895.96
	
270
14894.79
	
348
14894.79
	
432
14900.73
	
265
14900.73
	
192
14910.09
	
269
14910.09
	
240
15282.74
	
366
15282.74
	
247
15702.14
	
291
15702.14
	
131
15786.11
	
176
15786.11
	
119
15753.15
	
283
15753.15
	
245
15726.63
	
373
15726.63
	
244
15713.59
	
256
15713.59
	
112
15698.82
	
175
15698.82
	
268
14836.54
	
455
14836.54
	
351
14845.92
	
345
14845.92
	
187
14854.00
	
195
14854.00
	
116
14858.08
	
259
14858.08
	
224
14859.24
	
350
14859.24
	
262
14862.55
	
315
14862.55
	
166
14866.38
	
177
14866.38
	
115
14870.28
	
256
14870.28
	
226
14872.92
	
369
14872.92
	
257
14875.72
	
275
14875.72
	
347
14886.53
	
411
14886.53
	
214
14886.09
	
382
14886.09
	
297
14891.12
	
345
14891.12
	
209
14895.01
	
182
14895.01
	
96
14896.57
	
249
14896.57
	
213
14896.54
	
359
14896.54
	
268
14900.23
	
301
14900.23
	
161
14901.46
	
179
14901.46
	
102
14900.15
	
249
14900.15
	
210
14902.00
	
353
14902.00
	
544
14900.50
	
324
14900.50
	
176
14904.10
	
199
14904.10
	
273
15240.58
	
342
15240.58
	
282
15696.48
	
355
15696.48
	
222
15813.49
	
194
15813.49
	
97
15785.76
	
324
15785.76
	
147
15755.56
	
333
15755.56
	
263
15742.37
	
339
15742.37
	
208
15730.71
	
178
15730.71
	
80
15490.24
	
339
15490.24
	
528
14864.62
	
459
14864.62
	
333
14871.77
	
291
14871.77
	
135
14876.20
	
198
14876.20
	
270
14880.22
	
306
14880.22
	
263
14884.83
	
359
14884.83
	
232
14887.71
	
230
14887.71
	
97
14891.82
	
190
14891.82
	
265
14893.84
	
318
14893.84
	
272
14892.71
	
359
14892.71
	
225
14894.23
	
193
14894.23
	
491
14900.31
	
305
14900.31
	
262
14900.74
	
369
14900.74
	
256
14902.90
	
271
14902.90
	
117
14900.96
	
185
14900.96
	
255
14901.76
	
279
14901.76
	
246
14905.62
	
370
14905.62
	
257
14906.92
	
287
14906.92
	
128
14907.04
	
177
14907.04
	
252
14907.86
	
310
14907.86
	
266
14909.91
	
370
14909.91
	
448
14917.16
	
261
14917.16
	
164
14926.73
	
238
14926.73
	
194
15330.52
	
355
15330.52
	
268
15762.91
	
324
15762.91
	
173
15853.44
	
182
15853.44
	
106
15815.62
	
226
15815.62
	
198
15790.95
	
360
15790.95
	
254
15774.19
	
289
15774.19
	
130
15760.01
	
175
15760.01
	
238
15478.87
	
253
15478.87
	
531
14873.83
	
417
14873.83
	
273
14880.22
	
214
14880.22
	
110
14883.33
	
223
14883.33
	
183
14888.61
	
361
14888.61
	
281
14894.12
	
333
14894.12
	
192
14896.76
	
175
14896.76
	
95
14899.08
	
219
14899.08
	
185
14900.41
	
346
14900.41
	
261
14901.79
	
307
14901.79
	
176
14902.53
	
183
14902.53
	
368
14907.98
	
375
14907.98
	
315
14910.30
	
383
14910.30
	
245
14911.65
	
223
14911.65
	
91
14912.00
	
207
14912.00
	
174
14911.86
	
330
14911.86
	
268
14910.47
	
352
14910.47
	
223
14912.50
	
202
14912.50
	
98
14914.39
	
201
14914.39
	
165
14914.80
	
343
14914.80
	
275
14914.13
	
336
14914.13
	
398
14920.14
	
272
14920.14
	
181
14938.86
	
294
14938.86
	
255
15379.58
	
379
15379.58
	
253
15776.60
	
258
15776.60
	
114
15839.44
	
307
15839.44
	
137
15803.03
	
314
15803.03
	
272
15779.97
	
378
15779.97
	
247
15764.30
	
256
15764.30
	
111
15752.94
	
193
15752.94
	
158
15747.46
	
337
15747.46
	
545
14856.51
	
371
14856.51
	
207
14867.12
	
201
14867.12
	
241
14871.51
	
274
14871.51
	
242
14876.63
	
358
14876.63
	
256
14881.62
	
272
14881.62
	
123
14884.88
	
181
14884.88
	
221
14888.76
	
255
14888.76
	
227
14889.73
	
354
14889.73
	
237
14889.97
	
269
14889.97
	
117
14890.49
	
304
14890.49
	
431
14903.89
	
430
14903.89
	
327
14905.50
	
335
14905.50
	
195
14907.79
	
176
14907.79
	
226
14909.72
	
214
14909.72
	
182
14910.78
	
369
14910.78
	
273
14913.14
	
313
14913.14
	
158
14912.80
	
179
14912.80
	
218
14911.25
	
258
14911.25
	
225
14913.13
	
351
14913.13
	
258
14915.89
	
277
14915.89
	
151
14925.28
	
198
14925.28
	
166
15305.22
	
345
15305.22
	
281
15723.79
	
346
15723.79
	
219
15817.74
	
209
15817.74
	
95
15788.00
	
225
15788.00
	
191
15761.11
	
345
15761.11
	
266
15746.31
	
334
15746.31
	
197
15733.32
	
176
15733.32
	
208
15453.68
	
225
15453.68
	
511
14864.56
	
425
14864.56
	
301
14869.66
	
262
14869.66
	
117
14877.13
	
168
14877.13
	
130
14881.12
	
311
14881.12
	
272
14884.93
	
366
14884.93
	
235
14889.56
	
227
14889.56
	
97
14890.62
	
181
14890.62
	
145
14892.80
	
327
14892.80
	
273
14897.14
	
352
14897.14
	
223
14900.50
	
213
14900.50
	
336
14914.65
	
329
14914.65
	
290
14916.42
	
374
14916.42
	
272
14920.70
	
260
14920.70
	
113
14921.18
	
176
14921.18
	
124
14916.08
	
274
14916.08
	
245
14914.31
	
352
14914.31
	
239
14914.73
	
273
14914.73
	
115
14912.22
	
163
14912.22
	
114
14912.77
	
289
14912.77
	
253
14914.59
	
366
14914.59
	
432
14911.89
	
271
14911.89
	
145
14928.03
	
243
14928.03
	
224
15383.45
	
362
15383.45
	
269
15770.92
	
309
15770.92
	
157
15827.31
	
291
15827.31
	
74
15791.39
	
239
15791.39
	
207
15765.42
	
372
15765.42
	
275
15751.76
	
293
15751.76
	
138
15734.32
	
150
15734.32
	
102
15398.69
	
266
15398.69
	
528
14861.32
	
403
14861.32
	
265
14868.32
	
208
14868.32
	
215
14872.50
	
204
14872.50
	
171
14877.80
	
337
14877.80
	
261
14882.29
	
318
14882.29
	
191
14886.00
	
176
14886.00
	
191
14886.35
	
247
14886.35
	
207
14885.67
	
347
14885.67
	
258
14886.12
	
297
14886.12
	
160
14887.37
	
301
14887.37
	
387
14897.58
	
395
14897.58
	
335
14900.16
	
357
14900.16
	
233
14904.85
	
219
14904.85
	
213
14905.04
	
184
14905.04
	
144
14905.33
	
322
14905.33
	
273
14906.52
	
348
14906.52
	
222
14906.87
	
204
14906.87
	
203
14906.46
	
208
14906.46
	
167
14908.74
	
321
14908.74
	
258
14911.73
	
358
14911.73
	
183
14920.16
	
170
14920.16
	
102
15311.04
	
266
15311.04
	
239
15732.94
	
370
15732.94
	
257
15830.01
	
240
15830.01
	
227
15801.83
	
154
15801.83
	
125
15773.68
	
290
15773.68
	
247
15757.59
	
345
15757.59
	
226
15747.40
	
220
15747.40
	
210
15446.26
	
176
15446.26
	
431
14866.74
	
447
14866.74
	
342
14872.02
	
342
14872.02
	
193
14875.94
	
182
14875.94
	
103
14879.83
	
262
14879.83
	
234
14883.62
	
378
14883.62
	
272
14885.78
	
297
14885.78
	
140
14888.66
	
165
14888.66
	
101
14889.54
	
272
14889.54
	
236
14890.60
	
375
14890.60
	
273
14899.49
	
400
14899.49
	
136
14903.17
	
211
14903.17
	
175
14905.29
	
343
14905.29
	
273
14903.80
	
319
14903.80
	
182
14903.56
	
177
14903.56
	
93
14905.91
	
219
14905.91
	
183
14905.16
	
352
14905.16
	
262
14904.91
	
332
14904.91
	
192
14907.84
	
181
14907.84
	
91
14907.93
	
251
14907.93
	
546
14912.43
	
437
14912.43
	
302
14921.66
	
316
14921.66
	
62
15264.88
	
192
15264.88
	
154
15714.70
	
319
15714.70
	
263
15847.65
	
351
15847.65
	
218
15823.91
	
338
15823.91
	
77
15777.61
	
181
15777.61
	
147
15750.26
	
366
15750.26
	
278
15707.01
	
313
15707.01
	
182
15381.62
	
193
15381.62
	
384
14264.54
	
386
14264.54
	
336
14260.52
	
390
14260.52
	
267
14256.74
	
240
14256.74
	
207
14248.67
	
165
14248.67
	
115
14245.86
	
272
14245.86
	
212
14243.08
	
304
14243.08
	
197
14240.44
	
375
14240.44
	
114
14238.42
	
235
14238.42
	
176
14236.31
	
306
14236.31
	
240
14234.12
	
307
14234.12
	
544
14225.74
	
286
14225.74
	
192
14224.48
	
285
14224.48
	
214
14223.57
	
300
14223.57
	
204
14222.60
	
272
14222.60
	
291
14221.90
	
203
14221.90
	
128
14220.41
	
262
14220.41
	
202
14219.36
	
284
14219.36
	
187
14218.65
	
256
14218.65
	
262
14218.11
	
210
14218.11
	
144
14214.05
	
361
14214.05
	
261
14213.41
	
290
14213.41
	
189
14208.07
	
230
14208.07
	
144
14190.96
	
237
14190.96
	
173
14172.81
	
296
14172.81
	
204
14131.38
	
270
14131.38
	
294
14114.17
	
215
14114.17
	
135
14108.64
	
243
14108.64
	
178
14105.03
	
288
14105.03
	
194
14018.06
	
277
14018.06
	
369
14051.05
	
288
14051.05
	
212
14052.98
	
303
14052.98
	
226
14053.93
	
305
14053.93
	
197
14054.79
	
213
14054.79
	
127
14056.16
	
221
14056.16
	
162
14056.60
	
274
14056.60
	
198
14056.80
	
260
14056.80
	
157
14057.17
	
203
14057.17
	
112
14058.15
	
223
14058.15
	
162
14059.58
	
478
14059.58
	
361
14060.38
	
447
14060.38
	
177
14060.17
	
273
14060.17
	
197
14060.67
	
341
14060.67
	
263
14060.63
	
352
14060.63
	
240
14060.86
	
294
14060.86
	
180
14060.86
	
265
14060.86
	
190
14060.44
	
292
14060.44
	
218
14061.10
	
301
14061.10
	
194
14060.82
	
225
14060.82
	
370
14060.65
	
307
14060.65
	
224
14061.32
	
275
14061.32
	
176
14097.72
	
416
14097.72
	
163
14142.59
	
257
14142.59
	
177
14140.42
	
272
14140.42
	
204
14098.41
	
306
14098.41
	
209
14075.85
	
372
14075.85
	
127
14070.46
	
229
14070.46
	
144
14067.07
	
259
14067.07
	
189
14063.89
	
272
14063.89
	
541
14038.49
	
285
14038.49
	
192
14040.58
	
262
14040.58
	
183
14041.60
	
298
14041.60
	
207
14042.82
	
279
14042.82
	
293
14043.81
	
236
14043.81
	
149
14043.90
	
241
14043.90
	
176
14044.66
	
283
14044.66
	
195
14044.89
	
401
14044.89
	
149
14045.07
	
245
14045.07
	
162
14047.07
	
384
14047.07
	
290
14047.98
	
313
14047.98
	
341
14048.31
	
241
14048.31
	
145
14047.83
	
223
14047.83
	
155
14047.99
	
262
14047.99
	
187
14048.32
	
272
14048.32
	
304
14048.59
	
210
14048.59
	
122
14048.66
	
221
14048.66
	
150
14049.09
	
239
14049.09
	
155
14048.92
	
225
14048.92
	
333
14049.12
	
260
14049.12
	
177
14049.54
	
256
14049.54
	
186
14083.11
	
284
14083.11
	
177
14126.29
	
224
14126.29
	
117
14133.24
	
208
14133.24
	
137
14089.52
	
253
14089.52
	
181
14065.88
	
264
14065.88
	
294
14058.77
	
212
14058.77
	
117
14055.90
	
208
14055.90
	
144
14041.13
	
590
14041.13
	
458
14045.34
	
455
14045.34
	
324
14044.50
	
352
14044.50
	
256
14043.49
	
304
14043.49
	
230
14045.47
	
272
14045.47
	
173
14045.31
	
108
14045.31
	
16
14044.37
	
21
14044.37
	
0
14045.02
	
286
14045.02
	
336
14045.30
	
457
14045.30
	
337
14044.13
	
304
14044.13
	
432
14042.91
	
329
14042.91
	
240
14042.92
	
297
14042.92
	
205
14043.31
	
393
14043.31
	
151
14043.73
	
231
14043.73
	
149
14043.76
	
258
14043.76
	
180
14043.74
	
286
14043.74
	
195
14043.57
	
258
14043.57
	
164
14044.10
	
243
14044.10
	
159
14044.21
	
259
14044.21
	
176
14044.65
	
285
14044.65
	
610
14039.47
	
358
14039.47
	
244
14039.78
	
270
14039.78
	
182
14070.20
	
291
14070.20
	
204
14112.77
	
416
14112.77
	
179
14125.55
	
262
14125.55
	
172
14081.64
	
259
14081.64
	
176
14055.64
	
285
14055.64
	
203
14048.83
	
387
14048.83
	
161
14044.59
	
258
14044.59
	
171
14024.65
	
374
14024.65
	
282
14027.08
	
304
14027.08
	
343
14027.41
	
255
14027.41
	
161
14029.30
	
245
14029.30
	
167
14030.27
	
282
14030.27
	
199
14030.90
	
294
14030.90
	
316
14031.87
	
273
14031.87
	
176
14032.44
	
265
14032.44
	
178
14033.33
	
262
14033.33
	
185
14033.52
	
387
14033.52
	
477
14034.96
	
361
14034.96
	
256
14035.43
	
272
