=~=~=~=~=~=~=~=~=~=~=~= PuTTY log 2024.12.01 13:39:02 =~=~=~=~=~=~=~=~=~=~=~=
139
168.28
8799
	
57
138.12
8823
	
134
138.12
8824
	
52
21.20
8849
	
142
21.20
8850
	
55
1.23
8874
	
144
1.23
8875
	
57
0.00
8899
	
139
0.00
9023
	
259
0.00
9047
	
170
0.00
9048
	
74
0.00
9072
	
157
0.00
9073
	
65
0.00
9097
	
141
0.00
9098
	
49
0.00
9122
	
135
0.00
9123
	
48
0.00
9147
	
135
0.00
9148
	
51
0.00
9172
	
133
0.00
9173
	
54
0.00
9198
	
160
0.00
9199
	
67
0.00
9223
	
134
0.00
9347
	
261
0.00
9371
	
167
0.00
9372
	
70
0.00
9396
	
141
0.00
9397
	
48
0.00
9421
	
134
0.00
9422
	
48
0.00
9446
	
136
0.00
9447
	
48
0.00
9471
	
133
0.00
9472
	
47
0.00
9496
	
134
0.00
9497
	
48
0.00
9522
	
141
0.00
9523
	
53
0.00
9669
	
256
0.00
9670
	
138
0.00
9695
	
160
0.00
9720
	
144
0.00
9721
	
51
16.64
9745
	
130
16.64
9746
	
48
53.15
9770
	
142
53.15
9771
	
53
101.86
9795
	
133
101.86
9796
	
48
158.09
9820
	
133
158.09
9821
	
48
173.16
9845
	
137
173.16
9846
	
261
182.46
9993
	
163
182.46
9994
	
66
182.50
10018
	
133
182.50
10019
	
48
147.62
10044
	
158
147.62
10045
	
66
21.58
10069
	
130
21.58
10070
	
49
1.55
10094
	
128
1.55
10095
	
49
0.00
10119
	
137
0.00
10120
	
257
0.00
10267
	
167
0.00
10268
	
71
0.00
10292
	
138
0.00
10293
	
50
0.00
10317
	
138
0.00
10318
	
54
0.00
10342
	
128
0.00
10343
	
47
0.00
10368
	
156
0.00
10369
	
64
0.00
10393
	
145
0.00
10394
	
55
0.00
10418
	
131
0.00
10419
	
272
0.00
10566
	
162
0.00
10567
	
66
0.00
10591
	
130
0.00
10592
	
48
0.00
10616
	
135
0.00
10617
	
49
0.00
10641
	
151
0.00
10642
	
63
0.00
10666
	
160
0.00
10667
	
64
0.00
10691
	
127
0.00
10692
	
43
0.00
10717
	
136
0.00
10718
	
267
0.00
10864
	
193
1.01
10890
	
155
1.01
10891
	
64
34.81
10915
	
133
34.81
10916
	
48
69.41
10940
	
162
69.41
10941
	
67
139.26
10965
	
133
139.26
10966
	
49
174.80
10990
	
157
174.80
10991
	
64
183.27
11015
	
127
183.27
11016
	
257
186.08
11163
	
160
186.08
11164
	
65
184.76
11188
	
127
184.76
11189
	
43
96.55
11214
	
135
96.55
11215
	
49
11.13
11239
	
131
11.13
11240
	
48
0.00
11264
	
134
0.00
11265
	
51
0.00
11289
	
138
0.00
11290
	
262
0.00
11437
	
187
0.00
11438
	
87
0.00
11462
	
144
0.00
11463
	
52
0.00
11487
	
128
0.00
11488
	
46
0.00
11512
	
133
0.00
11513
	
46
0.00
11537
	
128
0.00
11538
	
48
0.00
11563
	
129
0.00
11564
	
48
0.00
11588
	
138
0.00
11589
	
250
0.00
11736
	
159
0.00
11737
	
67
0.00
11761
	
135
0.00
11762
	
49
0.00
11786
	
135
0.00
11787
	
48
0.00
11811
	
135
0.00
11812
	
47
0.00
11836
	
129
0.00
11837
	
44
0.00
11861
	
137
0.00
11862
	
48
0.00
11887
	
138
0.00
11888
	
251
0.08
12034
	
170
0.15
12060
	
150
0.15
12061
	
58
17.87
12085
	
136
17.87
12086
	
48
57.52
12110
	
133
57.52
12111
	
49
113.75
12135
	
132
113.75
12136
	
48
168.70
12160
	
142
168.70
12161
	
50
180.83
12185
	
134
180.83
12186
	
251
185.73
12333
	
187
185.73
12334
	
81
185.97
12358
	
128
185.97
12359
	
45
152.80
12383
	
124
152.80
12384
	
47
24.48
12409
	
130
24.48
12410
	
46
2.58
12434
	
129
2.58
12435
	
48
0.00
12459
	
155
0.00
12460
	
255
0.00
12607
	
159
0.00
12608
	
67
0.00
12632
	
133
0.00
12633
	
48
0.00
12657
	
133
0.00
12658
	
48
0.00
12682
	
132
0.00
12683
	
48
0.00
12707
	
128
0.00
12708
	
49
0.00
12733
	
138
0.00
12734
	
53
0.00
12758
	
128
0.00
12759
	
247
0.00
12906
	
157
0.00
12907
	
64
0.03
12931
	
132
0.03
12932
	
48
0.03
12956
	
133
0.03
12957
	
51
0.13
12981
	
138
0.13
12982
	
48
0.22
13006
	
157
0.22
13007
	
59
0.12
13031
	
129
0.12
13032
	
45
0.24
13057
	
159
0.24
13058
	
244
0.34
13204
	
159
1.83
13230
	
146
1.83
13231
	
59
35.95
13255
	
137
35.95
13256
	
48
72.87
13280
	
130
72.87
13281
	
48
145.83
13305
	
131
145.83
13306
	
47
178.85
13330
	
132
178.85
13331
	
48
183.70
13355
	
134
183.70
13356
	
244
187.33
13503
	
161
187.33
13504
	
64
185.52
13528
	
144
185.52
13529
	
53
91.90
13554
	
142
91.90
13555
	
52
11.02
13579
	
156
11.02
13580
	
64
0.00
13604
	
129
0.00
13605
	
48
0.00
13629
	
128
0.00
13630
	
248
0.00
13777
	
158
0.00
13778
	
66
0.00
13802
	
139
0.00
13803
	
48
0.00
13827
	
133
0.00
13828
	
48
0.00
13852
	
136
0.00
13853
	
48
0.00
13878
	
154
0.00
13879
	
62
0.00
13903
	
154
0.00
13904
	
65
0.00
13928
	
133
0.00
13929
	
275
0.08
14076
	
186
0.08
14077
	
81
0.13
14101
	
157
0.13
14102
	
64
0.18
14126
	
135
0.18
14127
	
51
0.22
14151
	
144
0.22
14152
	
52
0.22
14176
	
132
0.22
14177
	
48
0.31
14201
	
149
0.31
14202
	
55
0.37
14227
	
134
0.37
14228
	
252
0.43
14374
	
172
0.52
14400
	
145
0.52
14401
	
59
18.46
14425
	
131
18.46
14426
	
48
57.03
14450
	
138
57.03
14451
	
51
109.39
14475
	
129
109.39
14476
	
48
169.06
14500
	
131
169.06
14501
	
47
182.44
14525
	
133
182.44
14526
	
247
187.93
14673
	
183
187.93
14674
	
81
188.25
14698
	
135
188.25
14699
	
49
153.08
14723
	
150
153.08
14724
	
64
23.48
14749
	
151
23.48
14750
	
59
2.88
14774
	
130
2.88
14775
	
48
0.00
14799
	
144
0.00
14800
	
254
0.00
14947
	
156
0.00
14948
	
64
0.00
14972
	
127
0.00
14973
	
42
0.00
14997
	
128
0.00
14998
	
44
0.00
15022
	
133
0.00
15023
	
48
0.00
15047
	
157
0.00
15048
	
64
0.00
15072
	
130
0.00
15073
	
47
0.00
15098
	
161
0.00
15099
	
265
0.15
15245
	
164
0.15
15246
	
64
0.18
15271
	
143
0.18
15272
	
54
0.27
15296
	
129
0.27
15297
	
48
0.30
15321
	
130
0.30
15322
	
46
0.37
15346
	
150
0.37
15347
	
54
0.41
15371
	
150
0.41
15372
	
60
0.40
15396
	
131
0.40
15397
	
281
0.59
15544
	
192
1.96
15569
	
139
1.96
15570
	
50
36.31
15594
	
160
36.31
15595
	
64
69.10
15620
	
156
69.10
15621
	
64
133.38
15645
	
145
133.38
15646
	
51
169.05
15670
	
130
169.05
15671
	
48
178.79
15695
	
157
178.79
15696
	
254
183.82
15843
	
162
183.82
15844
	
66
182.59
15868
	
128
182.59
15869
	
48
95.84
15893
	
128
95.84
15894
	
48
11.96
15918
	
134
11.96
15919
	
50
0.00
15943
	
150
0.00
15944
	
63
0.00
15969
	
151
0.00
15970
	
263
0.00
16116
	
181
0.00
16117
	
77
0.00
16142
	
151
0.00
16143
	
61
0.00
16167
	
134
0.00
16168
	
51
0.00
16192
	
129
0.00
16193
	
46
0.00
16217
	
149
0.00
16218
	
60
0.06
16242
	
128
0.06
16243
	
48
0.12
16267
	
