=~=~=~=~=~=~=~=~=~=~=~= PuTTY log 2024.12.01 14:14:00 =~=~=~=~=~=~=~=~=~=~=~=
1326
0.00
9031
	
1325
0.00
9033
	
1326
0.00
9034
	
1325
0.00
9036
	
1327
0.00
9038
	
1325
0.00
9039
	
1325
0.00
9041
	
1414
69.81
9188
	
1414
69.81
9189
	
1412
68.91
9213
	
1413
68.91
9214
	
1414
68.45
9238
	
1417
68.45
9239
	
1414
67.47
9263
	
1453
67.47
9264
	
1442
40.05
9288
	
1387
40.05
9289
	
1389
10.48
9314
	
1351
10.48
9315
	
1327
0.00
9461
	
1330
0.00
9462
	
1327
0.00
9487
	
1313
0.00
9488
	
1329
0.13
9512
	
1317
0.13
9513
	
1331
0.22
9537
	
1328
0.22
9538
	
1328
0.34
9562
	
1328
0.34
9563
	
1326
0.44
9587
	
1329
0.44
9588
	
1328
0.98
9735
	
1327
0.98
9736
	
1327
0.98
9760
	
1328
0.98
9761
	
1328
0.99
9785
	
1323
0.99
9786
	
1319
1.03
9811
	
1312
1.03
9812
	
1326
1.05
9836
	
1328
1.05
9837
	
1330
1.13
9861
	
1329
1.13
9862
	
1326
1.10
9886
	
1326
1.10
10010
	
1325
1.32
10034
	
1328
1.32
10035
	
1328
1.27
10059
	
1327
1.27
10060
	
1326
1.93
10084
	
1360
1.93
10085
	
1382
29.43
10109
	
1405
29.43
10110
	
1399
58.28
10135
	
1411
58.28
10136
	
1407
68.79
10282
	
1413
68.79
10283
	
1415
68.41
10308
	
1411
68.41
10309
	
1408
62.95
10333
	
1441
62.95
10334
	
1434
24.84
10358
	
1358
24.84
10359
	
1361
5.46
10383
	
1341
5.46
10384
	
1337
0.00
10408
	
1328
0.00
10532
	
1327
0.00
10556
	
1324
0.00
10557
	
1328
0.00
10581
	
1329
0.00
10582
	
1325
0.00
10606
	
1326
0.00
10607
	
1326
0.00
10632
	
1326
0.00
10633
	
1326
0.00
10657
	
1327
0.00
10658
	
1328
0.00
10682
	
1326
0.00
10806
	
1322
0.00
10830
	
1327
0.00
10831
	
1328
0.00
10855
	
1328
0.00
10856
	
1326
0.00
10880
	
1327
0.00
10881
	
1325
0.03
10905
	
1325
0.03
10906
	
1327
0.17
10930
	
1325
0.17
10931
	
1328
0.49
11078
	
1327
0.49
11079
	
1312
0.57
11103
	
1318
0.57
11104
	
1326
2.47
11129
	
1377
2.47
11130
	
1390
36.61
11154
	
1392
36.61
11155
	
1394
62.43
11179
	
1414
62.43
11180
	
1418
71.82
11204
	
1415
71.82
11328
	
1413
68.77
11352
	
1414
68.77
11353
	
1411
68.82
11377
	
1428
68.82
11378
	
1435
51.11
11402
	
1404
51.11
11403
	
1401
15.05
11427
	
1351
15.05
11428
	
1349
1.76
11452
	
1335
1.76
11453
	
1328
0.00
11600
	
1329
0.00
11601
	
1328
0.00
11625
	
1326
0.00
11626
	
1327
0.00
11651
	
1328
0.00
11652
	
1326
0.00
11676
	
1327
0.00
11677
	
1328
0.00
11701
	
1326
0.00
11702
	
1326
0.00
11726
	
1327
0.00
11727
	
1328
0.00
11874
	
1329
0.00
11875
	
1329
0.00
11899
	
1323
0.00
11900
	
1327
0.00
11924
	
1328
0.00
11925
	
1325
0.00
11949
	
1327
0.00
11950
	
1327
0.13
11975
	
1327
0.13
11976
	
1325
0.00
12000
	
1330
0.00
12001
	
1327
0.01
12148
	
1328
0.01
12149
	
1326
0.17
12173
	
1335
0.17
12174
	
1346
10.90
12198
	
1385
10.90
12199
	
1389
49.27
12223
	
1392
49.27
12224
	
1394
67.39
12248
	
1407
67.39
12249
	
1410
72.53
12273
	
1413
68.98
12418
	
1424
68.98
12419
	
1422
68.19
12443
	
1452
68.19
12444
	
1470
39.47
12469
	
1386
39.47
12470
	
1390
9.98
12494
	
1351
9.98
12495
	
1346
0.00
12519
	
1324
0.00
12520
	
1334
0.00
12544
	
1328
0.00
12668
	
1327
0.00
12692
	
1325
0.00
12693
	
1328
0.00
12717
	
1327
0.00
12718
	
1325
0.00
12742
	
1328
0.00
12743
	
1326
0.00
12767
	
1323
0.00
12768
	
1328
0.00
12792
	
1333
0.00
12793
	
1303
0.00
12818
	
1326
0.00
12942
	
1322
0.00
12965
	
1329
0.00
12966
	
1322
0.00
12991
	
1327
0.00
12992
	
1329
0.00
13016
	
1327
0.00
13017
	
1328
0.00
13041
	
1327
0.00
13042
	
1324
0.00
13066
	
1328
0.00
13067
	
1326
0.00
13091
	
1328
0.00
13215
	
1325
0.21
13239
	
1328
0.21
13240
	
1319
0.94
13264
	
1379
0.94
13265
	
1363
28.66
13289
	
1407
28.66
13290
	
1391
58.33
13315
	
1392
58.33
13316
	
1409
70.24
13340
	
1414
70.24
13341
	
1403
68.91
13488
	
1416
68.91
13489
	
1411
68.59
13513
	
1423
68.59
13514
	
1419
57.49
13538
	
1422
57.49
13539
	
1408
18.72
13563
	
1360
18.72
13564
	
1360
2.66
13588
	
1337
2.66
13589
	
1334
0.00
13613
	
1329
0.00
13737
	
1326
0.00
13761
	
1324
0.00
13762
	
1331
0.00
13786
	
1323
0.00
13787
	
1320
0.00
13812
	
1327
0.00
13813
	
1327
0.00
13837
	
1331
0.00
13838
	
1326
0.00
13862
	
1327
0.00
13863
	
1328
0.00
14010
	
1323
0.00
14011
	
1325
0.00
14035
	
1325
0.00
14036
	
1324
0.00
14060
	
1319
0.00
14061
	
1327
0.00
14085
	
1328
0.00
14086
	
1328
0.00
14110
	
1326
0.00
14111
	
1329
0.00
14136
	
1326
0.00
14137
	
1325
0.06
14283
	
1326
0.06
14284
	
1325
0.07
14309
	
1323
0.07
14310
	
1331
6.17
14334
	
1376
6.17
14335
	
1407
44.67
14359
	
1393
44.67
14360
	
1419
65.10
14384
	
1414
65.10
14385
	
1409
71.86
14409
	
1421
71.86
14533
	
1412
69.13
14557
	
1404
69.13
14558
	
1413
68.45
14582
	
1451
68.45
14583
	
1458
41.53
14607
	
1392
41.53
14608
	
1386
9.98
14633
	
1350
9.98
14634
	
1346
0.00
14658
	
1328
0.00
14659
	
1326
0.00
14806
	
1319
0.00
14807
	
1322
0.00
14831
	
1319
0.00
14832
	
1327
0.00
14856
	
1323
0.00
14857
	
1327
0.00
14881
	
1315
0.00
14882
	
1328
0.00
14906
	
1328
0.00
14907
	
1328
0.00
14931
	
1328
0.00
14932
	
1327
0.00
15079
	
1328
0.00
15080
	
1326
0.00
15104
	
1327
0.00
15105
	
1313
0.00
15130
	
1316
0.00
15131
	
1318
0.00
15155
	
1325
0.00
15156
	
1322
0.00
15180
	
1328
0.00
15181
	
1328
0.00
15205
	
1327
0.00
15206
	
1326
0.21
15353
	
1327
0.21
15354
	
1327
0.35
15378
	
1362
0.35
15379
	
1379
18.40
15403
	
1383
18.40
15404
	
1414
53.99
15428
	
1406
53.99
15429
	
1393
69.05
15454
	
1398
69.05
15455
	
1402
72.63
15479
	
1422
68.95
15623
	
1328
68.95
19912
	
1324
68.95
19913
	
1327
68.95
19915
	
1326
68.95
19917
	
1324
68.95
19918
	
1326
68.95
19920
	
1326
58.64
20066
	
1424
58.64
20067
	
1408
56.11
20091
	
1327
56.11
21868
	
1328
56.11
21869
	
1328
56.11
21871
	
1328
56.11
21873
	
1328
56.11
21874
	
1327
56.11
21876
	
1328
67.07
22022
	
1415
67.07
22023
	
1419
65.09
22047
	
1417
65.09
22048
	
1418
64.00
22072
	
1415
64.00
22073
	
1417
62.84
22097
	
1453
62.84
22098
	
1441
39.93
22122
	
1419
39.93
22123
	
1403
0.00
22270
	
1328
0.00
22271
	
1328
0.00
22295
	
1328
0.00
22296
	
1326
0.00
22320
	
1328
0.00
22321
	
1328
0.00
22346
	
1314
0.00
22347
	
1328
0.00
22371
	
1328
0.00
22372
	
1327
0.00
22396
	
1326
0.00
22397
	
1327
0.00
22544
	
1326
0.00
22545
	
1328
0.00
22569
	
1328
0.00
22570
	
1328
0.00
22594
	
1333
0.00
22595
	
1326
0.00
22619
	
1329
0.00
22620
	
1326
0.00
22644
	
1329
0.00
22645
	
1323
0.00
22670
	
1323
0.00
22671
	
1323
0.00
22817
	
1327
0.00
22818
	
1327
0.00
22843
	
1328
0.00
22844
	
1326
0.00
22868
	
1328
0.00
22869
	
1327
0.00
22893
	
1328
0.00
22894
	
1328
0.00
22918
	
1327
0.00
22919
	
1327
0.00
22943
	
1375
0.00
22944
	
1414
65.09
23091
	
1415
65.09
23092
	
1417
63.51
23116
	
1414
63.51
23117
	
1415
61.93
23141
	
1456
61.93
23142
	
1461
31.59
23167
	
1399
31.59
23168
	
1394
2.90
23192
	
1344
2.90
23193
	
1346
0.00
23340
	
1328
0.00
23341
	
1328
0.00
23365
	
1326
0.00
23366
	
1327
0.00
23390
	
1319
0.00
23391
	
1327
0.00
23415
	
1326
0.00
23416
	
1328
0.00
23440
	
1327
0.00
23441
	
1327
0.00
23465
	
1328
0.00
23466
	
1327
0.00
23613
	
1329
0.00
23614
	
1318
0.00
23638
	
1327
0.00
23639
	
1328
0.00
23664
	
1327
0.00
23665
	
1329
0.00
23689
	
1325
0.00
23690
	
1328
0.00
23714
	
1328
0.00
23715
	
1327
0.00
23739
	
1326
0.00
23740
	
1328
0.00
23887
	
1327
0.00
23888
	
1328
0.00
23912
	
1328
0.00
23913
	
1325
0.00
23937
	
1328
0.00
23938
	
1310
0.00
23962
	
1316
0.00
23963
	
1325
0.00
23988
	
1323
0.00
23989
	
1339
5.12
24013
	
1397
5.12
24014
	
1413
64.79
24161
	
1414
64.79
24162
	
1411
63.57
24186
	
1410
63.57
24187
	
1418
56.24
24211
	
1429
56.24
24212
	
1425
14.98
24236
	
1371
14.98
24237
	
1367
0.00
24261
	
