=~=~=~=~=~=~=~=~=~=~=~= PuTTY log 2024.12.02 12:28:25 =~=~=~=~=~=~=~=~=~=~=~=
1325
0.00
15781
	
1328
0.00
15784
	
1327
0.00
15786
	
1328
0.00
15787
	
1328
0.00
15789
	
1326
0.00
15791
	
1325
0.08
15815
	
1328
0.08
15939
	
1327
17.50
15963
	
1328
17.50
15964
	
1330
17.79
15988
	
1333
17.79
15989
	
1329
17.73
16013
	
1333
17.73
16014
	
1328
12.88
16038
	
1328
12.88
16039
	
1330
3.94
16064
	
1328
3.94
16065
	
1328
2.79
16211
	
1323
2.79
16212
	
1330
3.07
16237
	
1329
3.07
16238
	
1328
3.62
16262
	
1328
3.62
16263
	
1328
3.84
16287
	
1328
3.84
16288
	
1329
4.16
16312
	
1328
4.16
16313
	
1328
4.60
16337
	
1328
4.60
16338
	
1330
8.17
16485
	
1330
8.17
16486
	
1321
8.66
16510
	
1327
8.66
16511
	
1328
9.10
16535
	
1329
9.10
16536
	
1328
9.32
16561
	
1328
9.32
16562
	
1328
9.48
16586
	
1328
9.48
16587
	
1327
9.42
16611
	
1328
9.42
16612
	
1329
9.17
16759
	
1327
9.17
16760
	
1328
9.36
16784
	
1323
9.36
16785
	
1322
9.61
16809
	
1326
9.16
16834
	
1330
9.16
16835
	
1330
13.41
16859
	
1333
13.41
16860
	
1331
24.32
16885
	
1333
24.32
16886
	
1337
25.62
16910
	
1329
25.62
17034
	
1334
25.55
17058
	
1331
25.55
17060
	
1327
25.39
17083
	
1330
25.39
17084
	
1328
23.58
17108
	
1328
23.58
17109
	
1322
14.22
17133
	
1328
14.22
17134
	
1328
10.23
17158
	
1328
10.23
17159
	
1328
9.47
17306
	
1327
9.47
17307
	
1328
9.58
17331
	
1329
9.58
17332
	
1327
9.48
17356
	
1327
9.48
17357
	
1328
9.34
17382
	
1328
9.34
17383
	
1331
9.27
17407
	
1313
9.27
17408
	
1328
9.13
17432
	
1327
9.13
17433
	
1328
8.92
17580
	
1327
8.92
17581
	
1327
8.89
17605
	
1328
8.89
17606
	
1325
8.95
17630
	
1326
8.95
17631
	
1328
8.89
17655
	
1329
8.89
17656
	
1330
8.85
17680
	
1328
8.85
17681
	
1325
9.11
17706
	
1322
9.11
17707
	
1328
8.92
17853
	
1328
8.92
17854
	
1326
8.90
17879
	
1328
8.90
17880
	
1327
9.49
17904
	
1328
9.49
17905
	
1330
18.73
17929
	
1329
18.73
17930
	
1328
25.46
17954
	
1328
25.46
17955
	
1330
26.00
17979
	
1329
26.00
18103
	
1328
26.45
18127
	
1327
26.45
18129
	
1330
26.21
18152
	
1334
26.21
18153
	
1329
21.56
18177
	
1328
21.56
18178
	
1329
12.52
18203
	
1328
12.52
18204
	
1327
11.11
18228
	
1328
11.11
18229
	
1328
10.00
18376
	
1327
10.00
18377
	
1327
9.95
18401
	
1319
9.95
18402
	
1327
9.96
18426
	
1328
9.96
18427
	
1326
10.03
18451
	
1319
10.03
18452
	
1325
9.96
18476
	
1329
9.96
18477
	
1327
9.93
18501
	
1327
9.93
18625
	
1328
9.62
18649
	
1328
9.62
18650
	
1330
9.48
18674
	
1329
9.48
18675
	
1328
9.37
18700
	
1327
9.37
18701
	
1322
9.35
18725
	
1309
9.35
18726
	
1326
9.37
18750
	
1331
9.37
18751
	
1328
9.19
18775
	
1330
9.19
18899
	
1328
8.97
18923
	
1326
8.97
18924
	
1328
8.78
18951
	
1328
8.78
18952
	
1329
11.86
18976
	
1328
11.86
18977
	
1328
23.28
19002
	
1327
23.28
19003
	
1333
24.36
19027
	
1328
24.36
19028
	
1328
15.40
19175
	
1333
15.40
19176
	
1331
15.35
19200
	
1328
15.35
19201
	
1329
14.46
19225
	
1338
14.46
19226
	
1331
6.52
19250
	
1328
6.52
19251
	
1323
0.91
19275
	
1323
0.91
19276
	
1328
0.30
19300
	
1330
0.30
19424
	
1328
0.00
19448
	
1325
0.00
19449
	
1328
0.00
19474
	
1328
0.00
19475
	
1325
0.00
19499
	
1329
0.00
19500
	
1328
0.00
19524
	
1328
0.00
19525
	
1328
0.00
19549
	
1325
0.00
19550
	
1321
0.00
19574
	
1326
0.00
19698
	
1327
0.00
19722
	
1328
0.00
19723
	
1328
0.00
19747
	
1328
0.00
19748
	
1328
0.00
19772
	
1328
0.00
19773
	
1330
0.00
19798
	
1328
0.00
19799
	
1326
0.00
19823
	
1327
0.00
19824
	
1327
0.00
19848
	
1329
0.00
19972
	
1325
0.00
19996
	
1326
0.00
19997
	
1330
0.00
20024
	
1327
0.00
20025
	
1328
0.00
20049
	
1329
0.00
20050
	
1328
10.12
20074
	
1331
10.12
20075
	
1323
14.58
20100
	
1335
14.58
20101
	
1319
15.76
20247
	
1329
15.76
20248
	
1333
17.00
20273
	
1329
17.00
20274
	
1331
14.76
20298
	
1328
14.76
20299
	
1328
7.85
20323
	
1328
7.85
20324
	
1327
8.63
20348
	
1328
8.63
20349
	
1328
11.08
20373
	
1327
11.08
20497
	
1323
13.80
20521
	
1326
13.80
20522
	
1323
12.72
20546
	
1328
12.72
20547
	
1327
11.80
20571
	
1325
11.80
20572
	
1328
11.55
20597
	
1328
11.55
20598
	
1328
11.77
20622
	
1328
11.77
20623
	
1328
13.48
20770
	
1327
13.48
20771
	
1331
13.57
20795
	
1331
13.57
20796
	
1314
13.66
20820
	
1328
13.66
20821
	
1328
13.55
20845
	
1324
13.55
20846
	
1327
13.54
20870
	
1323
13.54
20871
	
1328
14.34
21018
	
1330
14.34
21019
	
1328
14.19
21043
	
1328
14.56
21068
	
1328
14.56
21069
	
1328
17.38
21094
	
1329
17.38
21095
	
1328
30.78
21119
	
1328
30.78
21120
	
1329
33.66
21144
	
1326
33.66
21145
	
1328
34.17
21169
	
1331
35.63
21314
	
1326
35.63
21315
	
1331
35.73
21339
	
1333
35.73
21340
	
1328
34.49
21364
	
1330
34.49
21365
	
1329
25.72
21389
	
1327
25.72
21390
	
1331
19.62
21415
	
1328
19.62
21416
	
1328
18.95
21562
	
1328
18.95
21563
	
1329
19.15
21588
	
1327
19.15
21589
	
1326
19.51
21613
	
1328
19.51
21614
	
1329
19.40
21638
	
1327
19.40
21639
	
1329
19.45
21663
	
1328
19.45
21664
	
1328
20.08
21811
	
1328
20.08
21812
	
1328
19.91
21836
	
1330
19.91
21837
	
1328
19.89
21861
	
1327
19.89
21862
	
1317
20.17
21886
	
1328
20.17
21887
	
1328
20.39
21912
	
1327
20.39
21913
	
1328
19.04
22059
	
1325
19.04
22060
	
1327
18.76
22085
	
1328
18.88
22110
	
1328
18.88
22111
	
1328
21.58
22135
	
1329
21.58
22136
	
1331
33.89
22160
	
1329
33.89
22161
	
1328
36.34
22185
	
1330
36.34
22186
	
1327
37.02
22210
	
1328
43.77
22355
	
1329
43.77
22356
	
1324
45.66
22380
	
1326
45.66
22381
	
1329
47.13
22405
	
1329
47.13
22406
	
1330
40.13
22431
	
1328
40.13
22432
	
1328
35.87
22456
	
1328
35.87
22457
	
1328
37.22
22604
	
1328
37.22
22605
	
1315
37.13
22629
	
1327
37.13
22630
	
1326
36.97
22654
	
1328
36.97
22655
	
1326
36.87
22679
	
1328
36.87
22680
	
1328
36.68
22704
	
1328
36.68
22705
	
1328
36.56
22852
	
1328
36.56
22853
	
1328
36.18
22877
	
1328
36.18
22878
	
1329
35.82
22902
	
1328
35.82
22903
	
1329
35.91
22928
	
1329
35.91
22929
	
1328
36.04
22953
	
1326
36.04
22954
	
1326
35.02
23101
	
1328
35.02
23102
	
1327
34.65
23126
	
1328
34.87
23151
	
1328
34.87
23152
	
1329
38.21
23176
	
1329
38.21
23177
	
1329
50.36
23201
	
1328
50.36
23202
	
1328
51.63
23227
	
1327
51.63
23228
	
1331
51.83
23252
	
1331
51.92
23396
	
1328
51.92
23397
	
1328
52.21
23422
	
1328
52.21
23423
	
1330
50.84
23447
	
1330
50.84
23448
	
1329
40.98
23472
	
1330
40.98
23473
	
1331
36.36
23497
	
1329
36.36
23498
	
1331
35.27
23645
	
1328
35.27
23646
	
1328
35.60
23670
	
1328
35.60
23671
	
1324
35.42
23695
	
1328
35.42
23696
	
1329
34.93
23720
	
1329
34.93
23721
	
1323
34.01
23746
	
1325
34.01
23747
	
1327
33.39
23893
	
1328
33.39
23894
	
1328
33.16
23919
	
1328
33.16
23920
	
1328
32.97
23944
	
1330
32.97
23945
	
1328
32.88
23969
	
1328
32.88
23970
	
1327
32.74
23994
	
1328
32.74
23995
	
1322
34.31
24142
	
1328
34.31
24143
	
1330
34.30
24167
	
1330
34.49
24192
	
1335
34.49
24193
	
1341
38.27
24218
	
1334
38.27
24219
	
1330
49.52
24243
	
1333
49.52
24244
	
1329
50.46
24268
	
1334
50.46
24269
	
1328
50.49
24293
	
1334
50.67
24438
	
1328
50.67
24439
	
1328
50.57
24463
	
1328
50.57
24464
	
1328
48.40
24488
	
1328
48.40
24489
	
1328
38.27
24513
	
1332
38.27
24514
	
1328
34.92
24538
	
1326
34.92
24539
	
1331
32.96
24686
	
1328
32.96
24687
	
1328
32.48
24711
	
1327
32.48
24712
	
1328
32.29
24737
	
1328
32.29
24738
	
1328
32.04
24762
	
1323
32.04
24763
	
1319
32.01
24787
	
1328
32.01
24788
	
1328
30.28
24935
	
1328
30.28
24936
	
1328
30.05
24960
	
1327
30.05
24961
	
1325
30.00
24985
	
1328
30.00
24986
	
1328
29.69
25010
	
1328
29.69
25011
	
1328
29.26
25035
	
1328
29.26
25036
	
1323
23.82
25183
	
1328
23.82
25184
	
1328
22.81
25208
	
1329
22.11
25234
	
1330
22.11
25235
	
1329
25.21
25259
	
1329
25.21
25260
	
1329
35.42
25284
	
1329
35.42
25285
	
1328
35.79
25309
	
1328
35.79
25310
	
1328
35.18
25334
	
1328
34.14
25479
	
1328
34.14
25480
	
1331
33.83
25504
	
1330
33.83
25505
	
1328
30.83
25529
	
1321
30.83
25530
	
1327
19.45
25554
	
1330
19.45
25555
	
1329
13.88
25580
	
1327
13.88
25581
	
1331
0.00
25728
	
1328
0.00
25729
	
1331
0.00
25753
	
1328
0.00
25754
	
1327
0.00
25778
	
1328
0.00
25779
	
1328
0.00
25803
	
1332
0.00
25804
	
1328
0.00
25828
	
1326
0.00
25829
	
1311
0.00
25853
	
1328
0.00
25854
	
1326
1.32
26001
	
1328
1.32
26002
	
1327
2.22
26026
	
1329
2.22
26027
	
1328
2.11
26052
	
1328
2.11
26053
	
1328
2.04
26077
	
1328
2.04
26078
	
1328
2.00
26102
	
1328
2.00
26103
	
1327
2.08
26127
	
1328
2.08
26128
	
1327
1.80
26275
	
1326
1.80
26276
	
1328
1.71
26303
	
1328
1.71
26304
	
1328
2.48
26328
	
1331
2.48
26329
	
1331
11.86
26354
	
1332
11.86
26355
	
1330
15.63
26379
	
1326
15.63
26380
	
1328
15.71
26404
	
1329
15.71
26528
	
1329
15.94
26552
	
1333
15.94
26554
	
1328
15.73
26577
	
1328
15.73
26578
	
1337
10.39
26602
	
1328
10.39
26603
	
1327
2.85
26627
	
1329
2.85
26628
	
1328
1.86
26653
	
1328
1.86
26654
	
1321
0.24
26800
	
1325
0.24
26801
	
1327
0.18
26826
	
1325
0.18
26827
	
1328
0.14
26851
	
1329
0.14
26852
	
1328
0.05
26876
	
1327
0.05
26877
	
1327
0.03
26901
	
1329
0.03
26902
	
1328
0.00
26926
	
1328
0.00
26927
	
1328
0.00
27074
	
1328
0.00
27075
	
1323
0.00
27099
	
1328
0.00
27100
	
1325
0.00
27124
	
1323
0.00
27125
	
1328
0.00
27150
	
1328
0.00
27151
	
1327
0.00
27175
	
1328
0.00
27176
	
1328
0.00
27200
	
1330
0.00
27201
	
1328
0.00
27348
	
1328
0.00
27349
	
1326
0.00
27376
	
1329
0.00
27377
	
1332
3.71
27401
	
1328
3.71
27402
	
1329
12.76
27426
	
1330
12.76
27427
	
1328
13.74
27452
	
1331
13.74
27453
	
1330
13.96
27477
	
1331
13.96
27601
	
1328
14.34
27625
	
1323
14.34
27627
	
1329
14.30
27650
	
1333
14.30
27651
	
1332
11.44
27675
	
1326
11.44
27676
	
1327
2.94
27700
	
1328
2.94
27701
	
1329
1.20
27725
	
1328
1.20
27726
	
1328
0.08
27873
	
1328
0.08
27874
	
1328
0.09
27898
	
1329
0.09
27899
	
1328
0.00
27923
	
1327
0.00
27924
	
1327
0.00
27949
	
1326
0.00
27950
	
1322
0.00
27974
	
1317
0.00
27975
	
1327
0.00
27999
	
1328
0.00
28000
	
1328
0.00
28147
	
1327
0.00
28148
	
1328
0.00
28172
	
1328
0.00
28173
	
1328
0.00
28197
	
1331
0.00
28198
	
1325
0.00
28222
	
1328
0.00
28223
	
1325
0.00
28247
	
1327
0.00
28248
	
1329
0.00
28273
	
1329
0.00
28274
	
1328
0.00
28420
	
1328
0.00
28421
	
1328
0.00
28446
	
1328
0.00
28447
	
1328
0.41
28471
	
1328
0.41
28472
	
1328
9.70
28496
	
1329
9.70
28497
	
1328
12.61
28521
	
1328
12.61
28522
	
1325
12.98
28546
	
1330
12.98
28670
	
1326
13.42
28694
	
1340
13.42
28696
	
1328
13.30
28719
	
1326
13.30
28720
	
1327
12.33
28744
	
1331
12.33
28745
	
1333
4.80
28769
	
1327
4.80
28770
	
1328
0.00
28795
	
1328
0.00
28796
	
1328
0.00
28942
	
1328
0.00
28943
	
1328
0.00
28968
	
1328
0.00
28969
	
1327
0.00
28993
	
1327
0.00
28994
	
1328
0.00
29018
	
1327
0.00
29019
	
1328
0.00
29043
	
1328
0.00
29044
	
1328
0.00
29068
	
1327
0.00
29069
	
1327
0.00
29216
	
1328
0.00
29217
	
1328
0.00
29241
	
1328
0.00
29242
	
1327
0.00
29266
	
1318
0.00
29267
	
1323
0.00
29292
	
1328
0.00
29293
	
1327
0.00
29317
	
