=~=~=~=~=~=~=~=~=~=~=~= PuTTY log 2024.11.29 13:30:50 =~=~=~=~=~=~=~=~=~=~=~=
319
13723.49
	
227
13714.54
	
287
13714.54
	
185
13707.97
	
259
13707.97
	
813
13713.10
	
321
13713.10
	
221
13713.15
	
282
13713.15
	
182
13725.41
	
294
13725.41
	
195
13780.01
	
224
13780.01
	
141
13781.01
	
261
13781.01
	
177
13776.49
	
269
13776.49
	
172
13778.40
	
272
13778.40
	
163
13778.62
	
265
13778.62
	
322
13779.20
	
253
13779.20
	
173
13778.77
	
267
13778.77
	
848
13777.93
	
309
13777.93
	
204
13777.85
	
272
13777.85
	
176
13777.59
	
284
13777.59
	
186
13777.69
	
273
13777.69
	
173
13777.23
	
266
13777.23
	
169
13777.49
	
261
13777.49
	
176
13777.72
	
268
13777.72
	
171
13777.46
	
272
13777.46
	
165
13777.42
	
263
13777.42
	
166
13777.95
	
267
13777.95
	
853
13777.16
	
350
13777.16
	
238
13777.68
	
267
13777.68
	
167
13764.85
	
295
13764.85
	
195
13720.97
	
219
13720.97
	
132
13724.11
	
285
13724.11
	
183
13711.90
	
267
13711.90
	
170
13710.35
	
266
13710.35
	
176
13712.35
	
281
13712.35
	
183
13713.43
	
265
13713.43
	
162
13713.21
	
258
13713.21
	
405
13779.18
	
349
13779.18
	
240
13779.81
	
270
13779.81
	
167
13779.53
	
246
13779.53
	
153
13779.01
	
397
13779.01
	
148
13779.31
	
267
13779.31
	
174
13778.82
	
285
13778.82
	
181
13779.05
	
246
13779.05
	
158
13779.52
	
263
13779.52
	
176
13778.76
	
279
13778.76
	
181
13777.92
	
356
13777.92
	
238
13778.57
	
256
13778.57
	
144
13778.48
	
272
13778.48
	
176
13778.60
	
274
13778.60
	
176
13778.43
	
247
13778.43
	
154
13778.56
	
373
13778.56
	
136
13778.56
	
250
13778.56
	
160
13778.46
	
245
13778.46
	
156
13778.22
	
269
13778.22
	
171
13778.17
	
400
13778.17
	
650
13777.79
	
345
13777.79
	
227
13777.68
	
240
13777.68
	
147
13735.76
	
227
13735.76
	
286
13615.93
	
246
13615.93
	
161
13625.31
	
268
13625.31
	
173
13651.58
	
279
13651.58
	
181
13681.19
	
260
13681.19
	
145
13679.40
	
266
13679.40
	
176
13666.27
	
291
13666.27
	
182
13647.71
	
309
13647.71
	
211
13632.69
	
260
13632.69
	
178
13641.30
	
277
13641.30
	
177
13647.13
	
222
13647.13
	
128
13619.07
	
206
13619.07
	
262
13566.49
	
219
13566.49
	
134
13518.77
	
224
13518.77
	
134
13510.11
	
201
13510.11
	
117
13472.15
	
251
13472.15
	
145
13450.91
	
259
13450.91
	
829
13481.19
	
336
13481.19
	
234
13482.33
	
272
13482.33
	
186
13500.13
	
253
13500.13
	
171
13506.85
	
261
13506.85
	
172
13528.66
	
270
13528.66
	
171
13548.49
	
245
13548.49
	
165
13541.54
	
245
13541.54
	
163
13547.29
	
270
13547.29
	
173
13571.01
	
255
13571.01
	
161
13575.90
	
242
13575.90
	
653
13547.04
	
351
13547.04
	
246
13547.99
	
264
13547.99
	
176
13542.78
	
242
13542.78
	
160
13432.75
	
269
13432.75
	
182
13413.66
	
287
13413.66
	
192
13479.02
	
251
13479.02
	
158
13541.26
	
245
13541.26
	
162
13562.81
	
271
13562.81
	
189
13577.66
	
276
13577.66
	
185
13537.31
	
339
13537.31
	
253
13542.69
	
419
13542.69
	
186
13517.70
	
262
13517.70
	
173
13512.50
	
255
13512.50
	
164
13517.88
	
257
13517.88
	
175
13510.45
	
269
13510.45
	
187
13526.17
	
274
13526.17
	
181
13541.36
	
271
13541.36
	
178
13538.90
	
250
13538.90
	
174
13531.14
	
277
13531.14
	
864
13531.87
	
371
13531.87
	
261
13530.32
	
302
13530.32
	
206
13539.18
	
402
13539.18
	
174
13541.92
	
276
13541.92
	
190
13544.02
	
258
13544.02
	
173
13551.37
	
261
13551.37
	
174
13543.05
	
376
13543.05
	
147
13531.48
	
272
13531.48
	
177
13530.95
	
259
13530.95
	
166
13532.11
	
245
13532.11
	
951
13527.76
	
334
13527.76
	
240
13525.99
	
282
13525.99
	
185
13514.63
	
250
13514.63
	
165
13396.57
	
270
13396.57
	
160
13400.37
	
259
13400.37
	
176
13470.94
	
281
13470.94
	
186
13539.63
	
272
13539.63
	
181
13549.59
	
391
13549.59
	
167
13552.10
	
260
13552.10
	
176
13540.34
	
349
13540.34
	
242
13551.20
	
295
13551.20
	
340
13554.24
	
273
13554.24
	
186
13556.00
	
257
13556.00
	
170
13554.67
	
272
13554.67
	
176
13546.34
	
273
13546.34
	
169
13540.61
	
266
13540.61
	
181
13534.87
	
276
13534.87
	
182
13530.07
	
250
13530.07
	
167
13532.43
	
251
13532.43
	
565
13541.42
	
367
13541.42
	
260
13546.61
	
288
13546.61
	
192
13547.20
	
282
13547.20
	
330
13557.71
	
277
13557.71
	
192
13568.87
	
262
13568.87
	
176
13559.12
	
291
13559.12
	
197
13549.16
	
256
13549.16
	
311
13550.82
	
272
13550.82
	
189
13553.18
	
261
13553.18
	
176
13550.36
	
261
13550.36
	
578
13532.55
	
313
13532.55
	
223
13529.45
	
291
13529.45
	
198
13518.87
	
273
13518.87
	
190
13421.12
	
252
13421.12
	
162
13426.36
	
256
13426.36
	
171
13511.33
	
263
13511.33
	
176
13576.17
	
258
13576.17
	
170
13588.06
	
272
13588.06
	
319
13592.67
	
262
13592.67
	
176
13586.29
	
354
13586.29
	
255
13591.59
	
292
13591.59
	
195
13581.03
	
251
13581.03
	
172
13565.93
	
256
13565.93
	
173
13572.13
	
252
13572.13
	
166
13568.70
	
251
13568.70
	
169
13563.55
	
273
13563.55
	
190
13559.97
	
259
13559.97
	
176
13559.58
	
247
13559.58
	
163
13564.66
	
251
13564.66
	
437
13545.52
	
323
13545.52
	
228
13538.24
	
281
13538.24
	
190
13544.31
	
265
13544.31
	
174
13548.43
	
397
13548.43
	
173
13550.17
	
262
13550.17
	
176
13552.95
	
272
13552.95
	
177
13554.48
	
267
13554.48
	
178
13561.06
	
245
13561.06
	
167
13567.85
	
258
13567.85
	
172
13575.06
	
335
13575.06
	
234
13572.81
	
263
13572.81
	
155
13523.36
	
269
13523.36
	
179
13446.19
	
266
13446.19
	
177
13500.27
	
272
13500.27
	
180
13570.86
	
358
13570.86
	
141
13603.36
	
245
13603.36
	
163
13593.99
	
259
13593.99
	
173
13589.02
	
258
13589.02
	
167
13592.11
	
368
13592.11
	
837
13563.97
	
342
13563.97
	
239
13568.34
	
291
13568.34
	
195
13578.29
	
272
13578.29
	
162
13576.70
	
262
13576.70
	
178
13569.47
	
256
13569.47
	
174
13571.51
	
261
13571.51
	
174
13578.32
	
271
13578.32
	
160
13576.39
	
271
13576.39
	
187
13577.07
	
191
