=~=~=~=~=~=~=~=~=~=~=~= PuTTY log 2024.11.30 13:57:57 =~=~=~=~=~=~=~=~=~=~=~=
343
0.43
	
303
0.43
	
192
0.63
	
291
0.63
	
209
0.72
	
313
0.72
	
204
0.49
	
295
0.49
	
162
0.50
	
226
0.50
	
133
0.82
	
261
0.82
	
190
0.50
	
294
0.50
	
191
0.20
	
278
0.20
	
147
0.33
	
306
0.33
	
222
0.32
	
336
0.32
	
225
0.57
	
306
0.57
	
179
0.48
	
233
0.48
	
141
0.34
	
271
0.34
	
187
0.53
	
328
0.53
	
213
0.68
	
275
0.68
	
155
0.37
	
209
0.37
	
128
0.47
	
278
0.47
	
204
0.78
	
302
0.78
	
192
0.82
	
274
0.82
	
144
0.58
	
231
0.58
	
141
0.99
	
287
0.99
	
205
1.88
	
317
1.88
	
192
2.35
	
256
2.35
	
130
3.35
	
231
3.35
	
148
3.66
	
300
3.66
	
303
5.76
	
307
5.76
	
187
8.15
	
265
8.15
	
132
10.44
	
240
10.44
	
170
11.26
	
316
11.26
	
294
11.97
	
294
11.97
	
172
16.62
	
240
16.62
	
128
22.16
	
242
22.16
	
169
27.07
	
308
27.07
	
294
59.43
	
329
65.11
	
244
65.11
	
145
73.73
	
283
73.73
	
300
90.90
	
307
90.90
	
189
97.71
	
252
97.71
	
128
104.74
	
226
104.74
	
158
111.15
	
271
111.15
	
281
112.06
	
304
112.06
	
183
110.07
	
224
110.07
	
120
103.65
	
243
103.65
	
171
89.07
	
311
89.07
	
290
82.45
	
285
82.45
	
165
82.11
	
217
82.11
	
113
83.48
	
230
83.48
	
159
83.92
	
410
83.92
	
203
84.97
	
301
84.97
	
172
88.59
	
211
88.59
	
125
97.33
	
243
97.33
	
172
146.87
	
381
146.87
	
240
152.32
	
256
152.32
	
135
158.92
	
224
158.92
	
158
165.14
	
304
165.14
	
304
170.30
	
304
170.30
	
179
172.65
	
220
172.65
	
118
175.29
	
249
175.29
	
175
177.82
	
298
177.82
	
275
180.88
	
284
180.88
	
165
185.08
	
216
185.08
	
120
197.08
	
259
197.08
	
182
207.18
	
405
207.18
	
192
209.61
	
286
209.61
	
158
210.70
	
227
210.70
	
135
206.91
	
375
206.91
	
362
204.72
	
292
204.72
	
170
204.87
	
227
204.87
	
115
232.98
	
238
232.98
	
163
250.97
	
334
250.97
	
302
252.08
	
283
252.08
	
165
248.67
	
231
248.67
	
129
244.49
	
261
244.49
	
181
242.09
	
322
242.09
	
295
240.12
	
278
240.12
	
160
235.93
	
203
235.93
	
116
206.42
	
246
206.42
	
175
179.95
	
401
179.95
	
190
171.71
	
277
171.71
	
145
177.82
	
307
177.82
	
219
178.18
	
304
178.18
	
304
178.59
	
276
178.59
	
160
179.85
	
219
179.85
	
113
182.16
	
241
182.16
	
173
185.15
	
323
185.15
	
290
190.87
	
290
190.87
	
166
196.71
	
222
196.71
	
127
200.69
	
240
200.69
	
166
204.00
	
304
204.00
	
272
207.76
	
288
207.76
	
150
209.17
	
207
209.17
	
122
210.15
	
272
210.15
	
192
211.80
	
377
211.80
	
173
220.30
	
282
220.30
	
162
220.67
	
249
220.67
	
171
221.64
	
286
221.64
	
285
222.21
	
304
222.21
	
176
222.40
	
214
222.40
	
123
228.98
	
241
228.98
	
167
266.23
	
317
266.23
	
277
286.22
	
269
286.22
	
144
289.99
	
219
289.99
	
130
287.40
	
240
287.40
	
167
284.71
	
303
284.71
	
270
281.47
	
286
281.47
	
151
279.73
	
221
279.73
	
129
273.08
	
251
273.08
	
182
214.55
	
365
214.55
	
226
215.80
	
240
215.80
	
135
216.14
	
258
216.14
	
181
216.48
	
297
216.48
	
290
217.24
	
294
217.24
	
171
217.39
	
213
217.39
	
129
217.94
	
241
217.94
	
172
218.11
	
302
218.11
	
267
218.13
	
265
218.13
	
146
216.99
	
226
216.99
	
138
217.31
	
255
217.31
	
179
216.61
	
409
216.61
	
193
215.99
	
279
215.99
	
141
216.48
	
225
216.48
	
133
218.56
	
391
218.56
	
359
219.09
	
304
219.09
	
181
219.32
	
214
219.32
	
124
219.47
	
240
219.47
	
171
220.38
	
313
220.38
	
298
221.55
	
290
221.55
	
159
221.34
	
208
221.12
	
273
221.12
	
192
235.91
	
320
235.91
	
282
280.20
	
254
280.20
	
142
297.43
	
229
297.43
	
143
296.58
	
279
296.58
	
199
291.67
	
381
291.67
	
174
289.56
	
274
289.56
	
150
287.81
	
244
287.81
	
148
278.50
	
256
278.50
	
177
212.82
	
352
212.82
	
225
213.26
	
251
213.26
	
152
213.07
	
267
213.07
	
181
212.68
	
292
212.68
	
273
212.76
	
256
212.76
	
141
213.25
	
243
213.25
	
148
212.47
	
270
212.47
	
185
211.72
	
308
211.72
	
272
211.93
	
272
211.93
	
149
212.46
	
229
212.46
	
141
213.09
	
298
213.09
	
208
213.33
	
373
213.33
	
169
213.07
	
267
213.07
	
144
212.52
	
234
212.52
	
146
211.45
	
359
211.45
	
329
211.82
	
274
211.82
	
167
212.21
	
241
212.21
	
150
212.38
	
250
212.38
	
170
211.59
	
310
211.59
	
272
211.60
	
285
211.60
	
162
211.54
	
231
211.54
	
144
211.50
	
245
