=~=~=~=~=~=~=~=~=~=~=~= PuTTY log 2024.12.01 13:55:54 =~=~=~=~=~=~=~=~=~=~=~=
1325
46.87
640533
	
1330
46.71
640557
	
1314
46.71
640558
	
1298
33.49
640582
	
1323
33.49
640583
	
1313
0.00
640730
	
1311
0.00
640731
	
1312
0.00
640755
	
1312
0.00
640756
	
1312
0.00
640781
	
1314
0.00
640782
	
1315
0.00
640806
	
1310
0.00
640807
	
1311
0.00
640831
	
1311
0.00
640832
	
1308
0.00
640979
	
1308
0.00
640980
	
1311
0.00
641004
	
1314
0.00
641005
	
1314
0.00
641029
	
1310
0.00
641030
	
1306
0.00
641054
	
1311
0.00
641055
	
1311
0.00
641079
	
1311
0.00
641080
	
1311
0.00
641227
	
1314
0.00
641228
	
1293
0.00
641252
	
1283
0.00
641253
	
1294
0.00
641278
	
1290
0.00
641279
	
1298
0.00
641303
	
1314
0.00
641304
	
1313
0.00
641328
	
1312
0.00
641329
	
1311
0.00
641476
	
1290
0.06
641501
	
1294
0.06
641502
	
1296
17.59
641526
	
1314
17.59
641527
	
1291
43.14
641551
	
1327
43.14
641552
	
1326
47.68
641576
	
1315
47.68
641577
	
1306
35.33
641601
	
1316
35.33
641602
	
1313
0.00
641749
	
1311
0.00
641750
	
1310
0.00
641774
	
1310
0.00
641775
	
1296
0.00
641800
	
1312
0.00
641801
	
1306
0.00
641825
	
1313
0.00
641826
	
1310
0.00
641850
	
1312
0.00
641851
	
1299
0.00
641998
	
1295
0.00
641999
	
1312
0.00
642023
	
1311
0.00
642024
	
1299
0.00
642048
	
1303
0.00
642049
	
1313
0.00
642073
	
1312
0.00
642074
	
1311
0.00
642098
	
1314
0.00
642099
	
1313
0.00
642246
	
1313
0.00
642247
	
1303
0.00
642271
	
1303
0.00
642272
	
1294
0.00
642296
	
1313
0.00
642297
	
1309
0.00
642322
	
1312
0.00
642323
	
1310
0.00
642347
	
1313
0.00
642348
	
1313
0.00
642495
	
1313
0.00
642496
	
1312
0.00
642520
	
1313
0.00
642545
	
1312
0.00
642546
	
1298
1.94
642570
	
1298
1.94
642571
	
1298
29.98
642595
	
1297
29.98
642596
	
1319
45.26
642620
	
1325
45.26
642621
	
1325
47.01
642768
	
1331
47.01
642769
	
1328
46.73
642793
	
1326
46.73
642794
	
1328
38.37
642819
	
1318
38.37
642820
	
1321
8.15
642844
	
1317
8.15
642845
	
1296
0.00
642869
	
1315
0.00
642870
	
1311
0.00
643017
	
1310
0.00
643018
	
1313
0.00
643042
	
1315
0.00
643043
	
1311
0.00
643067
	
1312
0.00
643068
	
1309
0.00
643092
	
1311
0.00
643093
	
1311
0.00
643117
	
1313
0.00
643118
	
1311
0.00
643265
	
1310
0.00
643266
	
1312
0.00
643290
	
1306
0.00
643291
	
1306
0.00
643315
	
1300
0.00
643316
	
1313
0.00
643341
	
1313
0.00
643342
	
1313
0.00
643366
	
1314
0.00
643367
	
1311
0.00
643514
	
1306
0.00
643515
	
1309
0.00
643539
	
1311
0.00
643540
	
1315
0.01
643564
	
1299
0.03
643589
	
1301
0.03
643590
	
1307
5.12
643614
	
1282
5.12
643615
	
1303
35.56
643639
	
1295
35.56
643640
	
1321
47.34
643787
	
1309
47.34
643788
	
1328
46.95
643812
	
1328
46.95
643813
	
1325
38.81
643838
	
1321
38.81
643839
	
1328
8.70
643863
	
1322
8.70
643864
	
1315
0.00
643888
	
1309
0.00
643889
	
1312
0.00
644036
	
1312
0.00
644037
	
1313
0.00
644061
	
1313
0.00
644062
	
1312
0.00
644086
	
1313
0.00
644087
	
1312
0.00
644111
	
1311
0.00
644112
	
1309
0.00
644136
	
1312
0.00
644137
	
1300
0.00
644284
	
1310
0.00
644285
	
1311
0.00
644309
	
1297
0.00
644310
	
1305
0.00
644334
	
1312
0.00
644335
	
1310
0.00
644360
	
1313
0.00
644361
	
1312
0.00
644385
	
1310
0.00
644386
	
1312
0.00
644533
	
1314
0.00
644534
	
1311
0.00
644558
	
1311
0.00
644559
	
1294
0.00
644583
	
1312
0.00
644584
	
1301
0.00
644608
	
1310
0.00
644633
	
1298
0.00
644634
	
1294
9.07
644658
	
1296
9.07
644659
	
1315
47.18
644806
	
1328
47.18
644807
	
1329
46.97
644831
	
1331
46.97
644832
	
1328
39.70
644856
	
1319
39.70
644857
	
1324
9.47
644882
	
1317
9.47
644883
	
1311
0.00
644907
	
1314
0.00
644908
	
1312
0.00
645055
	
1311
0.00
645056
	
1314
0.00
645080
	
1311
0.00
645081
	
1313
0.00
645105
	
1309
0.00
645106
	
1307
0.00
645130
	
1313
0.00
645131
	
1310
0.00
645155
	
1313
0.00
645156
	
1312
0.00
645303
	
1285
0.00
645304
	
1295
0.00
645328
	
1313
0.00
645329
	
1308
0.00
645353
	
1293
0.00
645354
	
1312
0.00
645379
	
1311
0.00
645380
	
1309
0.00
645404
	
1310
0.00
645405
	
1312
0.00
645552
	
1311
0.00
645553
	
1310
0.00
645577
	
1310
0.00
645578
	
1296
0.00
645602
	
1311
0.00
645603
	
1312
0.00
645627
	
1292
0.00
645628
	
1294
0.00
645652
	
1302
0.00
645677
	
1275
0.00
645678
	
1296
47.88
645825
	
1328
47.88
645826
	
1328
47.51
645850
	
1306
47.51
645851
	
1329
47.46
645876
	
1327
47.46
645877
	
1327
36.09
645901
	
1325
36.09
645902
	
1306
5.98
645926
	
1311
5.98
645927
	
