=~=~=~=~=~=~=~=~=~=~=~= PuTTY log 2024.11.30 14:40:00 =~=~=~=~=~=~=~=~=~=~=~=
218
0.18
296719
	
129
0.36
296743
	
207
0.36
296744
	
144
0.30
296768
	
299
0.30
296769
	
110
0.12
296793
	
202
0.12
296794
	
97
0.00
296819
	
145
0.00
296820
	
313
0.02
296966
	
261
0.02
296967
	
280
0.08
296992
	
211
0.08
296993
	
112
0.25
297017
	
144
0.25
297018
	
64
0.20
297042
	
166
0.20
297043
	
110
0.09
297067
	
226
0.09
297068
	
231
0.07
297092
	
206
0.07
297093
	
297
0.02
297240
	
193
0.02
297241
	
123
0.10
297265
	
201
0.10
297266
	
141
0.21
297290
	
215
0.21
297291
	
115
0.18
297315
	
163
0.18
297316
	
62
0.12
297341
	
142
0.12
297342
	
92
0.00
297366
	
218
0.00
297367
	
348
0.10
297514
	
224
0.10
297515
	
111
0.15
297539
	
139
0.15
297540
	
69
0.28
297564
	
200
0.20
297589
	
284
0.20
297590
	
109
0.32
297614
	
191
0.32
297615
	
84
0.04
297639
	
141
0.04
297640
	
74
0.31
297665
	
202
0.31
297666
	
341
0.35
297812
	
231
0.35
297813
	
118
0.36
297838
	
130
0.36
297839
	
52
0.19
297863
	
159
0.19
297864
	
103
0.00
297888
	
305
0.00
297889
	
115
0.00
297913
	
183
0.00
297914
	
86
0.09
297938
	
129
0.09
297939
	
304
0.21
298086
	
252
0.21
298087
	
272
0.17
298111
	
194
0.17
298112
	
97
0.12
298136
	
153
0.12
298137
	
65
0.02
298162
	
158
0.02
298163
	
97
0.02
298187
	
208
0.02
298188
	
214
0.17
298212
	
189
0.17
298213
	
310
0.20
298360
	
210
0.20
298361
	
128
0.10
298385
	
186
0.10
298386
	
124
0.10
298410
	
196
0.10
298411
	
112
0.00
298435
	
173
0.00
298436
	
74
0.05
298460
	
155
0.05
298461
	
85
0.12
298486
	
192
0.12
298487
	
362
0.26
298633
	
239
0.26
298634
	
86
0.19
298659
	
137
0.19
298660
	
62
0.32
298684
	
173
0.32
298685
	
111
0.15
298709
	
314
0.15
298710
	
123
0.27
298734
	
177
0.27
298735
	
79
0.41
298759
	
142
0.41
298760
	
287
0.38
298907
	
256
0.38
298908
	
253
0.20
298932
	
170
0.20
298933
	
87
0.00
298957
	
151
0.00
298958
	
69
0.08
298983
	
163
0.08
298984
	
102
0.21
299008
	
297
0.21
299009
	
111
0.18
299033
	
180
0.18
299034
	
268
0.18
299181
	
199
0.18
299182
	
125
0.09
299206
	
178
0.09
299207
	
209
0.05
299231
	
195
0.05
299232
	
107
0.02
299256
	
155
0.02
299257
	
64
0.22
299281
	
144
0.22
299282
	
80
0.27
299307
	
192
0.27
299308
	
352
0.18
299454
	
233
0.18
299455
	
123
0.07
299480
	
169
0.07
299481
	
89
0.00
299505
	
175
0.00
299506
	
115
0.16
299530
	
209
0.16
299531
	
119
0.21
299555
	
173
0.21
299556
	
76
0.22
299580
	
146
0.22
299581
	
289
0.22
299728
	
333
0.22
299729
	
95
0.09
299753
	
175
0.09
299754
	
81
0.17
299778
	
146
0.17
299779
	
69
0.42
299804
	
176
0.42
299805
	
112
0.40
299829
	
277
0.40
299830
	
97
0.35
299854
	
189
0.35
299855
	
272
0.25
300002
	
189
0.25
300003
	
117
0.18
300027
	
192
0.18
300028
	
199
0.20
300052
	
193
0.20
300053
	
99
0.00
300077
	
160
0.00
300078
	
70
0.32
300103
	
161
0.32
300104
	
98
0.16
300128
	
305
0.16
300129
	
355
0.11
300276
	
223
0.11
300277
	
113
0.05
300301
	
170
0.05
300302
	
92
0.19
300326
	
180
0.19
300327
	
211
0.28
300351
	
193
0.28
300352
	
110
0.28
300376
	
169
0.28
300377
	
69
0.17
300401
	
145
0.17
300402
	
315
0.13
300549
	
333
0.13
300550
	
144
0.15
300574
	
208
0.15
300575
	
107
0.20
300600
	
145
0.20
300601
	
78
0.28
300625
	
183
0.28
300626
	
116
0.18
300650
	
198
0.18
300651
	
113
0.16
300675
	
187
0.16
300676
	
273
0.03
300823
	
211
0.03
300824
	
127
0.07
300851
	
199
0.07
300852
	
111
0.35
300876
	
188
0.35
300877
	
81
0.46
300901
	
149
0.46
300902
	
80
0.32
300927
	
197
0.32
300928
	
209
0.29
300952
	
190
0.29
300953
	
292
0.22
301100
	
188
0.22
301101
	
102
0.29
301125
	
170
0.29
301126
	
97
0.23
301150
	
203
0.23
301151
	
118
0.18
301175
	
186
0.18
301176
	
90
0.18
301200
	
144
0.18
301201
	
71
0.05
301225
	
176
0.05
301226
	
320
0.09
301373
	
236
0.09
301374
	
131
0.22
301398
	
174
0.22
301399
	
77
0.32
301424
	
179
0.32
301425
	
112
0.22
301449
	
275
0.22
301450
	
106
0.08
301474
	
192
0.08
301475
	
97
0.03
301499
	
144
0.03
301500
	
277
0.15
301647
	
240
0.15
301648
	
255
0.25
301672
	
222
0.25
301673
	
125
0.30
301697
	
173
0.30
301698
	
69
0.10
301722
	
144
0.10
301723
	
80
0.06
301748
	
301
0.06
301749
	
130
0.02
301773
	
221
0.02
301774
	
304
0.21
301921
	
172
0.21
301922
	
80
0.24
301949
	
277
0.24
301950
	
105
0.67
301974
	
209
0.67
301975
	
110
0.26
301999
	
144
0.26
302000
	
60
0.29
302024
	
149
0.29
302025
	
97
0.19
302050
	
218
0.19
302051
	
359
0.39
302198
	
210
0.39
302199
	
97
0.52
302223
	
138
0.52
302224
	
78
0.04
302248
	
281
0.04
302249
	
114
0.17
302273
	
208
0.17
302274
	
111
0.03
302298
	
172
0.03
302299
	
66
0.16
302323
	
144
0.16
302324
	
314
0.25
302471
	
258
0.25
302472
	
162
0.27
302496
	
192
0.27
302497
	
83
0.15
302522
	
139
0.15
302523
	
74
0.07
302547
	
182
0.07
302548
	
208
0.03
302572
	
204
0.03
302573
	
115
0.21
302597
	
191
0.21
302598
	
257
0.19
302745
	
204
0.19
302746
	
135
0.25
302770
	
219
0.25
302771
	
134
0.12
302795
	
191
0.12
302796
	
96
0.16
302820
	
145
0.16
302821
	
69
0.16
302846
	
171
0.16
302847
	
202
0.19
302871
	
205
0.19
302872
	
336
0.30
303019
	
214
0.30
303020
	
83
0.36
303047
	
177
0.36
303048
	
199
0.37
303072
	
226
0.37
303073
	
134
0.21
303097
	
202
0.21
303098
	
86
0.28
303122
	
159
0.28
303123
	
82
0.35
303148
	
291
0.35
303149
	
342
0.40
303295
	
240
0.40
303296
	
130
0.34
303321
	
130
0.34
303322
	
61
0.00
303346
	
166
0.00
303347
	
202
0.04
303371
	
207
0.04
303372
	
121
0.08
303396
	
183
0.08
303397
	
83
0.30
303421
	
128
0.30
303422
	
290
0.31
303569
	
315
0.31
303570
	
142
0.07
303594
	
202
0.07
303595
	
107
0.03
303619
	
158
0.03
303620
	
74
0.11
303645
	
157
0.11
303646
	
91
0.23
303670
	
190
0.23
303671
	
116
0.28
303695
	
181
0.28
303696
	
283
0.24
303843
	
