=~=~=~=~=~=~=~=~=~=~=~= PuTTY log 2024.11.29 12:48:39 =~=~=~=~=~=~=~=~=~=~=~=
0.00
	
3187
0.00
	
3033
0.00
	
2559
0.00
	
2330
0.00
	
2135
0.00
	
1949
0.00
	
1766
13733.52
	
1182
13733.52
	
943
13728.21
	
562
13728.21
	
553
13704.71
	
336
13704.71
	
267
13643.53
	
413
13643.53
	
265
13638.60
	
233
13638.60
	
112
13631.77
	
208
13631.77
	
151
13627.89
	
318
13627.89
	
234
13634.13
	
299
13634.13
	
176
13634.16
	
209
13634.16
	
109
13632.80
	
209
13632.80
	
155
13631.67
	
305
13631.67
	
225
13624.97
	
301
13624.97
	
173
13619.13
	
210
13619.13
	
380
13683.16
	
328
13683.16
	
266
13683.88
	
336
13683.88
	
208
13689.08
	
233
13689.08
	
110
13692.88
	
198
13692.88
	
144
13697.47
	
293
13697.47
	
236
13705.21
	
318
13705.21
	
192
13710.65
	
226
13710.65
	
108
13713.31
	
195
13713.31
	
144
13715.26
	
317
13715.26
	
235
13716.67
	
303
13716.67
	
365
13733.39
	
382
13733.39
	
144
13734.03
	
287
13734.03
	
225
13735.65
	
310
13735.65
	
194
13748.89
	
240
13748.89
	
114
13747.40
	
304
13747.40
	
91
13747.23
	
257
13747.23
	
202
13744.01
	
319
13744.01
	
195
13741.84
	
228
13741.84
	
103
13744.90
	
182
13744.90
	
133
13746.63
	
281
13746.63
	
470
13756.85
	
325
13756.85
	
181
13762.73
	
200
13762.73
	
224
13770.98
	
241
13770.98
	
186
13773.10
	
321
13773.10
	
219
13781.03
	
262
13781.03
	
125
13788.50
	
304
13788.50
	
81
13795.04
	
254
13795.04
	
205
13799.72
	
316
13799.72
	
208
13803.20
	
273
13803.20
	
129
13805.74
	
320
13805.74
	
384
13815.51
	
371
13815.51
	
274
13816.96
	
310
13816.96
	
178
13818.04
	
195
13818.04
	
234
13819.79
	
231
13819.79
	
176
13820.51
	
319
13820.51
	
219
13820.73
	
279
13820.73
	
146
13821.81
	
179
13821.81
	
207
13823.12
	
232
13823.12
	
177
13822.75
	
320
13822.75
	
222
13826.92
	
289
13826.92
	
154
13829.01
	
187
13829.01
	
144
13854.91
	
321
13854.91
	
235
13884.05
	
299
13884.05
	
171
13873.95
	
193
13873.95
	
228
13867.98
	
203
13867.98
	
155
13865.49
	
301
13865.49
	
223
13865.20
	
298
13865.20
	
172
13861.84
	
173
13861.84
	
198
13848.93
	
229
13848.93
	
498
13864.93
	
382
13864.93
	
241
13865.19
	
247
13865.19
	
126
13866.75
	
187
13866.75
	
143
13866.33
	
288
13866.33
	
226
13865.72
	
326
13865.72
	
196
13866.96
	
231
13866.96
	
109
13867.74
	
208
13867.74
	
157
13867.75
	
304
13867.75
	
225
13869.07
	
318
13869.07
	
185
13868.32
	
199
13868.32
	
332
13874.77
	
315
13874.77
	
256
13878.65
	
327
13878.65
	
211
13879.39
	
249
13879.39
	
112
13878.48
	
185
13878.48
	
117
13878.79
	
261
13878.79
	
208
13880.91
	
320
13880.91
	
195
13880.91
	
225
13880.91
	
107
13879.19
	
185
13879.19
	
130
13880.11
	
277
13880.11
	
221
13882.70
	
342
13882.70
	
193
13884.48
	
294
13884.48
	
80
13904.01
	
240
13904.01
	
191
13906.27
	
323
13906.27
	
222
13894.13
	
263
13894.13
	
125
13888.49
	
181
13888.49
	
112
13884.74
	
256
13884.74
	
204
13883.79
	
320
13883.79
	
208
13885.05
	
242
13885.05
	
107
13876.48
	
189
13876.48
	
397
13860.50
	
370
13860.50
	
273
13864.10
	
304
13864.10
	
174
13863.62
	
320
13863.62
	
82
13862.42
	
239
13862.42
	
182
13864.29
	
319
13864.29
	
221
13864.87
	
279
13864.87
	
149
13865.74
	
306
13865.74
	
79
13866.89
	
231
13866.89
	
177
13867.17
	
321
13867.17
	
213
13866.31
	
254
13866.31
	
463
13884.29
	
250
13884.29
	
187
13886.07
	
312
13886.07
	
229
13883.79
	
299
13883.79
	
176
13881.66
	
201
13881.66
	
209
13880.94
	
219
13880.94
	
165
13883.46
	
326
13883.46
	
238
13883.91
	
290
13883.91
	
164
13880.47
	
304
13880.47
	
71
13880.92
	
240
13880.92
	
178
13882.42
	
308
13882.42
	
426
13882.43
	
313
13882.43
	
330
13885.45
	
254
13885.45
	
167
13902.02
	
274
13902.02
	
190
13903.99
	
273
13903.99
	
176
13901.57
	
272
13901.57
	
301
13897.02
	
240
13897.02
	
155
13897.05
	
255
13897.05
	
170
13897.52
	
261
13897.52
	
161
13894.69
	
236
13894.69
	
254
13885.51
	
239
13885.51
	
416
13863.99
	
332
13863.99
	
219
13864.58
	
270
13864.58
	
161
13865.42
	
249
13865.42
	
159
13865.70
	
268
13865.70
	
182
13866.48
	
271
13866.48
	
170
13868.00
	
243
13868.00
	
277
13867.58
	
225
13867.58
	
144
13868.58
	
252
13868.58
	
175
13868.43
	
261
13868.43
	
166
13869.61
	
320
13869.61
	
211
13869.04
	
261
13869.04
	
176
13869.46
	
272
13869.46
	
175
13869.07
	
255
13869.07
	
153
13870.56
	
226
13870.56
	
142
13872.24
	
277
13872.24
	
195
13873.79
	
274
13873.79
	
178
13875.17
	
257
13875.17
	
147
13876.34
	
237
13876.34
	
149
13875.81
	
256
13875.81
	
417
13877.64
	
320
13877.64
	
208
13877.55
	
229
13877.55
	
145
13897.05
	
246
13897.05
	
171
13910.51
	
269
13910.51
	
173
13911.19
	
255
13911.19
	
154
13906.55
	
233
13906.55
	
144
13903.75
	
245
13903.75
	
165
13903.54
	
272
13903.54
	
179
13903.00
	
263
13903.00
	
157
13896.06
	
237
13896.06
	
403
13871.57
	
320
13871.57
	
220
13873.79
	
272
13873.79
	
175
13874.24
	
358
13874.24
	
116
13875.25
	
240
13875.25
	
159
13877.81
	
267
13877.81
	
175
13879.21
	
265
13879.21
	
170
13879.87
	
234
13879.87
	
143
13880.29
	
245
13880.29
	
164
13880.62
	
259
13880.62
	
171
13884.12
	
323
13884.12
	
324
13884.77
	
251
13884.77
	
165
13884.94
	
257
13884.94
	
176
13884.46
	
259
13884.46
	
167
13885.09
	
355
13885.09
	
112
13885.02
	
254
13885.02
	
164
13884.95
	
259
13884.95
	
173
13884.11
	
256
13884.11
	
160
13883.96
	
343
13883.96
	
109
13883.30
	
229
13883.30
	
423
13884.31
	
319
13884.31
	
208
13884.97
	
247
13884.97
	
275
13907.37
	
239
13907.37
	
150
13923.51
	
256
13923.51
	
175
13927.22
	
272
13927.22
	
173
13922.64
	
241
13922.64
	
258
13920.20
	
236
13920.20
	
150
13918.39
	
273
13918.39
	
189
13916.66
	
262
13916.66
	
166
13911.86
	
351
13911.86
	
362
13884.50
	
301
13884.50
	
212
13885.32
	
293
13885.32
	
189
13886.95
	
256
13886.95
	
283
13887.59
	
228
13887.59
	
144
13888.12
	
270
13888.12
	
183
13888.89
	
287
13888.89
	
182
13889.62
	
255
13889.62
	
270
13891.05
	
240
13891.05
	
161
13891.17
	
257
13891.17
	
176
13892.16
	
336
13892.16
	
223
13893.02
	
240
13893.02
	
154
13894.73
	
249
13894.73
	
167
13895.67
	
272
13895.67
	
178
13894.80
	
265
13894.80
	
161
13894.60
	
230
13894.60
	
144
13895.79
	
272
13895.79
	
186
13896.12
	
273
13896.12
	
174
13896.49
	
254
13896.49
	
286
13897.02
	
240
13897.02
	
400
13896.35
	
332
13896.35
	
226
13896.62
	
265
13896.62
	
162
13913.84
	
241
13913.84
	
147
13926.36
	
247
13926.36
	
160
13933.23
	
284
13933.23
	
183
13930.53
	
272
13930.53
	
171
13927.07
	
224
13927.07
	
137
13924.38
	
259
13924.38
	
176
13922.44
	
257
13922.44
	
171
13885.59
	
432
13885.59
	
176
13888.31
	
257
13888.31
	
169
13888.78
	
265
13888.78
	
176
13888.31
	
261
13888.31
	
165
13889.87
	
231
13889.87
	
141
13890.71
	
240
13890.71
	
155
13890.12
	
259
13890.12
	
170
13890.99
	
257
13890.99
	
157
13893.29
	
230
13893.29
	
139
13893.89
	
259
13893.89
	
428
13895.17
	
348
13895.17
	
231
13896.16
	
368
13896.16
	
125
13896.49
	
235
13896.49
	
155
13896.55
	
257
13896.55
	
175
13897.62
	
265
13897.62
	
167
13896.58
	
357
13896.58
	
115
13897.50
	
231
13897.50
	
148
13898.17
	
263
13898.17
	
175
13897.16
	
258
13897.16
	
164
13896.56
	
234
13896.56
	
402
