=~=~=~=~=~=~=~=~=~=~=~= PuTTY log 2024.12.02 12:49:08 =~=~=~=~=~=~=~=~=~=~=~=
1328
0.00
14985
	
1328
0.00
14988
	
1328
0.00
14990
	
1328
0.00
14991
	
1329
0.00
14993
	
1328
0.00
14995
	
1328
0.40
15019
	
1353
0.40
15143
	
1345
42.80
15167
	
1339
42.80
15168
	
1350
42.94
15192
	
1348
42.94
15193
	
1354
33.52
15217
	
1347
33.52
15218
	
1349
6.04
15242
	
1338
6.04
15243
	
1341
0.00
15268
	
1331
0.00
15269
	
1327
0.00
15415
	
1328
0.00
15416
	
1328
0.00
15441
	
1329
0.00
15442
	
1329
0.00
15466
	
1328
0.00
15467
	
1328
0.00
15491
	
1328
0.00
15492
	
1330
0.00
15516
	
1333
0.00
15517
	
1329
0.00
15541
	
1328
0.00
15542
	
1328
0.00
15689
	
1329
0.00
15690
	
1328
0.00
15714
	
1328
0.00
15715
	
1328
0.00
15740
	
1321
0.00
15741
	
1328
0.00
15765
	
1329
0.00
15766
	
1328
0.00
15790
	
1327
0.00
15791
	
1328
0.00
15815
	
1328
0.00
15816
	
1328
0.00
15963
	
1328
0.00
15964
	
1329
0.00
15988
	
1333
0.00
15989
	
1329
0.00
16013
	
1328
0.00
16038
	
1339
0.00
16039
	
1340
11.87
16064
	
1348
11.87
16065
	
1345
35.86
16089
	
1347
35.86
16090
	
1347
41.07
16114
	
1351
41.07
16238
	
1329
0.00
16262
	
1328
0.00
16263
	
1328
0.00
16287
	
1328
0.00
16288
	
1328
0.00
16312
	
1328
0.00
16313
	
1327
0.00
16337
	
1330
0.00
16338
	
1328
0.00
16362
	
1326
0.00
16363
	
1328
0.00
16388
	
1328
0.00
16512
	
1331
0.00
16535
	
1328
0.00
16536
	
1328
0.00
16561
	
1327
0.00
16562
	
1327
0.00
16586
	
1328
0.00
16587
	
1329
0.00
16611
	
1327
0.00
16612
	
1329
0.00
16636
	
1328
0.00
16637
	
1322
0.00
16661
	
1322
0.00
16785
	
1328
0.00
16809
	
1329
0.00
16810
	
1327
0.00
16834
	
1329
0.00
16835
	
1326
0.00
16860
	
1328
0.00
16861
	
1328
0.00
16885
	
1328
0.00
16886
	
1331
0.00
16910
	
1328
0.00
16911
	
1328
0.00
17058
	
1329
0.00
17059
	
1328
0.00
17083
	
1328
0.00
17108
	
1328
0.00
17109
	
1329
1.68
17133
	
1344
1.68
17134
	
1344
31.58
17158
	
1348
31.58
17159
	
1354
44.11
17184
	
1349
44.11
17185
	
1346
40.97
17209
	
1356
40.97
17210
	
1328
0.00
17357
	
1328
0.00
17358
	
1322
0.00
17382
	
1325
0.00
17383
	
1328
0.00
17407
	
1327
0.00
17408
	
1328
0.00
17432
	
1322
0.00
17433
	
1328
0.00
17457
	
1328
0.00
17458
	
1328
0.00
17482
	
1326
0.00
17606
	
1328
0.00
17630
	
1328
0.00
17631
	
1327
0.00
17655
	
1328
0.00
17656
	
1325
0.00
17681
	
1329
0.00
17682
	
1328
0.00
17706
	
1321
0.00
17707
	
1328
0.00
17731
	
1328
0.00
17732
	
1330
0.00
17756
	
1328
0.00
17880
	
1329
0.00
17904
	
1328
0.00
17905
	
1328
0.00
17929
	
1328
0.00
17930
	
1328
0.00
17954
	
1330
0.00
17955
	
1326
0.00
17980
	
1318
0.00
17981
	
1328
0.00
18005
	
1327
0.00
18006
	
1328
0.00
18030
	
1322
0.00
18154
	
1327
0.00
18178
	
1328
0.00
18179
	
1329
0.00
18206
	
1329
0.00
18207
	
1328
0.21
18231
	
1339
0.21
18232
	
1329
29.05
18256
	
1347
29.05
18257
	
1350
41.24
18282
	
1350
41.24
18283
	
1354
0.00
18429
	
1329
0.00
18430
	
1329
0.00
18455
	
1327
0.00
18456
	
1328
0.00
18480
	
1328
0.00
18481
	
1328
0.00
18505
	
1328
0.00
18506
	
1327
0.00
18530
	
1325
0.00
18531
	
1330
0.00
18555
	
1316
0.00
18556
	
1328
0.00
18703
	
1328
0.00
18704
	
1327
0.00
18728
	
1329
0.00
18729
	
1328
0.00
18753
	
1328
0.00
18754
	
1329
0.00
18779
	
1331
0.00
18780
	
1328
0.00
18804
	
1327
0.00
18805
	
1317
0.00
18829
	
1326
0.00
18830
	
1328
0.00
18977
	
1328
0.00
18978
	
1327
0.00
19002
	
1326
0.00
19003
	
1328
0.00
19027
	
1328
0.00
19028
	
1327
0.00
19052
	
1328
0.00
19053
	
1326
0.00
19078
	
1325
0.00
19079
	
1322
0.00
19103
	
1328
0.00
19104
	
1322
0.00
19251
	
1323
0.00
19252
	
1327
0.00
19279
	
1342
0.00
19280
	
1346
15.24
19304
	
1345
15.24
19305
	
1344
40.05
19329
	
1354
40.05
19330
	
1350
46.69
19354
	
1351
46.69
19355
	
1360
36.04
19380
	
1347
36.04
19504
	
1329
4.27
19527
	
1318
4.27
19528
	
1331
5.20
19553
	
1328
5.20
19554
	
1328
5.72
19578
	
1330
5.72
19579
	
1328
6.50
19603
	
1328
6.50
19604
	
1328
7.38
19628
	
1328
7.38
19629
	
1331
11.85
19776
	
1320
11.85
19777
	
1332
12.00
19801
	
1328
12.00
19802
	
1328
12.50
19826
	
1325
12.50
19827
	
1326
12.69
19851
	
1328
12.69
19852
	
1328
12.44
19877
	
1329
12.44
19878
	
1328
13.64
20025
	
1328
13.64
20026
	
1327
13.80
20050
	
1328
13.80
20051
	
1319
13.73
20075
	
1327
13.73
20076
	
1329
13.89
20100
	
1324
13.89
20101
	
1323
13.81
20125
	
1328
13.81
20126
	
1328
13.66
20273
	
1328
13.66
20274
	
1330
13.53
20298
	
1328
13.57
20323
	
1325
13.57
20324
	
1328
16.04
20349
	
1350
16.04
20350
	
1342
46.15
20374
	
1347
46.15
20375
	
1354
64.07
20399
	
1340
64.07
20400
	
1341
48.21
20424
	
1341
11.57
20569
	
1327
11.57
20570
	
1328
11.71
20594
	
1328
11.71
20595
	
1328
11.89
20619
	
1329
11.89
20620
	
1328
12.09
20644
	
1328
12.09
20645
	
1328
12.25
20669
	
1328
12.25
20670
	
1328
12.10
20817
	
1328
12.10
20818
	
1321
12.23
20842
	
1324
12.23
20843
	
1321
12.14
20868
	
1325
12.14
20869
	
1319
12.26
20893
	
1327
12.26
20894
	
1327
12.14
20918
	
1328
12.14
20919
	
1328
11.91
21066
	
1327
11.91
21067
	
1328
11.88
21091
	
1329
11.88
21092
	
1327
11.93
21116
	
1327
11.93
21117
	
1321
11.92
21141
	
1321
11.92
21142
	
1328
11.91
21167
	
1325
11.91
21168
	
1327
11.89
21314
	
1326
11.89
21315
	
1327
11.79
21340
	
1328
11.61
21365
	
1328
11.61
21366
	
1328
14.52
21390
	
1344
14.52
21391
	
1344
46.13
21415
	
1347
46.13
21416
	
1345
62.54
21440
	
1346
62.54
21441
	
1350
44.79
21465
	
1339
9.56
21610
	
1322
9.56
21611
	
1327
9.78
21635
	
1321
9.78
21636
	
1330
9.90
21660
	
1328
9.90
21661
	
1328
9.82
21686
	
1328
9.82
21687
	
1323
9.80
21711
	
1328
9.80
21712
	
1327
9.88
21736
	
1328
9.88
21737
	
1318
9.95
21884
	
1310
9.95
21885
	
1322
10.03
21909
	
1326
10.03
21910
	
1328
10.15
21934
	
1319
10.15
21935
	
1328
10.23
21959
	
1327
10.23
21960
	
1327
10.35
21985
	
1327
10.35
21986
	
1327
10.19
22010
	
1328
10.21
22154
	
1327
10.21
22155
	
1326
10.19
22180
	
1328
10.19
22181
	
1328
10.13
22205
	
1326
10.13
22206
	
1327
10.07
22230
	
1328
10.07
22231
	
1323
10.13
22255
	
1327
10.13
22256
	
1328
10.34
22403
	
1328
10.34
22404
	
1328
10.39
22428
	
1327
10.52
22453
	
1338
10.52
22454
	
1339
21.62
22478
	
1347
21.62
22479
	
1350
54.31
22504
	
1345
54.31
22505
	
1344
60.49
22529
	
1347
60.49
22530
	
1335
33.06
22554
	
1339
9.26
22699
	
1319
9.26
22700
	
1325
9.34
22724
	
1327
9.34
22725
	
1329
9.52
22749
	
1328
9.52
22750
	
1328
9.65
22774
	
1330
9.65
22775
	
1325
9.77
22799
	
1328
9.77
22800
	
1328
9.84
22824
	
1330
9.84
22825
	
1329
9.65
22972
	
1328
9.65
22973
	
1321
9.49
22998
	
1327
9.49
22999
	
1323
9.31
23023
	
1328
9.31
23024
	
1327
9.30
23048
	
1320
9.30
23049
	
1326
9.32
23073
	
1328
9.32
23074
	
1327
9.39
23098
	
1326
9.39
23099
	
1327
9.80
23246
	
1327
9.80
23247
	
1328
9.86
23271
	
1330
9.86
23272
	
1323
9.81
23296
	
1327
9.81
23297
	
1326
9.93
23322
	
1325
9.93
23323
	
1314
9.84
23347
	
1319
9.84
23348
	
1326
9.79
23372
	
1325
9.79
23373
	
1328
9.81
23520
	
1328
9.81
23521
	
1326
9.97
23548
	
1328
9.97
23549
	
1328
15.43
23573
	
1334
15.43
23574
	
1333
49.37
23598
	
1345
49.37
23599
	
1347
63.40
23624
	
1346
63.40
23625
	
1344
61.01
23649
	
1355
61.01
23773
	
1328
8.41
23797
	
1328
8.41
23798
	
1328
8.56
23822
	
1328
8.56
23823
	
1323
8.59
23847
	
1328
8.59
23848
	
1321
8.80
23872
	
1323
8.80
23873
	
1328
9.01
23897
	
1327
9.01
23898
	
1328
9.97
24045
	
1327
9.97
24046
	
1328
10.05
24070
	
1328
10.05
24071
	
1327
9.99
24095
	
1328
9.99
24096
	
1327
9.98
24121
	
1326
9.98
24122
	
1325
10.04
24146
	
1328
10.04
24147
	
1311
10.08
24171
	
1327
10.08
24295
	
1327
10.17
24319
	
1325
10.17
24320
	
1327
10.06
24344
	
1328
10.06
24345
	
1328
10.10
24369
	
1329
10.10
24370
	
1326
10.08
24394
	
1327
10.08
24395
	
1328
10.04
24420
	
1325
10.04
24421
	
1328
9.94
24567
	
1315
9.94
24568
	
1327
10.04
24593
	
1328
10.04
24594
	
1343
20.69
24618
	
1349
20.69
24619
	
1343
53.87
24643
	
1344
53.87
24644
	
1344
60.40
24668
	
1347
60.40
24669
	
1344
32.08
24693
	
1337
32.08
24817
	
1328
8.36
24841
	
1328
8.36
24842
	
1328
8.38
24866
	
1328
8.38
24867
	
1325
8.49
24891
	
1323
8.49
24892
	
1318
8.55
24917
	
1327
8.55
24918
	
1328
8.75
24942
	
1328
8.75
24943
	
1328
8.89
25090
	
1327
8.89
25091
	
1328
8.84
25115
	
1328
8.84
25116
	
1328
8.90
25140
	
1328
8.90
25141
	
1327
8.88
25165
	
1328
8.88
25166
	
1323
8.94
25190
	
1317
8.94
25191
	
1317
8.83
25216
	
1325
8.83
25217
	
1325
9.42
25363
	
1325
9.42
25364
	
1326
9.50
25389
	
1326
9.50
25390
	
1328
9.59
25414
	
1328
9.59
25415
	
1327
9.59
25439
	
1328
9.59
25440
	
1318
9.61
25464
	
1328
9.61
25465
	
1324
9.66
25489
	
1322
9.66
25490
	
1326
9.69
25637
	
1328
9.69
25638
	
1327
9.74
25662
	
1323
9.74
25663
	
1326
11.76
25687
	
1344
11.76
25688
	
1345
41.78
25713
	
1344
41.78
25714
	
1343
61.13
25738
	
1349
61.13
25739
	
1351
47.13
25763
	
1339
8.39
25908
	
1319
8.39
25909
	
1326
8.14
25933
	
1330
8.14
25934
	
1321
7.96
25958
	
1323
7.96
25959
	
1328
7.23
25983
	
1328
7.23
25984
	
1326
6.73
26008
	
1326
6.73
26009
	
1328
6.64
26034
	
1329
6.64
26035
	
1327
3.71
26181
	
1325
3.71
26182
	
1327
3.01
26207
	
1329
3.01
26208
	
1328
2.20
26232
	
1318
2.20
26233
	
1321
1.27
26257
	
1327
1.27
26258
	
1328
0.49
26282
	
1322
0.49
26283
	
1327
0.40
26307
	
1327
0.40
26308
	
1326
4.64
26455
	
1327
4.64
26456
	
1327
4.93
26480
	
1328
4.93
26481
	
1329
5.19
26505
	
1328
5.19
26506
	
1328
5.01
26531
	
1313
5.01
26532
	
1315
4.67
26556
	
1328
4.67
26557
	
1328
4.33
26581
	
1325
4.33
26582
	
1326
2.52
26729
	
1328
2.52
26730
	
1326
2.55
26757
	
1339
2.55
26758
	
1342
17.71
26782
	
1339
17.71
26783
	
1346
45.38
26807
	
1337
45.38
26808
	
1355
52.50
26833
	
1345
52.50
26834
	
1346
42.68
26858
	
1347
42.68
26982
	
1323
0.43
27006
	
1328
0.43
27007
	
1324
0.65
27031
	
1328
0.65
27032
	
1328
0.89
27056
	
1328
0.89
27057
	
1328
0.87
27081
	
1329
0.87
27082
	
1326
0.85
27106
	
1325
0.85
27107
	
1315
1.07
27254
	
1327
1.07
27255
	
1327
1.33
27279
	
1328
1.33
27280
	
1329
1.37
27305
	
1328
1.37
27306
	
1328
1.36
27330
	
1328
1.36
27331
	
1328
1.57
27355
	
1328
1.57
27356
	
1330
1.66
27380
	
1327
1.66
27381
	
1326
1.86
27528
	
1328
1.86
27529
	
1327
1.93
27553
	
1319
1.93
27554
	
1326
1.86
27578
	
1330
1.86
27579
	
1328
1.55
27603
	
1326
1.55
27604
	
1326
1.35
27629
	
1326
1.35
27630
	
1328
1.23
27654
	
1328
1.23
27655
	
1315
1.09
27802
	
1327
1.09
27803
	
1325
1.20
27830
	
1328
1.20
27831
	
1338
8.29
27855
	
1343
8.29
27856
	
1350
40.06
27880
	
1348
40.06
27881
	
1347
52.25
27905
	
1344
52.25
27906
	
1344
48.62
27931
	
1347
48.62
28055
	
1328
0.07
28078
	
1326
0.07
28079
	
1328
0.40
28104
	
1327
0.40
28105
	
1329
0.76
28129
	
1328
0.76
28130
	
1327
1.12
28154
	
1327
1.12
28155
	
1328
1.40
28179
	
1328
1.40
28180
	
1326
1.51
28204
	
1327
1.51
28328
	
1328
1.67
28352
	
1322
1.67
28353
	
1324
1.63
28377
	
1325
1.63
28378
	
1328
1.60
28402
	
1317
1.60
28403
	
1327
1.65
28428
	
1328
1.65
28429
	
1327
1.55
28453
	
1328
1.55
28454
	
1326
1.36
28478
	
1328
1.36
28602
	
1323
1.04
28626
	
1329
1.04
28627
	
1323
0.99
28651
	
1318
0.99
28652
	
1315
0.94
28676
	
1325
0.94
28677
	
1328
0.71
28701
	
1323
0.71
28702
	
1328
0.75
28727
	
1328
0.75
28728
	
1328
0.60
28752
	
1328
0.60
28876
	
1328
0.46
28900
	
1328
0.46
28901
	
1327
0.32
28928
	
1326
0.32
28929
	
1334
5.49
28953
	
1339
5.49
28954
	
1343
35.90
28978
	
1351
35.90
28979
	
1345
50.07
29003
	
1345
50.07
29004
	
1344
0.00
29151
	
1328
0.00
29152
	
1328
0.00
29176
	
1327
0.00
29177
	
1328
0.00
29202
	
1314
0.00
29203
	
1323
0.00
29227
	
1328
0.00
29228
	
1328
0.00
29252
	
1324
0.00
29253
	
1327
0.00
29277
	
1328
0.00
29278
	
1328
0.00
29425
	
1328
0.00
29426
	
1328
0.00
29450
	
1328
0.00
29451
	
1327
0.00
29475
	
1328
0.00
29476
	
1328
0.00
29501
	
1328
0.00
29502
	
1323
0.00
29526
	
1321
0.00
29527
	
1318
0.00
29551
	
1325
0.00
29552
	
1327
0.00
29699
	
1328
0.00
29700
	
1328
0.00
29724
	
1328
0.00
29725
	
1324
0.00
29749
	
1327
0.00
29750
	
1328
0.00
29774
	
1325
0.00
29775
	
1329
0.00
29799
	
1328
0.00
29800
	
1327
0.00
29825
	
1322
0.00
29826
	
1328
0.00
29972
	
1328
0.00
29973
	
1328
0.00
29998
	
1345
0.00
29999
	
1343
14.98
30023
	
1348
14.98
30024
	
1339
42.73
30048
	
1350
42.73
30049
	
1348
49.46
30073
	
1345
49.46
30074
	
1353
0.00
30221
	
1327
0.00
30222
	
1328
0.00
30246
	
1328
0.00
30247
	
1327
0.00
30271
	
1327
0.00
30272
	
1328
0.00
30297
	
1328
0.00
30298
	
1319
0.00
30322
	
1328
0.00
30323
	
1328
0.00
30347
	
1328
0.00
30348
	
1315
0.00
30495
	
1327
0.00
30496
	
1322
0.00
30520
	
1313
0.00
30521
	
1328
0.00
30545
	
1328
0.00
30546
	
1328
0.00
30570
	
1328
0.00
30571
	
1326
0.00
30595
	
1328
0.00
30596
	
1328
0.00
30621
	
1328
0.00
30622
	
1330
0.00
30769
	
1323
0.00
30770
	
1322
0.00
30794
	
1327
0.00
30795
	
1331
0.00
30819
	
1318
0.00
30820
	
1321
0.00
30844
	
1327
0.00
30845
	
1328
0.00
30869
	
1322
0.00
30870
	
1328
0.00
30894
	
1327
0.00
30895
	
1327
0.00
31042
	
1329
0.00
31043
	
1326
0.00
31067
	
1328
0.00
31068
	
1328
3.40
31093
	
1344
3.40
31094
	
1335
33.43
31118
	
1343
33.43
31119
	
1350
47.90
31143
	
1326
47.90
31144
	
1338
46.86
31168
	
1344
46.86
31292
	
1327
0.00
31316
	
1329
0.00
31317
	
1327
0.00
31341
	
1328
0.00
31342
	
1327
0.00
31366
	
1328
0.00
31367
	
1324
0.00
31392
	
1328
0.00
31393
	
1315
0.00
31417
	
1328
0.00
31418
	
1327
0.00
31565
	
1325
0.00
31566
	
1328
0.00
31590
	
1326
0.00
31591
	
1328
0.00
31615
	
1326
0.00
31616
	
1328
0.00
31640
	
1328
0.00
31641
	
1328
0.00
31665
	
1325
0.00
31666
	
1326
0.00
31690
	
1327
0.00
31691
	
1315
0.00
31838
	
1330
0.00
31839
	
1326
0.00
31864
	
1328
0.00
31865
	
1326
0.00
31889
	
1328
0.00
31890
	
1328
0.00
31914
	
1328
0.00
31915
	
1328
0.00
31939
	
1327
0.00
31940
	
1326
0.00
31964
	
1329
0.00
31965
	
1322
0.00
32112
	
1323
0.00
32113
	
1327
0.00
32137
	
1328
0.00
32138
	
1334
9.55
32162
	
1345
9.55
32163
	
1345
34.50
32188
	
1347
34.50
32189
	
1351
39.86
32213
	
1347
39.86
32214
	
1350
29.69
32238
	
1343
29.69
32362
	
