=~=~=~=~=~=~=~=~=~=~=~= PuTTY log 2024.12.02 11:53:03 =~=~=~=~=~=~=~=~=~=~=~=
1354
27.33
7234
	
1355
28.16
7258
	
1345
28.16
7259
	
1350
28.70
7283
	
1347
28.70
7284
	
1346
23.72
7308
	
1346
23.72
7309
	
1344
7.24
7333
	
1333
7.24
7334
	
1333
0.33
7359
	
1330
0.33
7360
	
1328
0.00
7506
	
1328
0.00
7507
	
1333
0.00
7532
	
1328
0.00
7533
	
1328
0.00
7557
	
1326
0.00
7558
	
1328
0.00
7582
	
1327
0.00
7583
	
1328
0.00
7607
	
1326
0.00
7608
	
1328
0.00
7632
	
1328
0.00
7633
	
1323
0.00
7657
	
1332
0.00
7781
	
1328
0.00
7805
	
1328
0.00
7806
	
1328
0.00
7830
	
1328
0.00
7831
	
1328
0.00
7855
	
1328
0.00
7856
	
1328
0.00
7881
	
1328
0.00
7882
	
1328
0.00
7906
	
1327
0.00
7907
	
1328
0.00
7931
	
1328
0.00
7932
	
1327
0.00
8079
	
1327
0.00
8080
	
1327
0.00
8107
	
1342
0.00
8108
	
1333
6.27
8132
	
1341
6.27
8133
	
1341
21.77
8157
	
1348
21.77
8158
	
1346
26.32
8182
	
1347
26.32
8183
	
1346
27.63
8208
	
1346
27.63
8209
	
1344
29.17
8355
	
1349
29.17
8356
	
1345
29.22
8381
	
1351
29.22
8382
	
1349
25.30
8406
	
1350
25.30
8407
	
1351
8.04
8431
	
1337
8.04
8432
	
1335
0.00
8456
	
1328
0.00
8457
	
1328
0.00
8481
	
1330
0.00
8482
	
1328
0.00
8629
	
1327
0.00
8630
	
1332
0.00
8654
	
1328
0.00
8655
	
1328
0.00
8679
	
1328
0.00
8680
	
1328
0.00
8704
	
1328
0.00
8705
	
1328
0.00
8730
	
1328
0.00
8731
	
1327
0.00
8755
	
1328
0.00
8756
	
1325
0.00
8780
	
1327
0.00
8904
	
1328
12.82
8928
	
1323
12.82
8929
	
1327
17.89
8953
	
1328
17.89
8954
	
1330
20.76
8978
	
1328
20.76
8979
	
1328
22.71
9003
	
1328
22.71
9004
	
1327
24.11
9028
	
1328
24.11
9029
	
1328
24.19
9053
	
1328
24.19
9177
	
1328
1.94
9201
	
1329
1.94
9202
	
1328
0.00
9226
	
1335
0.00
9227
	
1331
4.30
9252
	
1344
4.30
9253
	
1342
20.51
9277
	
1346
20.51
9278
	
1346
25.05
9302
	
1355
25.05
9303
	
1349
26.06
9327
	
1355
26.06
9328
	
1349
50.88
9475
	
1354
50.88
9477
	
1349
57.80
9500
	
1347
57.80
9501
	
1345
60.37
9525
	
1354
60.37
9526
	
1355
47.04
9550
	
1335
47.04
9551
	
1332
39.50
9575
	
1326
39.50
9576
	
1327
38.83
9601
	
1328
38.83
9725
	
1327
46.34
9748
	
1327
46.34
9749
	
1328
46.12
9774
	
1327
46.12
9775
	
1327
46.64
9799
	
1328
46.64
9800
	
1328
46.50
9824
	
1327
46.50
9825
	
1325
46.02
9849
	
1326
46.02
9850
	
1326
47.06
9874
	
1323
47.06
9998
	
1325
53.28
10022
	
1328
53.28
10023
	
1325
53.25
10047
	
1330
53.25
10048
	
1326
52.91
10072
	
1326
52.91
10073
	
1326
52.98
10097
	
1326
52.98
10098
	
1326
53.04
10123
	
1325
53.04
10124
	
1325
52.52
10270
	
1323
52.52
10271
	
1328
52.41
10296
	
1326
52.41
10297
	
1328
54.60
10321
	
1337
54.60
10322
	
1334
79.44
10346
	
1343
79.44
10347
	
1344
93.71
10371
	
1344
93.71
10372
	
1345
98.27
10519
	
1347
98.27
10520
	
1349
98.48
10544
	
1347
98.48
10545
	
1346
90.20
10569
	
1346
90.20
10570
	
1344
65.33
10594
	
1330
65.33
10595
	
1330
53.53
10619
	
1327
53.53
10620
	
1328
48.51
10767
	
1325
48.51
10768
	
1326
48.44
10792
	
1324
48.44
10793
	
1325
48.28
10818
	
1323
48.28
10819
	
1326
48.58
10843
	
1323
48.58
10844
	
1323
49.16
10868
	
1326
49.16
10869
	
1326
48.93
11016
	
1323
48.93
11017
	
1322
49.16
11041
	
1327
49.16
11042
	
1324
49.56
11066
	
1324
49.56
11067
	
1325
49.84
11091
	
1325
49.84
11092
	
1325
49.84
11116
	
1325
49.84
11117
	
1323
50.14
11264
	
1325
50.14
11265
	
1326
50.12
11289
	
1327
50.12
11290
	
1326
50.07
11314
	
1327
50.08
11340
	
1325
50.08
11341
	
1328
54.19
11365
	
1333
54.19
11366
	
1334
80.62
11390
	
1344
80.62
11391
	
1344
94.62
11415
	
1351
98.16
11560
	
1347
98.16
11561
	
1347
97.70
11585
	
1348
97.70
11586
	
1347
88.67
11610
	
1344
88.67
11611
	
1343
64.50
11635
	
1328
64.50
11636
	
1330
52.54
11660
	
1328
52.54
11661
	
1327
47.15
11808
	
1328
47.15
11809
	
1325
47.01
11833
	
1326
47.01
11834
	
1325
47.42
11858
	
1323
47.42
11859
	
1326
47.88
11884
	
1325
47.88
11885
	
1323
48.64
11909
	
1325
48.64
11910
	
1326
49.38
12056
	
1327
49.38
12057
	
1323
49.28
12082
	
1325
49.28
12083
	
1323
49.53
12107
	
1325
49.53
12108
	
1326
49.84
12132
	
1325
49.84
12133
	
1327
50.07
12157
	
1326
50.07
12158
	
1325
50.15
12305
	
1323
50.15
12306
	
1324
50.37
12330
	
1325
50.37
12331
	
1323
50.46
12355
	
1323
50.97
12380
	
1325
50.97
12381
	
1327
56.08
12405
	
1335
56.08
12406
	
1341
82.96
12431
	
1347
82.96
12432
	
1344
95.88
12456
	
1344
99.17
12600
	
1350
99.17
12601
	
1350
98.80
12626
	
1346
98.80
12627
	
1349
88.39
12651
	
1346
88.39
12652
	
1344
62.89
12676
	
1335
62.89
12677
	
1329
51.22
12701
	
1328
51.22
12702
	
1328
48.19
12849
	
1327
48.19
12850
	
1327
48.35
12874
	
1325
48.35
12875
	
1326
48.49
12899
	
1325
48.49
12900
	
1323
48.62
12924
	
1327
48.62
12925
	
1322
48.47
12949
	
1323
48.47
12950
	
1323
49.28
13097
	
1322
49.28
13098
	
1325
49.31
13122
	
1327
49.31
13123
	
1323
48.96
13148
	
1324
48.96
13149
	
1327
48.83
13173
	
1323
48.83
13174
	
1327
48.57
13198
	
1326
48.57
13199
	
1325
48.57
13346
	
1327
48.57
13347
	
1325
48.69
13371
	
1323
48.69
13372
	
1326
48.82
13396
	
1325
48.83
13421
	
1327
48.83
13422
	
1326
54.65
13446
	
1334
54.65
13447
	
1342
82.02
13471
	
1345
82.02
13472
	
1344
99.32
13619
	
1349
99.32
13620
	
1349
99.34
13644
	
1347
99.34
13645
	
1355
90.12
13670
	
1345
90.12
13671
	
1344
64.21
13695
	
1333
64.21
13696
	
1330
51.39
13720
	
1329
51.39
13721
	
1326
47.43
13868
	
1326
47.43
13869
	
1323
47.26
13893
	
1327
47.26
13894
	
1325
47.18
13918
	
1324
47.18
13919
	
1324
47.05
13943
	
1323
47.05
13944
	
1323
47.19
13968
	
1328
47.19
13969
	
1325
46.85
14116
	
1325
46.85
14117
	
1322
46.80
14141
	
1322
46.80
14142
	
1324
46.97
14166
	
1322
46.97
14167
	
1325
47.08
14192
	
1327
47.08
14193
	
1328
46.96
14217
	
1327
46.96
14218
	
1322
46.62
14365
	
1325
46.62
14366
	
1328
46.90
14390
	
1326
46.90
14391
	
1319
47.40
14415
	
1328
47.40
14416
	
1323
47.34
14440
	
1323
47.22
14465
	
1330
47.22
14466
	
1331
56.66
14490
	
1342
56.66
14491
	
1343
96.29
14638
	
1347
96.29
14639
	
1351
96.22
14663
	
1344
96.22
14664
	
1351
87.66
14688
	
1344
87.66
14689
	
1343
61.02
14714
	
1332
61.02
14715
	
1330
46.73
14739
	
1328
46.73
14740
	
1328
4.23
14887
	
1327
4.23
14888
	
1323
0.00
14912
	
1328
0.00
14913
	
1327
0.00
14937
	
1325
0.00
14938
	
1322
0.00
14962
	
1324
0.00
14963
	
1322
0.00
14987
	
1323
0.00
14988
	
1325
0.00
15012
	
1326
0.00
15013
	
1325
0.00
15160
	
1324
0.00
15161
	
1328
0.00
15185
	
1327
0.00
15186
	
1325
0.00
15210
	
1326
0.00
15211
	
1328
0.00
15236
	
1324
0.00
15237
	
1326
0.00
15261
	
1326
0.00
15262
	
1326
0.00
15286
	
1323
0.00
15287
	
1323
0.00
15434
	
1325
0.00
15435
	
1321
0.00
15459
	
1325
0.00
15460
	
1327
0.00
15484
	
1327
0.00
15509
	
1335
0.00
15510
	
1335
7.96
15534
	
1341
7.96
15535
	
1346
23.63
15559
	
1345
23.63
15560
	
1346
28.10
15585
	
1345
28.10
15709
	
1349
30.45
15732
	
1348
30.45
15734
	
1349
30.65
15758
	
1343
30.65
15759
	
1342
27.85
15783
	
1345
27.85
15784
	
1349
10.52
15808
	
1334
10.52
15809
	
1335
0.21
15833
	
1329
0.21
15834
	
1328
0.00
15981
	
1328
0.00
15982
	
1328
0.00
16006
	
1327
0.00
16007
	
1327
0.00
16031
	
1326
0.00
16032
	
1328
0.00
16056
	
1328
0.00
16057
	
1325
0.00
16081
	
1326
0.00
16082
	
1327
0.00
16107
	
1319
0.00
16108
	
1328
0.00
16254
	
1327
0.00
16255
	
1328
0.00
16280
	
1328
0.00
16281
	
1325
0.00
16305
	
1327
0.00
16306
	
1328
0.00
16330
	
1327
0.00
16331
	
