=~=~=~=~=~=~=~=~=~=~=~= PuTTY log 2024.12.01 13:44:57 =~=~=~=~=~=~=~=~=~=~=~=
1360
0.75
11536
	
1382
0.44
11560
	
1344
0.44
11561
	
1350
0.00
11585
	
1339
0.00
11586
	
1333
0.00
11611
	
1313
0.00
11612
	
1311
0.00
11636
	
1306
0.00
11760
	
1301
0.00
11784
	
1301
0.00
11785
	
1296
0.00
11809
	
1302
0.00
11810
	
1295
0.00
11834
	
1301
0.00
11835
	
1270
0.00
11859
	
1259
0.00
11860
	
1292
0.00
11884
	
1300
0.00
11885
	
1299
0.00
11909
	
1270
0.00
12033
	
1301
0.00
12057
	
1297
0.00
12058
	
1301
0.00
12082
	
1296
0.00
12083
	
1301
0.00
12108
	
1300
0.00
12109
	
1301
0.00
12133
	
1303
0.00
12134
	
1291
0.00
12158
	
1279
0.00
12159
	
1297
0.00
12306
	
1301
0.00
12307
	
1303
0.00
12331
	
1303
0.00
12332
	
1300
0.00
12356
	
1287
0.00
12381
	
1275
0.00
12382
	
1249
0.00
12406
	
1303
0.00
12407
	
1298
8.31
12432
	
1346
8.31
12433
	
1344
23.20
12457
	
1372
23.20
12458
	
1381
17.44
12605
	
1374
17.44
12606
	
1381
15.95
12630
	
1344
15.95
12631
	
1344
0.00
12655
	
1327
0.00
12656
	
1299
0.00
12680
	
1315
0.00
12681
	
1296
0.00
12705
	
1298
0.00
12706
	
1302
0.00
12730
	
1297
0.00
12854
	
1301
0.00
12878
	
1296
0.00
12879
	
1291
0.00
12903
	
1298
0.00
12904
	
1302
0.00
12929
	
1300
0.00
12930
	
1300
0.00
12954
	
1302
0.00
12955
	
1299
0.00
12979
	
1301
0.00
12980
	
1298
0.00
13004
	
1281
0.00
13128
	
1302
0.00
13152
	
1298
0.00
13153
	
1269
0.00
13177
	
1293
0.00
13178
	
1297
0.00
13202
	
1300
0.00
13203
	
1285
0.00
13227
	
1297
0.00
13228
	
1298
0.00
13253
	
1301
0.00
13254
	
1302
0.00
13278
	
1280
0.00
13402
	
1302
0.00
13425
	
1301
0.00
13426
	
1296
0.00
13451
	
1259
0.00
13452
	
1232
0.00
13476
	
1326
0.00
13477
	
1300
16.93
13501
	
1337
16.93
13502
	
1335
24.45
13526
	
1375
24.45
13527
	
1373
16.55
13674
	
1373
16.55
13675
	
1379
16.22
13699
	
1357
16.22
13700
	
1367
0.00
13724
	
1319
0.00
13725
	
1326
0.00
13749
	
1293
0.00
13750
	
1306
0.00
13775
	
1305
0.00
13776
	
1283
0.00
13800
	
1283
0.00
13801
	
1303
0.00
13948
	
1304
0.00
13949
	
1301
0.00
13973
	
1299
0.00
13974
	
1302
0.00
13998
	
1301
0.00
13999
	
1301
0.00
14023
	
1302
0.00
14024
	
1299
0.00
14048
	
1302
0.00
14049
	
1301
0.00
14073
	
1304
0.00
14197
	
1281
0.00
14221
	
1297
0.00
14222
	
1285
0.00
14246
	
1280
0.00
14247
	
1300
0.00
14271
	
1298
0.00
14272
	
1302
0.00
14297
	
1303
0.00
14298
	
1301
0.00
14322
	
1301
0.00
14323
	
1303
0.00
14347
	
1302
0.00
14471
	
1275
0.00
14495
	
1273
0.00
14496
	
1298
0.00
14523
	
1261
0.00
14524
	
1271
0.00
14548
	
1297
0.00
14549
	
1309
9.53
14573
	
1345
9.53
14574
	
1344
22.09
14599
	
1367
22.09
14600
	
1370
22.87
14624
	
1379
22.87
14748
	
1370
15.55
14772
	
1376
15.55
14773
	
1378
15.20
14797
	
1346
15.20
14798
	
1367
1.47
14822
	
1319
1.47
14823
	
1325
0.00
14847
	
1310
0.00
14848
	
1311
0.00
14872
	
1307
0.00
14873
	
1305
0.00
15020
	
1301
0.00
15021
	
1301
0.00
15045
	
1300
0.00
15046
	
1264
0.00
15070
	
1296
0.00
15071
	
1292
0.00
15095
	
1296
0.00
15096
	
1287
0.00
15121
	
1299
0.00
15122
	
1298
0.00
15146
	
1301
0.00
15147
	
1300
0.00
15294
	
1298
0.00
15295
	
1297
0.00
15319
	
1299
0.00
15320
	
1301
0.00
15344
	
1284
0.00
15345
	
1299
0.00
15369
	
1299
0.00
15370
	
1298
0.00
15394
	
1265
0.00
15395
	
1271
0.00
15419
	
1301
0.00
15420
	
1299
0.00
15567
	
1298
0.00
15568
	
1301
0.00
15592
	
1290
0.00
15593
	
1296
0.00
15617
	
1274
0.00
15618
	
1277
0.00
15643
	
1329
0.00
15644
	
1326
18.36
15668
	
1361
18.36
15669
	
1356
23.13
15693
	
1366
23.13
15817
	
1383
15.60
15841
	
1377
15.60
15842
	
1378
14.85
15866
	
1348
14.85
15867
	
1341
0.00
15891
	
1327
0.00
15892
	
1328
0.00
15916
	
1314
0.00
15917
	
1311
0.00
15941
	
1301
0.00
15942
	
1307
0.00
16089
	
1280
0.00
16090
	
1291
0.00
16114
	
1301
0.00
16115
	
1300
0.00
16139
	
1277
0.00
16140
	
1299
0.00
16165
	
1302
0.00
16166
	
1300
0.00
16190
	
1298
0.00
16191
	
1302
0.00
16215
	
1297
0.00
16216
	
1302
0.00
16363
	
1301
0.00
16364
	
1297
0.00
16388
	
1290
0.00
16389
	
1286
0.00
16413
	
1274
0.00
16414
	
1283
0.00
16438
	
1280
0.00
16439
	
1299
0.00
16463
	
1300
0.00
16464
	
1301
0.00
16489
	
1301
0.00
16490
	
1302
0.00
16636
	
1280
0.00
16637
	
1302
0.00
16661
	
1277
0.00
16662
	
1269
0.00
16687
	
1300
0.00
16688
	
1299
6.76
16712
	
1293
6.76
16713
	
1330
20.66
16737
	
1370
20.66
16738
	
1371
22.17
16762
	
1343
22.17
16886
	
1377
14.97
16910
	
1381
14.97
16911
	
1373
14.42
16935
	
1361
14.42
16936
	
1375
3.85
16960
	
1334
3.85
16961
	
1332
0.00
16985
	
1315
0.00
16986
	
1314
0.00
17011
	
1299
0.00
17012
	
1307
0.00
17158
	
1302
0.00
17159
	
1301
0.00
17183
	
1296
0.00
17184
	
1302
0.00
17209
	
1299
0.00
17210
	
1299
0.00
17234
	
1299
0.00
17235
	
1306
0.00
17259
	
1302
0.00
17260
	
1300
0.00
17284
	
1296
0.00
17285
	
1271
0.00
17432
	
1303
0.00
17433
	
1301
0.00
17457
	
1274
0.00
17458
	
1301
0.00
17482
	
1303
0.00
17483
	
1301
0.00
17507
	
1302
0.00
17508
	
1299
0.00
17533
	
1303
0.00
17534
	
1298
0.00
17558
	
1302
0.00
17559
	
1295
0.00
17705
	
1301
0.00
17706
	
1283
0.00
17731
	
1237
0.00
17732
	
1232
0.00
17756
	
1301
0.00
17757
	
1328
13.59
17781
	
1357
13.59
17782
	
1361
21.70
17806
	
1375
21.70
17807
	
1373
20.85
17831
	
1380
20.85
17955
	
1377
14.22
17979
	
1379
14.22
17980
	
1376
13.50
18004
	
1360
13.50
18005
	
1328
0.00
18029
	
1319
0.00
18030
	
1328
0.00
18055
	
1312
0.00
18056
	
1310
0.00
18080
	
1286
0.00
18081
	
1306
0.00
18227
	
1298
0.00
18228
	
1302
0.00
18253
	
1302
0.00
18254
	
1297
0.00
18278
	
1297
0.00
18279
	
1299
0.00
18303
	
1299
0.00
18304
	
1301
0.00
18328
	
1301
0.00
18329
	
1269
0.00
18353
	
1285
0.00
18354
	
1298
0.00
18501
	
1300
0.00
18502
	
1300
0.00
18526
	
1302
0.00
18527
	
1303
0.00
18551
	
1301
0.00
18552
	
1298
0.00
18577
	
1303
0.00
18578
	
1301
0.00
18602
	
1301
0.00
18603
	
1303
0.00
18627
	
1301
0.00
18628
	
1297
0.00
18775
	
1289
0.00
18776
	
1294
0.00
18803
	
1264
0.00
18804
	
1265
0.00
18828
	
1294
0.00
18829
	
1305
7.36
18853
	
1344
7.36
18854
	
1344
19.96
18878
	
1370
19.96
18879
	
1373
21.27
18904
	
1373
21.27
18905
	
1379
14.32
19051
	
1351
14.32
19052
	
1377
13.65
19077
	
1373
13.65
19078
	
1367
0.00
19102
	
1331
0.00
19103
	
1333
0.00
19127
	
1312
0.00
19128
	
1313
0.00
19152
	
1309
0.00
19153
	
1307
0.00
19177
	
1283
0.00
19301
	
