=~=~=~=~=~=~=~=~=~=~=~= PuTTY log 2024.11.29 15:53:20 =~=~=~=~=~=~=~=~=~=~=~=
1238
14046.86
	
1260
14046.86
	
1269
14051.36
	
1293
14051.36
	
1292
14045.47
	
1291
14045.47
	
1298
14029.81
	
1301
14029.81
	
1298
14017.94
	
1301
14017.94
	
1299
14015.03
	
1325
14015.03
	
1321
13976.48
	
1262
13976.48
	
1264
13970.70
	
1233
13970.70
	
1232
14003.10
	
1228
14003.10
	
1231
14016.33
	
1232
14016.33
	
1230
14021.41
	
1226
14021.41
	
1229
14022.27
	
1228
14022.27
	
1232
14026.21
	
1227
14026.21
	
1229
14025.63
	
1227
14025.63
	
1230
14026.45
	
1231
14026.45
	
1227
14026.24
	
1229
14026.24
	
1222
14026.75
	
1226
14026.75
	
1227
14026.93
	
1229
14026.93
	
1232
14026.43
	
1231
14026.43
	
1229
14027.18
	
1228
14027.18
	
1230
14027.63
	
1232
14027.63
	
1231
14027.64
	
1232
14027.64
	
1230
14027.84
	
1227
14027.84
	
1221
14027.39
	
1228
14027.39
	
1224
14027.40
	
1229
14027.40
	
1225
14027.50
	
1221
14027.13
	
1250
14027.13
	
1264
14047.11
	
1274
14047.11
	
1275
14048.83
	
1296
14048.83
	
1296
14039.41
	
1308
14039.41
	
1348
14016.72
	
1306
14016.72
	
1300
14011.82
	
1319
14011.82
	
1305
13974.19
	
1259
13974.19
	
1249
13971.92
	
1230
13971.92
	
1232
14003.85
	
1231
14003.85
	
1229
14016.59
	
1223
14016.59
	
1229
14020.70
	
1230
14020.70
	
1227
14021.57
	
1227
14021.57
	
1230
14023.98
	
1230
14023.98
	
1221
14025.43
	
1216
14025.43
	
1226
14025.27
	
1229
14025.27
	
1223
14026.31
	
1230
14026.31
	
1227
14024.54
	
1229
14024.54
	
1217
14025.97
	
1228
14025.97
	
1229
14026.48
	
1229
14026.48
	
1227
14025.84
	
1229
14025.84
	
1227
14026.76
	
1232
14026.76
	
1227
14026.28
	
1226
14026.28
	
1219
14025.96
	
1227
14025.96
	
1226
14025.43
	
1227
14025.43
	
1226
14026.25
	
1229
14026.25
	
1232
14025.82
	
1227
14025.82
	
1231
14026.89
	
1229
14028.65
	
1263
14028.65
	
1264
14049.70
	
1292
14049.70
	
1291
14048.48
	
1297
14048.48
	
1343
14015.83
	
1302
14015.83
	
1296
14015.67
	
1299
14015.67
	
1305
14003.43
	
1311
14003.43
	
1293
13964.33
	
1238
13964.33
	
1239
13982.80
	
1230
13982.80
	
1230
14008.59
	
1230
14008.59
	
1233
14017.02
	
1230
14017.02
	
1228
14019.72
	
1227
14019.72
	
1226
14023.81
	
1220
14023.81
	
1227
14022.46
	
1229
14022.46
	
1232
14023.56
	
1229
14023.56
	
1232
14024.77
	
1232
14024.77
	
1229
14024.01
	
1229
14024.01
	
1227
14025.34
	
1229
14025.34
	
1232
14024.09
	
1228
14024.09
	
1227
14024.75
	
1226
14024.75
	
1216
14025.36
	
1222
14025.36
	
1228
14025.05
	
1228
14025.05
	
1226
14024.67
	
1226
14024.67
	
1232
14024.91
	
1232
14024.91
	
1227
14025.43
	
1229
14025.43
	
1227
14024.27
	
1227
14024.27
	
1228
14024.96
	
1228
14024.96
	
1226
14025.17
	
1227
14025.71
	
1233
14025.71
	
1235
14039.22
	
1264
14039.22
	
1234
14015.51
	
1298
14015.51
	
1299
14013.61
	
1309
14013.61
	
1307
13998.17
	
1296
13998.17
	
1301
13962.86
	
1239
13962.86
	
1242
13987.03
	
1230
13987.03
	
1226
14011.15
	
1222
14011.15
	
1229
14017.95
	
1227
14017.95
	
1226
14020.43
	
1218
14020.43
	
1230
14022.64
	
1226
14022.64
	
1228
14022.88
	
1227
14022.88
	
1228
14023.27
	
1231
14023.27
	
1226
14022.73
	
1230
14022.73
	
1227
14024.31
	
1228
14024.31
	
1217
14024.59
	
1222
14024.59
	
1227
14024.09
	
1222
14024.09
	
1221
14024.92
	
1228
14024.92
	
1227
14024.32
	
1227
14024.32
	
1230
14024.20
	
1232
14024.20
	
1226
14024.26
	
1226
14024.26
	
1227
14024.56
	
1227
14024.56
	
1229
14023.69
	
1231
14023.69
	
1216
14025.14
	
1221
14025.14
	
1225
14024.27
	
1227
14024.27
	
1230
14024.51
	
1214
14024.51
	
1226
14023.96
	
1231
14025.63
	
1260
14025.63
	
1251
14046.77
	
1282
14046.77
	
1296
14047.20
	
1298
14047.20
	
1296
14032.49
	
1298
14032.49
	
1301
14022.36
	
1296
14022.36
	
1298
14018.65
	
1302
14018.65
	
1301
14016.30
	
1296
14016.30
	
1298
14015.37
	
1327
14015.37
	
1325
14018.53
	
1229
14018.53
	
1227
14019.10
	
1231
14019.10
	
1229
14020.63
	
1227
14020.63
	
1223
14022.79
	
1225
14022.79
	
1220
14021.16
	
1231
14021.16
	
1223
14022.69
	
1215
14022.69
	
1229
14021.41
	
1228
14021.41
	
1232
14022.83
	
1229
14022.83
	
1229
14021.77
	
1226
14021.77
	
1227
14023.89
	
1230
14023.89
	
1228
14021.23
	
1231
14021.23
	
1226
14023.34
	
1227
14023.34
	
1227
14022.68
	
1225
14022.68
	
1225
14023.57
	
1226
14023.57
	
1219
14023.93
	
1228
14023.93
	
1229
14023.58
	
1229
14023.58
	
1232
14022.43
	
1219
14022.43
	
1230
14023.54
	
1232
14023.54
	
1227
14022.57
	
1228
14023.39
	
1229
14023.39
	
1232
14036.21
	
1270
14036.21
	
1271
14045.36
	
1287
14045.36
	
1293
14041.74
	
1298
14041.74
	
1299
14025.28
	
1306
14025.28
	
1298
14018.10
	
1302
14018.10
	
1299
14017.30
	
1298
14017.30
	
1343
14012.13
	
1306
14012.13
	
1298
14000.27
	
1295
14000.27
	
1296
13963.38
	
1248
13963.38
	
1249
13981.47
	
1217
13981.47
	
1231
14009.30
	
1228
14009.30
	
1232
14017.52
	
1231
14017.52
	
1229
14019.73
	
1228
14019.73
	
1231
14021.04
	
1229
14021.04
	
1229
14022.40
	
1217
14022.40
	
1227
14021.69
	
1216
14021.69
	
1221
14021.86
	
1223
14021.86
	
1229
14023.49
	
1227
14023.49
	
1227
14021.34
	
1227
14021.34
	
1229
14023.13
	
1231
14023.13
	
1226
14022.09
	
1227
14022.09
	
1227
14020.27
	
1220
14020.27
	
1229
14023.72
	
1219
14023.72
	
1227
14023.09
	
1227
14023.09
	
1226
14023.54
	
1227
14023.54
	
1229
14022.53
	
1227
14023.97
	
1249
14023.97
	
1257
14042.92
	
1281
14042.92
	
1283
14047.40
	
1294
14047.40
	
1296
14036.50
	
1299
14036.50
	
1300
14022.62
	
1300
14022.62
	
1301
14016.55
	
1297
14016.55
	
1149
14013.20
	
1307
14013.20
	
1300
14013.54
	
1317
14013.54
	
1323
13991.01
	
1289
13991.01
	
1290
13962.36
	
1237
13962.36
	
1237
13991.85
	
1231
13991.85
	
1230
14013.78
	
1230
14013.78
	
1230
14018.85
	
1232
14018.85
	
1227
14020.54
	
1227
14020.54
	
1216
14022.61
	
1231
14022.61
	
1232
14023.00
	
1230
14023.00
	
1227
14023.53
	
1227
14023.53
	
1230
14023.44
	
1231
14023.44
	
1226
14024.24
	
1229
14024.24
	
1228
14023.99
	
1227
14023.99
	
1232
14023.92
	
1230
14023.92
	
1227
14024.13
	
1230
14024.13
	
1228
14024.20
	
1232
14024.20
	
1226
14025.48
	
1228
14025.48
	
1227
14024.84
	
1226
14024.84
	
1231
14024.14
	
1228
14024.14
	
1225
14023.74
	
1216
14027.13
	
1266
14027.13
	
1270
14046.21
	
1280
14046.21
	
1280
14047.04
	
1293
14047.04
	
1306
14031.24
	
1301
14031.24
	
1296
14020.47
	
1301
14020.47
	
1345
14012.92
	
1298
14012.92
	
1298
14013.89
	
1309
14013.89
	
1333
13986.50
	
1277
13986.50
	
1276
13962.90
	
1242
